placar_casa,placar_visitante,data,round,stage,ano,equipe_casa,equipe_visitante,resultado,Pts_casa,3P_casa,2P_casa,LL_casa,RT_casa,RO_casa,RD_casa,AS_casa,ER_casa,IA%_casa,3PC_casa,3PT_casa,3P%_casa,2PC_casa,2PT_casa,2P%_casa,LLC_casa,LLT_casa,LL%_casa,EN_casa,BR_casa,B/E_casa,TO_casa,FC_casa,T/FC_casa,ET_casa,VI_casa,EF_casa,Pts_visitante,3P_visitante,2P_visitante,LL_visitante,RT_visitante,RO_visitante,RD_visitante,AS_visitante,ER_visitante,IA%_visitante,3PC_visitante,3PT_visitante,3P%_visitante,2PC_visitante,2PT_visitante,2P%_visitante,LLC_visitante,LLT_visitante,LL%_visitante,EN_visitante,BR_visitante,B/E_visitante,TO_visitante,FC_visitante,T/FC_visitante,ET_visitante,VI_visitante,EF_visitante
73,85,2022-10-15,1,1,2022-2023,Minas,Flamengo,0,0.0,0.0,0.0,0.0,0.0,0.0,0.0,0.0,0.0,0.0,0.0,0.0,0.0,0.0,0.0,0.0,0.0,0.0,0.0,0.0,0.0,0.0,0.0,0.0,0.0,0.0,0.0,0.0,0.0,0.0,0.0,0.0,0.0,0.0,0.0,0.0,0.0,0.0,0.0,0.0,0.0,0.0,0.0,0.0,0.0,0.0,0.0,0.0,0.0,0.0,0.0,0.0,0.0,0.0,0.0,0.0
90,79,2022-10-15,1,1,2022-2023,UNIFACISA,Cerrado,1,0.0,0.0,0.0,0.0,0.0,0.0,0.0,0.0,0.0,0.0,0.0,0.0,0.0,0.0,0.0,0.0,0.0,0.0,0.0,0.0,0.0,0.0,0.0,0.0,0.0,0.0,0.0,0.0,0.0,0.0,0.0,0.0,0.0,0.0,0.0,0.0,0.0,0.0,0.0,0.0,0.0,0.0,0.0,0.0,0.0,0.0,0.0,0.0,0.0,0.0,0.0,0.0,0.0,0.0,0.0,0.0
93,88,2022-10-15,1,1,2022-2023,Rio Claro,Paulistano,1,0.0,0.0,0.0,0.0,0.0,0.0,0.0,0.0,0.0,0.0,0.0,0.0,0.0,0.0,0.0,0.0,0.0,0.0,0.0,0.0,0.0,0.0,0.0,0.0,0.0,0.0,0.0,0.0,0.0,0.0,0.0,0.0,0.0,0.0,0.0,0.0,0.0,0.0,0.0,0.0,0.0,0.0,0.0,0.0,0.0,0.0,0.0,0.0,0.0,0.0,0.0,0.0,0.0,0.0,0.0,0.0
82,77,2022-10-15,1,1,2022-2023,Corinthians,Coop/São José Basketball,1,0.0,0.0,0.0,0.0,0.0,0.0,0.0,0.0,0.0,0.0,0.0,0.0,0.0,0.0,0.0,0.0,0.0,0.0,0.0,0.0,0.0,0.0,0.0,0.0,0.0,0.0,0.0,0.0,0.0,0.0,0.0,0.0,0.0,0.0,0.0,0.0,0.0,0.0,0.0,0.0,0.0,0.0,0.0,0.0,0.0,0.0,0.0,0.0,0.0,0.0,0.0,0.0,0.0,0.0,0.0,0.0
61,71,2022-10-17,2,1,2022-2023,Pato Basquete,Coop/São José Basketball,0,0.0,0.0,0.0,0.0,0.0,0.0,0.0,0.0,0.0,0.0,0.0,0.0,0.0,0.0,0.0,0.0,0.0,0.0,0.0,0.0,0.0,0.0,0.0,0.0,0.0,0.0,0.0,0.0,77.0,27.0,36.0,14.0,38.0,12.0,26.0,20.0,16.0,1.25,9.0,35.0,25.71,18.0,28.0,64.29,14.0,20.0,70.0,1.0,7.0,0.44,0.0,18.0,0.0,16.0,7.0,84.0
84,71,2022-10-17,2,1,2022-2023,UNIFACISA,BRB/Brasília,1,90.0,18.0,60.0,12.0,40.0,8.0,32.0,24.0,19.0,1.26,6.0,16.0,37.5,30.0,43.0,69.77,12.0,18.0,66.67,3.0,7.0,0.37,2.0,20.0,0.1,19.0,6.0,115.0,0.0,0.0,0.0,0.0,0.0,0.0,0.0,0.0,0.0,0.0,0.0,0.0,0.0,0.0,0.0,0.0,0.0,0.0,0.0,0.0,0.0,0.0,0.0,0.0,0.0,0.0,0.0,0.0
80,86,2022-10-17,2,1,2022-2023,Fortaleza B. C. / CFO,Cerrado,0,0.0,0.0,0.0,0.0,0.0,0.0,0.0,0.0,0.0,0.0,0.0,0.0,0.0,0.0,0.0,0.0,0.0,0.0,0.0,0.0,0.0,0.0,0.0,0.0,0.0,0.0,0.0,0.0,79.0,30.0,34.0,15.0,27.0,9.0,18.0,19.0,12.0,1.58,10.0,34.0,29.41,17.0,29.0,58.62,15.0,22.0,68.18,5.0,9.0,0.75,0.0,16.0,0.0,12.0,1.0,79.0
71,98,2022-10-17,2,1,2022-2023,Rio Claro,São Paulo,0,93.0,21.0,62.0,10.0,32.0,6.0,26.0,18.0,12.0,1.5,7.0,21.0,33.33,31.0,42.0,73.81,10.0,12.0,83.33,6.0,5.0,0.42,4.0,23.0,0.17,12.0,1.0,113.0,0.0,0.0,0.0,0.0,0.0,0.0,0.0,0.0,0.0,0.0,0.0,0.0,0.0,0.0,0.0,0.0,0.0,0.0,0.0,0.0,0.0,0.0,0.0,0.0,0.0,0.0,0.0,0.0
81,72,2022-10-18,2,1,2022-2023,Pinheiros,Minas,1,0.0,0.0,0.0,0.0,0.0,0.0,0.0,0.0,0.0,0.0,0.0,0.0,0.0,0.0,0.0,0.0,0.0,0.0,0.0,0.0,0.0,0.0,0.0,0.0,0.0,0.0,0.0,0.0,73.0,24.0,44.0,5.0,39.0,18.0,21.0,16.0,9.0,1.78,8.0,28.0,28.57,22.0,44.0,50.0,5.0,7.0,71.43,3.0,6.0,0.67,2.0,22.0,0.09,9.0,2.0,83.0
83,62,2022-10-18,2,1,2022-2023,Sesi Franca,Paulistano,1,0.0,0.0,0.0,0.0,0.0,0.0,0.0,0.0,0.0,0.0,0.0,0.0,0.0,0.0,0.0,0.0,0.0,0.0,0.0,0.0,0.0,0.0,0.0,0.0,0.0,0.0,0.0,0.0,88.0,21.0,44.0,23.0,34.0,15.0,19.0,17.0,8.0,2.13,7.0,26.0,26.92,22.0,42.0,52.38,23.0,28.0,82.14,1.0,8.0,1.0,1.0,16.0,0.06,8.0,1.0,96.0
62,75,2022-10-19,2,1,2022-2023,Fortaleza B. C. / CFO,BRB/Brasília,0,71.0,10.5,47.0,13.5,47.0,16.5,30.5,14.0,17.0,0.82,3.5,20.5,17.07,23.5,44.0,53.41,13.5,31.0,43.55,2.0,8.0,0.47,4.0,28.0,0.14,17.0,2.5,72.0,73.0,18.0,43.0,12.0,36.5,7.5,29.0,14.0,11.5,1.22,6.0,26.0,23.08,21.5,36.0,59.72,12.0,21.5,55.81,3.0,5.5,0.48,0.0,22.0,0.0,11.5,0.0,73.5
70,82,2022-10-20,2,1,2022-2023,Corinthians,Flamengo,0,82.0,15.0,52.0,15.0,28.0,4.0,24.0,20.0,12.0,1.67,5.0,20.0,25.0,26.0,39.0,66.67,15.0,21.0,71.43,1.0,7.0,0.58,4.0,18.0,0.22,12.0,4.0,95.0,85.0,39.0,28.0,18.0,36.0,10.0,26.0,22.0,11.0,2.0,13.0,35.0,37.14,14.0,22.0,63.64,18.0,26.0,69.23,1.0,4.0,0.36,3.0,14.0,0.21,11.0,2.0,101.0
72,82,2022-10-20,2,1,2022-2023,Bauru Basket,Minas,0,0.0,0.0,0.0,0.0,0.0,0.0,0.0,0.0,0.0,0.0,0.0,0.0,0.0,0.0,0.0,0.0,0.0,0.0,0.0,0.0,0.0,0.0,0.0,0.0,0.0,0.0,0.0,0.0,75.0,27.75,38.5,8.75,38.0,13.0,25.0,17.5,13.5,1.42,9.25,25.25,37.620000000000005,19.25,38.75,49.625,8.75,10.75,78.82,1.75,5.0,0.445,2.0,20.25,0.1,13.5,3.75,86.5
68,65,2022-10-21,2,1,2022-2023,Caxias do Sul Basquete,União Corinthians,1,0.0,0.0,0.0,0.0,0.0,0.0,0.0,0.0,0.0,0.0,0.0,0.0,0.0,0.0,0.0,0.0,0.0,0.0,0.0,0.0,0.0,0.0,0.0,0.0,0.0,0.0,0.0,0.0,0.0,0.0,0.0,0.0,0.0,0.0,0.0,0.0,0.0,0.0,0.0,0.0,0.0,0.0,0.0,0.0,0.0,0.0,0.0,0.0,0.0,0.0,0.0,0.0,0.0,0.0,0.0,0.0
64,91,2022-10-22,2,1,2022-2023,Pato Basquete,Flamengo,0,62.5,22.5,32.0,8.0,37.5,13.5,24.0,8.0,12.0,0.67,7.5,31.5,23.81,16.0,34.5,46.38,8.0,11.5,69.57,1.0,7.5,0.63,0.5,14.0,0.04,12.0,5.0,58.0,85.75,40.5,29.5,15.75,35.25,9.75,25.5,20.25,12.25,1.685,13.5,35.25,38.29,14.75,23.75,62.21,15.75,21.75,73.185,1.75,4.5,0.365,1.75,16.0,0.12,12.25,2.0,98.5
61,57,2022-10-22,2,1,2022-2023,Corinthians,Paulistano,1,73.75,16.5,44.0,13.25,35.75,8.0,27.75,17.5,16.0,1.21,5.5,21.25,25.835,22.0,36.25,60.2,13.25,18.75,70.565,3.0,5.75,0.40499999999999997,5.5,17.75,0.31,16.0,5.0,86.75,73.75,19.5,38.0,16.25,39.25,18.0,21.25,15.5,7.5,2.065,6.5,27.25,23.985,19.0,48.0,41.005,16.25,20.25,79.07,1.0,8.0,1.0699999999999998,1.5,18.75,0.075,7.5,1.5,76.75
79,93,2022-10-22,2,1,2022-2023,Rio Claro,Sesi Franca,0,84.0,21.75,52.0,10.25,31.75,7.75,24.0,15.25,10.75,1.4100000000000001,7.25,22.0,32.97,26.0,43.25,60.5,10.25,12.5,82.05,4.0,5.5,0.525,2.75,21.0,0.125,10.75,1.5,94.25,88.0,43.5,34.0,10.5,47.5,11.5,36.0,17.0,16.5,1.03,14.5,34.0,42.65,17.0,28.0,60.71,10.5,18.0,58.33,1.0,3.0,0.18,2.5,16.0,0.16,16.5,4.0,103.5
93,95,2022-10-22,2,1,2022-2023,Cerrado,Pinheiros,0,84.25,39.0,30.0,15.25,31.25,10.5,20.75,16.5,13.25,1.275,13.0,38.0,33.755,15.0,27.25,54.8,15.25,22.5,67.785,3.25,9.25,0.7050000000000001,0.75,18.25,0.035,13.25,1.75,84.25,88.0,28.5,40.0,19.5,38.5,12.5,26.0,22.5,12.0,1.88,9.5,27.5,34.55,20.0,40.5,49.38,19.5,22.0,88.64,2.5,7.5,0.63,5.5,14.5,0.38,12.0,0.0,109.0
76,69,2022-10-24,3,1,2022-2023,Paulistano,Pato Basquete,1,69.0,19.0,36.0,14.0,41.0,19.0,22.0,15.0,7.333333333333333,2.0433333333333334,6.333333333333333,27.666666666666668,23.006666666666664,18.0,50.0,37.21333333333333,14.0,17.666666666666668,78.04666666666667,1.0,8.0,1.093333333333333,1.6666666666666667,19.666666666666668,0.08,7.333333333333333,1.6666666666666667,70.33333333333333,62.5,22.5,32.0,8.0,37.5,13.5,24.0,8.0,12.0,0.67,7.5,31.5,23.81,16.0,34.5,46.38,8.0,11.5,69.57,1.0,7.5,0.63,0.5,14.0,0.04,12.0,5.0,58.0
92,94,2022-10-24,3,1,2022-2023,Minas,Sesi Franca,0,75.66666666666667,29.0,36.666666666666664,10.0,37.666666666666664,11.333333333333334,26.333333333333332,18.0,15.0,1.3,9.666666666666666,24.333333333333332,40.63666666666667,18.333333333333332,37.0,49.5,10.0,12.0,81.28333333333332,1.3333333333333333,4.666666666666667,0.37000000000000005,2.0,19.666666666666668,0.10333333333333333,15.0,4.333333333333333,87.66666666666667,88.0,43.5,34.0,10.5,47.5,11.5,36.0,17.0,16.5,1.03,14.5,34.0,42.65,17.0,28.0,60.71,10.5,18.0,58.33,1.0,3.0,0.18,2.5,16.0,0.16,16.5,4.0,103.5
68,71,2022-10-24,3,1,2022-2023,BRB/Brasília,Pinheiros,0,73.0,18.0,43.0,12.0,36.5,7.5,29.0,14.0,11.5,1.22,6.0,26.0,23.08,21.5,36.0,59.72,12.0,21.5,55.81,3.0,5.5,0.48,0.0,22.0,0.0,11.5,0.0,73.5,88.0,28.5,40.0,19.5,38.5,12.5,26.0,22.5,12.0,1.88,9.5,27.5,34.55,20.0,40.5,49.38,19.5,22.0,88.64,2.5,7.5,0.63,5.5,14.5,0.38,12.0,0.0,109.0
80,60,2022-10-25,3,1,2022-2023,Flamengo,Fortaleza B. C. / CFO,1,86.0,41.0,30.0,15.0,35.0,9.666666666666666,25.333333333333332,19.666666666666668,12.666666666666666,1.58,13.666666666666666,35.333333333333336,38.67333333333333,15.0,24.333333333333332,61.73333333333333,15.0,20.333333333333332,74.50333333333333,2.0,4.666666666666667,0.3666666666666667,1.3333333333333333,16.666666666666668,0.09000000000000001,12.666666666666666,2.0,97.66666666666667,71.0,10.5,47.0,13.5,47.0,16.5,30.5,14.0,17.0,0.82,3.5,20.5,17.07,23.5,44.0,53.41,13.5,31.0,43.55,2.0,8.0,0.47,4.0,28.0,0.14,17.0,2.5,72.0
98,77,2022-10-25,3,1,2022-2023,Corinthians,Rio Claro,1,71.0,17.0,41.333333333333336,12.666666666666666,38.333333333333336,9.333333333333334,29.0,16.666666666666668,17.333333333333332,1.0566666666666666,5.666666666666667,21.666666666666668,26.113333333333333,20.666666666666668,35.333333333333336,58.04333333333333,12.666666666666666,18.0,70.27666666666666,3.6666666666666665,5.333333333333333,0.3466666666666667,6.0,17.666666666666668,0.34,17.333333333333332,5.333333333333333,84.0,81.0,22.0,48.666666666666664,10.333333333333334,31.666666666666668,8.333333333333334,23.333333333333332,14.333333333333334,10.333333333333334,1.3800000000000001,7.333333333333333,22.333333333333332,32.85,24.333333333333332,43.666666666666664,56.06333333333333,10.333333333333334,12.666666666666666,81.62333333333333,3.3333333333333335,5.666666666666667,0.56,2.3333333333333335,20.333333333333332,0.11,10.333333333333334,1.6666666666666667,88.0
66,86,2022-10-26,3,1,2022-2023,BRB/Brasília,Bauru Basket,0,71.0,20.5,37.0,13.5,37.0,8.5,28.5,14.0,12.166666666666666,1.16,6.833333333333333,27.5,24.676666666666666,18.5,33.5,54.43333333333334,13.5,22.166666666666668,60.60999999999999,2.3333333333333335,5.5,0.4566666666666666,0.0,22.0,0.0,12.166666666666666,1.1666666666666667,71.0,72.0,24.0,42.0,6.0,38.0,15.0,23.0,16.0,6.0,2.67,8.0,31.0,25.81,21.0,41.0,51.22,6.0,13.0,46.15,2.0,4.0,0.67,2.0,16.0,0.13,6.0,2.0,76.0
91,53,2022-10-27,3,1,2022-2023,Flamengo,UNIFACISA,1,85.875,41.625,30.5,13.75,39.875,11.5,28.375,21.125,12.875,1.6575,13.875,36.25,38.3,15.25,25.75,59.63249999999999,13.75,19.5,70.5825,2.125,5.125,0.395,1.75,16.375,0.115,12.875,1.875,102.25,87.0,28.5,51.0,7.5,37.0,7.5,29.5,23.0,15.5,1.545,9.5,20.5,44.75,25.5,41.0,61.81,7.5,12.5,54.765,3.5,6.0,0.395,1.0,19.0,0.05,15.5,4.5,107.0
83,74,2022-10-27,3,1,2022-2023,Coop/São José Basketball,Fortaleza B. C. / CFO,1,74.0,30.0,34.0,10.0,41.5,13.0,28.5,18.5,14.5,1.28,10.0,33.5,30.045,17.0,31.0,55.675000000000004,10.0,14.5,68.33500000000001,1.0,7.5,0.53,0.5,16.0,0.035,14.5,4.5,85.5,69.66666666666667,13.5,44.333333333333336,11.833333333333334,45.166666666666664,15.333333333333334,29.833333333333332,13.333333333333334,14.333333333333334,0.9899999999999999,4.5,23.0,19.116666666666667,22.166666666666668,43.833333333333336,50.54999999999999,11.833333333333334,26.5,45.22333333333333,1.6666666666666667,7.666666666666667,0.5733333333333334,3.0,24.833333333333332,0.11,14.333333333333334,1.8333333333333333,69.66666666666667
99,90,2022-10-27,3,1,2022-2023,São Paulo,Pato Basquete,1,98.0,51.0,40.0,7.0,33.0,8.0,25.0,20.0,9.0,2.22,17.0,33.0,51.52,20.0,33.0,60.61,7.0,8.0,87.5,1.0,6.0,0.67,0.0,13.0,0.0,9.0,1.0,118.0,68.16666666666667,24.0,35.0,9.166666666666666,36.333333333333336,12.0,24.333333333333332,10.0,12.666666666666666,0.7799999999999999,8.0,31.5,25.396666666666665,17.5,36.333333333333336,48.00333333333333,9.166666666666666,14.666666666666666,64.63333333333333,0.6666666666666666,10.333333333333334,0.7999999999999999,0.8333333333333334,16.333333333333332,0.05000000000000001,12.666666666666666,4.666666666666667,65.16666666666667
87,81,2022-10-28,3,1,2022-2023,Minas,Caxias do Sul Basquete,1,79.125,29.625,39.0,10.5,38.0,11.0,27.0,18.625,14.875,1.3275,9.875,24.875,40.3825,19.5,37.75,51.5,10.5,13.125,79.145,1.75,5.75,0.4325,1.875,19.625,0.0975,14.875,4.625,92.625,68.0,15.0,40.0,13.0,43.0,10.0,33.0,10.0,14.0,0.71,5.0,24.0,20.83,20.0,39.0,51.28,13.0,16.0,81.25,0.0,6.0,0.43,4.0,19.0,0.21,14.0,2.0,76.0
69,80,2022-10-28,3,1,2022-2023,Cerrado,Bauru Basket,0,86.0,42.0,28.666666666666668,15.333333333333334,32.666666666666664,11.0,21.666666666666668,15.666666666666666,13.666666666666666,1.1733333333333331,14.0,39.333333333333336,35.20333333333334,14.333333333333334,26.666666666666668,53.526666666666664,15.333333333333334,22.666666666666668,67.65333333333332,2.6666666666666665,9.333333333333334,0.6900000000000001,1.0,19.0,0.04666666666666667,13.666666666666666,2.0,86.0,77.5,23.25,43.0,11.25,37.75,14.25,23.5,16.5,6.25,2.645,7.75,28.25,27.61,21.5,42.0,51.19,11.25,17.0,62.36,2.25,5.5,0.875,1.25,17.75,0.08,6.25,1.25,85.5
82,69,2022-10-29,3,1,2022-2023,Sesi Franca,São Paulo,1,88.0,41.0,34.666666666666664,12.333333333333334,45.833333333333336,11.0,34.833333333333336,17.666666666666668,16.666666666666668,1.06,13.666666666666666,33.0,41.336666666666666,17.333333333333332,29.166666666666668,59.52,12.333333333333334,19.5,62.589999999999996,0.8333333333333334,3.1666666666666665,0.18999999999999997,2.1666666666666665,15.0,0.14666666666666667,16.666666666666668,3.5,101.83333333333333,91.0,41.25,39.0,10.75,33.25,6.75,26.5,18.25,11.75,1.6800000000000002,13.75,32.75,41.915000000000006,19.5,32.5,59.995000000000005,10.75,13.25,82.94,0.5,7.75,0.665,1.0,15.25,0.055,11.75,1.25,105.0
62,71,2022-10-29,3,1,2022-2023,Coop/São José Basketball,UNIFACISA,0,73.5,32.5,31.666666666666668,9.333333333333334,40.0,11.0,29.0,18.333333333333332,13.166666666666666,1.4233333333333331,10.833333333333334,33.833333333333336,32.10666666666666,15.833333333333334,29.833333333333332,53.48,9.333333333333334,12.833333333333334,73.62666666666667,0.8333333333333334,6.833333333333333,0.5266666666666667,1.0,16.666666666666668,0.06,13.166666666666666,3.3333333333333335,86.0,78.66666666666667,25.0,45.333333333333336,8.333333333333334,36.0,7.666666666666667,28.333333333333332,18.666666666666668,14.0,1.3333333333333333,8.333333333333334,20.333333333333332,39.833333333333336,22.666666666666668,41.166666666666664,54.86000000000001,8.333333333333334,12.666666666666666,62.15,2.6666666666666665,6.0,0.4466666666666667,1.1666666666666667,19.166666666666668,0.06,14.0,3.6666666666666665,91.66666666666667
61,59,2022-10-31,4,1,2022-2023,Pato Basquete,Rio Claro,1,71.0,24.75,36.5,9.75,35.75,11.25,24.5,11.0,13.0,0.835,8.25,31.5,26.189999999999998,18.25,37.25,48.815,9.75,16.25,62.16499999999999,0.5,11.75,0.885,1.0,17.5,0.05500000000000001,13.0,4.5,68.75,80.0,17.25,49.0,13.75,34.75,12.0,22.75,13.5,10.0,1.34,5.75,19.75,26.72,24.5,48.0,52.2925,13.75,17.75,79.4,2.75,6.0,0.615,2.5,21.25,0.115,10.0,1.75,85.25
72,74,2022-11-01,4,1,2022-2023,União Corinthians,BRB/Brasília,0,65.0,33.0,24.0,8.0,33.0,5.0,28.0,13.0,16.0,0.81,11.0,24.0,45.83,12.0,36.0,33.33,8.0,10.0,80.0,1.0,7.0,0.44,2.0,19.0,0.11,16.0,1.0,65.0,70.0,21.75,34.0,14.25,37.25,9.0,28.25,14.0,12.5,1.13,7.25,28.25,25.475,17.0,32.25,51.790000000000006,14.25,22.5,63.00999999999999,2.0,5.5,0.44499999999999995,0.0,22.0,0.0,12.5,1.75,69.75
82,77,2022-11-01,4,1,2022-2023,Bauru Basket,Flamengo,1,79.33333333333333,23.0,43.333333333333336,13.0,37.666666666666664,14.0,23.666666666666668,16.666666666666668,6.333333333333333,2.6366666666666667,7.666666666666667,27.333333333333332,28.209999999999997,21.666666666666668,42.333333333333336,51.18,13.0,18.333333333333332,67.76333333333334,2.3333333333333335,6.0,0.9433333333333334,1.0,18.333333333333332,0.06333333333333334,6.333333333333333,1.0,88.66666666666667,85.8,42.0,30.8,13.0,42.8,12.6,30.2,22.0,13.0,1.704,14.0,36.8,38.076,15.4,26.6,58.37199999999999,13.0,19.0,68.22999999999999,2.2,5.4,0.41200000000000003,2.0,16.2,0.13,13.0,1.8,105.0
76,72,2022-11-01,4,1,2022-2023,São Paulo,Pinheiros,1,88.66666666666667,38.0,38.666666666666664,12.0,33.333333333333336,6.333333333333333,27.0,17.666666666666668,12.666666666666666,1.5,12.666666666666666,32.666666666666664,38.71333333333334,19.333333333333332,32.333333333333336,59.79,12.0,15.0,81.42,0.3333333333333333,8.333333333333334,0.6633333333333334,1.3333333333333333,16.0,0.07333333333333333,12.666666666666666,1.3333333333333333,100.66666666666667,82.33333333333333,24.0,39.333333333333336,19.0,44.666666666666664,15.333333333333334,29.333333333333332,18.666666666666668,11.333333333333334,1.6199999999999999,8.0,29.0,28.24333333333333,19.666666666666668,42.0,46.99333333333334,19.0,22.666666666666668,84.09333333333333,1.6666666666666667,7.333333333333333,0.6533333333333333,4.666666666666667,18.0,0.29333333333333333,11.333333333333334,0.6666666666666666,99.33333333333333
55,78,2022-11-02,4,1,2022-2023,Fortaleza B. C. / CFO,Paulistano,0,69.0,15.0,43.0,11.0,44.25,14.75,29.5,13.0,13.0,1.075,5.0,24.25,20.14,21.5,43.75,49.11999999999999,11.0,24.25,46.059999999999995,1.5,7.5,0.625,2.5,23.25,0.095,13.0,1.5,68.5,70.75,21.0,36.5,13.25,41.75,16.25,25.5,17.25,11.25,1.7925,7.0,26.5,27.0375,18.25,46.5,41.105000000000004,13.25,17.0,76.86749999999999,1.5,7.75,0.8949999999999998,2.0,19.25,0.10250000000000001,11.25,2.0,76.75
65,74,2022-11-03,4,1,2022-2023,Pinheiros,Flamengo,0,78.875,23.625,38.75,16.5,44.75,14.75,30.0,18.75,12.375,1.5225,7.875,28.0,28.682499999999997,19.375,41.625,46.665000000000006,16.5,20.875,77.58500000000001,1.375,7.0,0.5875,4.375,18.125,0.2675,12.375,1.25,94.625,83.9,40.8,31.6,11.5,44.4,12.9,31.5,20.5,13.8,1.4979999999999998,13.6,36.2,37.524,15.8,29.0,55.056,11.5,16.5,69.94000000000001,2.1,5.5,0.4,2.2,17.2,0.13,13.8,2.2,101.9
82,85,2022-11-03,4,1,2022-2023,Corinthians,Sesi Franca,0,77.75,21.0,42.5,14.25,38.75,10.0,28.75,18.0,16.0,1.25,7.0,23.5,29.067500000000003,21.25,35.5,59.504999999999995,14.25,19.25,73.36,4.0,5.25,0.365,5.5,19.0,0.2975,16.0,4.25,93.5,88.0,39.75,35.0,13.25,45.0,10.75,34.25,18.0,16.75,1.0750000000000002,13.25,32.5,40.68,17.5,29.75,58.925,13.25,20.25,64.72,0.75,3.25,0.19499999999999998,2.0,14.5,0.14,16.75,3.25,101.0
92,81,2022-11-03,4,1,2022-2023,União Corinthians,Cerrado,1,72.33500000000001,39.5,25.665,7.165,33.0,7.835,25.165,16.5,13.0,1.405,13.165,31.835,42.245,12.835,32.665,39.96,7.165,9.165,78.0,1.0,6.5,0.52,1.5,19.0,0.08,13.0,1.665,76.33500000000001,81.75,37.5,28.5,15.75,35.0,10.75,24.25,13.75,15.0,0.9849999999999999,12.5,37.75,32.462500000000006,14.25,25.75,55.3625,15.75,22.5,70.05749999999999,2.5,7.75,0.5575000000000001,2.75,19.0,0.14,15.0,3.75,82.5
86,76,2022-11-03,4,1,2022-2023,Caxias do Sul Basquete,BRB/Brasília,1,74.5,21.0,38.0,15.5,36.0,11.0,25.0,12.0,11.5,1.135,7.0,26.0,26.485,19.0,38.5,49.325,15.5,21.0,75.24000000000001,0.0,5.5,0.495,2.5,18.0,0.135,11.5,1.5,75.0,71.0,23.4,33.6,14.0,36.6,8.7,27.9,13.8,13.6,1.0479999999999998,7.8,27.6,28.380000000000003,16.8,32.0,51.754000000000005,14.0,21.6,64.852,1.7,5.4,0.4119999999999999,0.0,21.7,0.0,13.6,2.4,70.6
94,76,2022-11-03,4,1,2022-2023,Bauru Basket,Coop/São José Basketball,1,81.5,26.25,42.0,13.25,36.75,12.75,24.0,17.0,7.25,2.4275,8.75,27.875,31.3275,21.0,40.375,52.152499999999996,13.25,18.625,68.77,2.25,6.625,0.92,1.375,18.75,0.08,7.25,1.25,92.125,73.25,33.75,30.5,9.0,39.25,10.0,29.25,18.25,12.5,1.4949999999999999,11.25,34.0,33.137499999999996,15.25,29.25,52.3825,9.0,12.0,76.2725,0.75,6.5,0.525,1.25,17.0,0.0725,12.5,2.75,86.25
61,72,2022-11-04,4,1,2022-2023,UNIFACISA,Paulistano,0,74.5,23.25,42.5,8.75,35.5,7.75,27.75,16.5,13.25,1.2275,7.75,20.25,37.375,21.25,41.25,51.385000000000005,8.75,12.75,65.8425,2.25,6.0,0.47250000000000003,1.25,19.25,0.065,13.25,3.25,84.0,71.6,21.6,36.6,13.4,41.7,15.6,26.1,16.7,11.6,1.658,7.2,26.9,27.244,18.3,44.5,43.02,13.4,17.6,75.494,1.3,8.1,0.8619999999999998,2.1,18.8,0.11200000000000002,11.6,1.9,78.5
78,72,2022-11-05,4,1,2022-2023,São Paulo,Corinthians,1,85.75,36.375,37.25,12.125,33.0,7.125,25.875,17.75,12.75,1.47,12.125,32.125,37.642500000000005,18.625,32.0,58.15,12.125,15.75,78.425,0.25,8.375,0.66,1.125,17.5,0.06,12.75,1.375,96.25,77.6,21.3,41.6,14.7,37.7,9.5,28.2,17.3,15.7,1.2,7.1,23.7,29.375999999999998,20.8,35.5,58.30799999999999,14.7,19.4,75.188,3.9,5.9,0.41,5.1,19.0,0.27399999999999997,15.7,4.0,91.9
82,67,2022-11-05,4,1,2022-2023,Caxias do Sul Basquete,Cerrado,1,77.66666666666667,22.5,41.333333333333336,13.833333333333334,36.833333333333336,11.666666666666666,25.166666666666668,13.833333333333334,12.166666666666666,1.1900000000000002,7.5,25.833333333333332,28.766666666666666,20.666666666666668,39.5,52.160000000000004,13.833333333333334,18.666666666666668,75.16000000000001,0.3333333333333333,6.833333333333333,0.5633333333333334,2.6666666666666665,18.0,0.1466666666666667,12.166666666666666,1.8333333333333333,83.66666666666667,80.2,36.9,28.4,14.9,35.1,11.1,24.0,14.1,15.0,0.994,12.3,37.2,32.54200000000001,14.2,26.2,54.29,14.9,21.1,70.88399999999999,2.2,7.3,0.5200000000000001,2.4,17.3,0.132,15.0,3.4,81.0
81,75,2022-11-05,4,1,2022-2023,Minas,União Corinthians,1,81.2,30.0,40.4,10.8,38.2,10.8,27.4,19.0,14.8,1.3439999999999999,10.0,25.2,40.230000000000004,20.2,38.2,52.7,10.8,13.8,77.862,2.0,6.4,0.47000000000000003,1.8,19.6,0.094,14.8,4.8,95.6,74.78000000000002,41.666666666666664,26.22,6.886666666666667,33.0,8.78,24.22,17.666666666666668,12.0,1.6033333333333335,13.886666666666665,34.446666666666665,41.05,13.113333333333335,31.55333333333333,42.17,6.886666666666667,8.886666666666665,77.33333333333333,1.0,6.333333333333333,0.5466666666666667,1.3333333333333333,19.0,0.07,12.0,1.8866666666666667,80.11333333333334
70,94,2022-11-05,4,1,2022-2023,Pato Basquete,Sesi Franca,0,69.9,24.6,35.4,9.9,34.8,10.3,24.5,11.4,13.3,0.8480000000000001,8.2,30.1,27.482,17.7,36.4,48.446,9.9,16.4,62.08399999999999,0.8,10.7,0.798,0.8,18.1,0.044000000000000004,13.3,4.3,67.2,88.3,38.1,36.2,14.0,44.6,11.4,33.2,19.1,15.5,1.3080000000000003,12.7,32.4,39.106,18.1,31.1,58.372,14.0,20.5,67.59,1.0,3.9,0.27999999999999997,2.0,15.1,0.134,15.5,2.9,103.2
57,72,2022-11-15,5,1,2022-2023,Rio Claro,Fortaleza B. C. / CFO,0,75.8,16.2,46.8,12.8,35.6,11.4,24.2,13.0,11.8,1.1880000000000002,5.4,18.6,27.089999999999996,23.4,47.0,50.672,12.8,18.0,72.994,2.4,6.2,0.5660000000000001,2.2,20.6,0.10400000000000001,11.8,2.4,79.0,66.2,14.4,40.4,11.4,44.2,14.6,29.6,12.2,13.8,0.966,4.8,24.2,19.446,20.2,43.2,46.61399999999999,11.4,22.4,54.181999999999995,1.8,7.2,0.5700000000000001,2.8,21.6,0.13,13.8,1.8,65.4
62,76,2022-11-17,5,1,2022-2023,Paulistano,Pinheiros,0,69.0,22.2,35.2,11.6,43.2,15.2,28.0,16.2,12.6,1.456,7.4,27.4,27.474,17.6,43.4,42.68,11.6,16.0,73.066,1.2,8.4,0.8079999999999998,2.4,19.0,0.13,12.6,2.0,76.4,76.8,23.4,38.4,15.0,44.8,14.4,30.4,18.8,13.0,1.464,7.8,27.4,28.945999999999998,19.2,41.4,46.468,15.0,19.8,73.68,1.2,6.8,0.548,4.2,18.2,0.252,13.0,1.6,91.8
104,80,2022-11-17,5,1,2022-2023,Rio Claro,UNIFACISA,1,73.3,18.3,41.6,13.4,36.3,12.0,24.3,12.6,11.1,1.264,6.1,21.1,26.692,20.8,45.6,46.196,13.4,19.2,70.772,1.8,6.8,0.67,1.7,20.2,0.084,11.1,2.3,74.0,71.8,22.8,40.8,8.2,34.8,8.0,26.8,15.0,14.4,1.076,7.6,20.4,36.565999999999995,20.4,40.4,50.298,8.2,11.4,72.674,1.8,6.4,0.462,1.2,20.4,0.06,14.4,3.6,78.8
82,73,2022-11-17,5,1,2022-2023,São Paulo,Bauru Basket,1,84.0,35.4,36.4,12.2,32.8,7.6,25.2,17.8,12.8,1.452,11.8,31.8,37.00000000000001,18.2,31.8,57.166,12.2,16.2,76.628,0.2,8.4,0.658,1.0,18.4,0.052000000000000005,12.8,1.4,93.6,82.8,28.2,41.2,13.4,36.2,12.0,24.2,17.2,7.8,2.3020000000000005,9.4,28.2,33.198,20.6,39.2,52.736000000000004,13.4,18.8,69.374,2.2,7.0,0.906,1.6,19.0,0.09,7.8,1.4,94.2
78,73,2022-11-17,5,1,2022-2023,Coop/São José Basketball,Caxias do Sul Basquete,1,73.8,30.6,33.2,10.0,37.0,9.8,27.2,18.8,12.8,1.496,10.2,31.2,32.51,16.6,30.8,53.798,10.0,13.4,75.75399999999999,0.8,7.2,0.562,1.6,17.0,0.094,12.8,3.0,87.0,79.25,23.25,43.0,13.0,37.25,12.0,25.25,14.75,12.5,1.2175,7.75,25.75,29.9075,21.5,40.0,53.5775,13.0,17.5,75.12,0.5,7.5,0.5974999999999999,2.75,18.0,0.15250000000000002,12.5,2.0,88.0
102,112,2022-11-17,5,1,2022-2023,Cerrado,Minas,0,79.2,37.8,27.2,14.2,36.8,11.8,25.0,13.4,15.6,0.884,12.6,37.4,33.232000000000006,13.6,26.0,52.565999999999995,14.2,19.8,72.086,1.4,6.6,0.44400000000000006,2.6,16.2,0.152,15.6,3.6,80.2,82.8,30.6,40.4,11.8,38.0,9.0,29.0,19.8,15.4,1.322,10.2,24.2,42.342,20.2,36.8,54.592,11.8,15.0,78.96000000000001,1.4,6.2,0.42000000000000004,1.8,17.6,0.11000000000000001,15.4,4.6,99.4
78,62,2022-11-17,5,1,2022-2023,Sesi Franca,Fortaleza B. C. / CFO,1,88.6,35.7,37.6,15.3,43.7,11.9,31.8,20.4,14.3,1.5500000000000003,11.9,32.0,37.138,18.8,32.8,57.462,15.3,21.2,71.738,1.2,4.6,0.368,1.9,15.4,0.124,14.3,2.4,104.9,65.4,18.3,37.4,9.7,43.3,13.5,29.8,12.3,13.5,0.9899999999999999,6.1,25.7,23.174,18.7,42.0,44.354,9.7,18.3,54.996,1.7,7.0,0.5660000000000001,2.3,20.1,0.11600000000000002,13.5,2.1,65.3
68,96,2022-11-18,5,1,2022-2023,Pato Basquete,Corinthians,0,70.5,24.9,35.2,10.4,33.5,8.9,24.6,12.4,13.8,0.8939999999999999,8.3,28.7,29.25,17.6,36.1,48.564,10.4,17.5,60.52199999999999,1.0,10.5,0.7620000000000001,0.7,19.4,0.036000000000000004,13.8,4.0,67.8,76.6,22.8,38.8,15.0,38.8,10.2,28.6,16.2,16.2,1.066,7.6,24.6,30.498,19.4,34.8,55.678,15.0,19.2,77.402,4.4,6.2,0.41200000000000003,5.0,19.2,0.266,16.2,3.8,90.0
80,69,2022-11-19,5,1,2022-2023,Flamengo,Caxias do Sul Basquete,1,81.7,39.0,31.8,10.9,46.3,13.3,33.0,19.7,14.1,1.4179999999999997,13.0,35.5,36.512,15.9,30.7,52.312,10.9,15.7,70.06800000000001,1.7,5.4,0.386,2.9,17.4,0.16599999999999998,14.1,2.6,99.8,77.6,24.6,40.2,12.8,36.6,11.4,25.2,14.0,12.1,1.184,8.2,26.3,30.944,20.1,38.9,51.26800000000001,12.8,17.2,75.096,0.5,7.8,0.6499999999999999,2.6,18.8,0.14,12.1,1.8,85.2
103,84,2022-11-19,5,1,2022-2023,Coop/São José Basketball,União Corinthians,1,76.5,30.9,35.8,9.8,37.0,9.0,28.0,19.6,12.2,1.616,10.3,29.4,34.676,17.9,32.6,54.184000000000005,9.8,12.9,76.612,1.2,6.5,0.528,2.2,16.9,0.128,12.2,2.1,92.7,76.00250000000001,42.75,26.4975,6.7475000000000005,33.0,9.2525,23.7475,18.25,11.5,1.7025000000000001,14.247499999999999,35.7525,40.4525,13.252500000000001,30.9975,43.275000000000006,6.7475000000000005,8.747499999999999,77.0,1.0,6.25,0.56,1.25,19.0,0.065,11.5,1.9975,82.00250000000001
71,68,2022-11-19,5,1,2022-2023,Paulistano,Bauru Basket,1,70.4,22.8,36.6,11.0,43.1,15.1,28.0,16.0,13.3,1.304,7.6,28.2,27.571999999999996,18.3,41.6,45.42,11.0,15.7,69.684,1.3,8.8,0.7699999999999999,2.8,18.4,0.156,13.3,1.6,79.2,82.5,29.4,39.4,13.7,36.0,11.5,24.5,17.2,9.6,1.982,9.8,28.8,33.918,19.7,37.2,53.138,13.7,18.3,74.43,2.2,7.1,0.8320000000000001,1.8,18.7,0.10600000000000001,9.6,1.7,93.9
74,94,2022-11-19,5,1,2022-2023,BRB/Brasília,Minas,0,71.4,25.8,31.4,14.2,36.1,8.7,27.4,13.6,14.9,0.9479999999999998,8.6,27.4,31.764,15.7,31.0,50.132000000000005,14.2,20.9,68.13399999999999,1.2,5.3,0.372,0.0,21.4,0.0,14.9,3.4,70.7,88.0,30.6,45.2,12.2,40.5,9.7,30.8,19.9,15.4,1.326,10.2,25.5,40.25,22.6,38.6,58.153999999999996,12.2,15.5,78.77600000000001,1.9,6.7,0.44799999999999995,1.8,18.1,0.10800000000000001,15.4,4.2,106.9
106,94,2022-11-19,5,1,2022-2023,Sesi Franca,UNIFACISA,1,89.4,33.9,38.0,17.5,42.3,11.1,31.2,19.6,13.5,1.552,11.3,30.3,37.628,19.0,33.1,57.524,17.5,23.5,74.648,1.3,5.2,0.42800000000000005,1.9,15.4,0.124,13.5,2.0,105.8,71.2,26.7,35.6,8.9,34.0,8.9,25.1,12.7,12.9,1.042,8.9,23.6,36.878,17.8,39.1,45.660000000000004,8.9,12.1,73.758,1.3,6.2,0.492,1.1,21.5,0.052000000000000005,12.9,2.9,73.1
80,60,2022-11-21,6,1,2022-2023,Fortaleza B. C. / CFO,Pato Basquete,1,64.6,22.2,34.4,8.0,42.4,12.4,30.0,12.4,13.2,1.014,7.4,27.2,26.902000000000005,17.2,40.8,42.09400000000001,8.0,14.2,55.81,1.6,6.8,0.562,1.8,18.6,0.10200000000000001,13.2,2.4,65.2,71.6,24.6,35.2,11.8,32.2,7.8,24.4,13.0,13.2,1.004,8.2,28.4,29.153999999999996,17.6,36.8,47.71,11.8,19.4,60.894000000000005,0.8,10.0,0.748,1.2,20.6,0.05800000000000001,13.2,3.2,67.8
79,74,2022-11-21,6,1,2022-2023,Flamengo,União Corinthians,1,80.4,34.8,35.2,10.4,49.6,15.0,34.6,20.4,13.6,1.544,11.6,35.4,32.624,17.6,33.0,53.128,10.4,15.6,67.58200000000001,1.6,5.8,0.44000000000000006,3.4,17.4,0.194,13.6,2.8,101.6,77.602,41.4,29.198,6.998,31.6,8.802,22.798,19.0,11.2,1.8020000000000003,13.797999999999998,35.402,39.42,14.602,31.798000000000002,46.048,6.998,8.998,77.6,1.6,6.0,0.548,1.2,18.2,0.066,11.2,2.198,83.40200000000002
86,74,2022-11-22,6,1,2022-2023,Pinheiros,Rio Claro,1,74.4,21.9,39.2,13.3,46.1,13.7,32.4,18.9,14.0,1.3579999999999999,7.3,25.7,29.404000000000003,19.6,41.5,47.324,13.3,18.4,70.618,1.1,6.9,0.516,3.5,18.3,0.20199999999999996,14.0,2.2,90.4,74.4,20.1,40.4,13.9,37.1,11.9,25.2,13.3,10.9,1.376,6.7,23.2,26.438,20.2,43.7,47.044,13.9,20.2,69.06200000000001,2.0,7.2,0.732,1.7,20.6,0.082,10.9,2.0,76.5
78,88,2022-11-22,6,1,2022-2023,Bauru Basket,Sesi Franca,0,80.0,30.9,37.2,11.9,35.9,11.3,24.6,17.0,11.3,1.672,10.3,30.5,33.918,18.6,34.8,53.552,11.9,16.2,73.00200000000001,2.1,6.6,0.6759999999999999,2.3,17.7,0.142,11.3,2.3,89.8,90.2,33.6,38.0,18.6,41.9,10.6,31.3,18.4,12.6,1.536,11.2,29.2,38.906,19.0,32.7,58.3,18.6,24.9,75.002,1.5,5.7,0.48200000000000004,2.1,16.0,0.132,12.6,1.9,107.7
104,53,2022-11-23,6,1,2022-2023,Minas,Coop/São José Basketball,1,93.2,30.6,50.0,12.6,43.0,10.4,32.6,20.0,15.4,1.33,10.2,26.8,38.158,25.0,40.4,61.71600000000001,12.6,16.0,78.59200000000001,2.4,7.2,0.476,1.8,18.6,0.10600000000000001,15.4,3.8,114.4,80.4,30.0,39.2,11.2,35.6,7.8,27.8,21.0,12.2,1.7239999999999998,10.0,28.2,35.108,19.6,33.2,58.016000000000005,11.2,14.6,78.136,1.6,5.6,0.458,2.6,17.6,0.14800000000000002,12.2,2.2,97.8
89,79,2022-11-23,6,1,2022-2023,UNIFACISA,Pato Basquete,1,71.8,26.4,34.0,11.4,34.4,10.0,24.4,10.8,12.8,0.8939999999999999,8.8,25.0,34.29,17.0,38.6,44.205999999999996,11.4,15.0,79.604,0.6,6.4,0.512,1.4,23.0,0.064,12.8,2.8,70.6,69.6,25.8,32.6,11.2,32.5,8.0,24.5,12.6,13.7,0.95,8.6,28.2,30.654000000000003,16.3,35.4,45.944,11.2,18.8,59.386,0.8,8.0,0.592,0.9,19.9,0.044,13.7,3.3,63.6
70,86,2022-11-23,6,1,2022-2023,Caxias do Sul Basquete,São Paulo,0,78.2,27.6,38.0,12.6,34.8,11.2,23.6,14.2,11.4,1.252,9.2,27.2,33.796,19.0,38.0,49.41799999999999,12.6,17.2,73.846,0.6,8.4,0.736,2.2,19.4,0.11599999999999999,11.4,1.6,84.8,80.8,31.2,37.2,12.4,33.6,8.0,25.6,17.4,13.0,1.3679999999999999,10.4,30.6,34.104,18.6,32.8,56.622,12.4,17.4,70.556,0.0,8.8,0.6839999999999999,1.0,18.2,0.052000000000000005,13.0,1.6,89.2
77,81,2022-11-23,6,1,2022-2023,Fortaleza B. C. / CFO,Corinthians,0,66.9,21.0,37.6,8.3,44.7,13.3,31.4,12.7,13.6,0.994,7.0,26.7,25.790000000000003,18.8,42.8,43.408,8.3,14.7,56.096000000000004,1.6,7.4,0.588,1.9,19.5,0.10600000000000001,13.6,2.7,69.9,82.7,25.8,41.2,15.7,40.5,10.4,30.1,16.8,14.8,1.192,8.6,27.1,31.45,20.6,34.9,59.05,15.7,19.9,78.462,4.2,6.1,0.42800000000000005,5.0,19.1,0.26799999999999996,14.8,3.4,99.3
71,93,2022-11-25,6,1,2022-2023,União Corinthians,São Paulo,0,79.102,42.0,30.398000000000003,6.698,30.9,8.602,22.298,20.3,10.5,1.952,13.998000000000001,36.001999999999995,39.141999999999996,15.201999999999998,31.498,48.078,6.698,8.698,76.894,1.9,5.6,0.5399999999999999,1.2,18.8,0.06200000000000001,10.5,2.298,86.30199999999999,81.9,31.8,37.8,12.3,35.5,8.4,27.1,17.6,12.1,1.4899999999999998,10.6,29.4,36.322,18.9,34.2,55.258,12.3,17.1,71.35,0.1,7.8,0.642,1.0,18.4,0.052000000000000005,12.1,1.9,92.8
92,48,2022-11-25,6,1,2022-2023,Bauru Basket,Rio Claro,1,80.4,31.8,37.8,10.8,35.6,10.2,25.4,16.9,11.7,1.536,10.6,30.4,35.236000000000004,18.9,33.2,56.748000000000005,10.8,15.5,69.86000000000001,2.3,6.4,0.602,2.3,17.3,0.142,11.7,2.5,91.1,71.6,18.3,38.4,14.9,37.1,12.3,24.8,12.9,11.6,1.2739999999999998,6.1,23.8,23.378,19.2,41.9,46.62,14.9,22.3,66.1,1.7,7.4,0.714,1.7,21.3,0.08,11.6,2.2,71.3
76,92,2022-11-25,6,1,2022-2023,UNIFACISA,Corinthians,0,75.9,29.1,35.0,11.8,33.7,10.4,23.3,12.0,13.6,0.9259999999999999,9.7,27.1,35.176,17.5,36.9,47.832,11.8,15.7,78.766,0.6,6.9,0.5159999999999999,1.2,22.7,0.054000000000000006,13.6,2.6,75.4,86.9,29.7,40.8,16.4,40.5,9.7,30.8,16.6,15.1,1.1720000000000002,9.9,28.5,34.589999999999996,20.4,34.0,60.028,16.4,21.1,77.85600000000001,3.4,6.6,0.44800000000000006,4.2,19.1,0.22199999999999998,15.1,3.0,102.8
66,63,2022-11-25,6,1,2022-2023,Caxias do Sul Basquete,Paulistano,1,75.6,27.0,37.0,11.6,36.2,10.4,25.8,13.5,11.5,1.1620000000000001,9.0,26.5,33.898,18.5,38.4,47.694,11.6,15.9,73.334,0.7,8.7,0.76,2.3,19.1,0.124,11.5,2.2,83.1,71.8,23.4,38.0,10.4,43.0,15.0,28.0,15.8,14.0,1.1520000000000001,7.8,29.0,27.669999999999998,19.0,39.8,48.160000000000004,10.4,15.4,66.30199999999999,1.4,9.2,0.732,3.2,17.8,0.182,14.0,1.2,82.0
77,85,2022-11-26,6,1,2022-2023,Pinheiros,Sesi Franca,0,73.1,22.5,38.8,11.8,47.1,13.6,33.5,18.1,15.2,1.1880000000000002,7.5,25.9,29.862000000000002,19.4,40.7,47.858000000000004,11.8,17.5,66.604,1.0,6.6,0.45599999999999996,2.6,20.2,0.134,15.2,2.6,86.9,89.9,33.9,37.2,18.8,40.4,10.1,30.3,18.4,10.8,1.7880000000000003,11.3,29.1,39.36,18.6,33.0,56.568000000000005,18.8,24.7,76.594,1.4,6.4,0.616,2.1,16.3,0.128,10.8,1.8,108.3
88,96,2022-11-26,6,1,2022-2023,Cerrado,BRB/Brasília,0,81.7,39.0,27.2,15.5,36.3,11.4,24.9,13.2,15.7,0.8640000000000001,13.0,38.0,33.612,13.6,26.3,52.0,15.5,20.4,75.532,1.3,6.1,0.406,2.5,16.5,0.148,15.7,3.9,81.5,71.6,28.2,30.4,13.0,33.8,8.6,25.2,14.4,14.2,1.154,9.4,30.2,32.148,15.2,30.8,49.046,13.0,19.0,66.97200000000001,1.2,5.6,0.45200000000000007,0.0,20.4,0.0,14.2,3.8,68.8
72,78,2022-11-27,7,1,2022-2023,União Corinthians,Paulistano,0,77.668,40.0,30.932,6.731999999999999,30.2,7.268000000000001,22.932,20.2,11.0,1.864,13.331999999999999,33.468,40.297999999999995,15.468,32.532,47.455999999999996,6.731999999999999,8.732,76.98800000000001,2.2,5.4,0.5,1.4,19.4,0.06999999999999999,11.0,2.132,84.668,69.2,23.4,36.4,9.4,41.6,15.0,26.6,13.2,12.4,1.0900000000000003,7.8,29.4,27.044,18.2,38.8,47.282,9.4,14.4,63.636,1.0,8.2,0.6980000000000001,2.8,17.8,0.16,12.4,1.0,75.4
79,71,2022-11-29,7,1,2022-2023,Minas,Fortaleza B. C. / CFO,1,96.1,32.7,51.2,12.2,45.8,11.6,34.2,21.5,13.9,1.848,10.9,28.5,38.234,25.6,41.2,62.034000000000006,12.2,15.7,77.38000000000001,2.8,8.4,0.78,2.1,17.7,0.12999999999999998,13.9,3.3,123.3,69.2,19.8,40.8,8.6,47.0,14.2,32.8,13.0,14.0,0.974,6.6,26.2,24.678000000000004,20.4,44.8,44.722,8.6,15.2,56.38199999999999,1.6,8.0,0.6140000000000001,2.0,20.4,0.11000000000000001,14.0,3.0,74.6
91,80,2022-11-29,7,1,2022-2023,Flamengo,Cerrado,1,79.1,32.1,36.4,10.6,46.3,13.2,33.1,19.7,13.1,1.566,10.7,34.2,31.248,18.2,33.0,55.128,10.6,15.4,69.568,1.3,6.9,0.562,3.0,16.5,0.174,13.1,2.7,98.8,81.4,36.6,28.0,16.8,36.2,10.4,25.8,14.4,16.4,0.892,12.2,35.4,34.267999999999994,14.0,26.8,52.51800000000001,16.8,22.2,75.804,1.4,5.8,0.362,2.2,16.6,0.134,16.4,4.6,82.2
95,76,2022-11-30,7,1,2022-2023,Pato Basquete,Pinheiros,1,67.6,27.0,30.0,10.6,32.8,8.2,24.6,12.2,14.2,0.8960000000000001,9.0,28.0,32.153999999999996,15.0,34.0,44.17800000000001,10.6,18.2,57.878,0.8,6.0,0.43599999999999994,0.6,19.2,0.03,14.2,3.4,59.4,75.2,25.8,38.8,10.6,44.4,11.8,32.6,19.6,16.8,1.174,8.6,25.2,34.104,19.4,39.0,49.824,10.6,16.2,65.318,1.4,6.4,0.382,2.2,20.0,0.11800000000000002,16.8,2.6,89.2
72,50,2022-12-01,7,1,2022-2023,Flamengo,BRB/Brasília,1,78.3,29.7,38.2,10.4,44.6,12.9,31.7,18.9,13.6,1.456,9.9,33.1,30.080000000000002,19.1,34.1,56.012,10.4,14.9,70.21799999999999,1.1,7.0,0.554,2.9,16.2,0.172,13.6,3.1,95.4,77.4,29.1,35.8,12.5,35.0,9.9,25.1,16.6,14.1,1.33,9.7,30.3,33.025999999999996,17.9,34.3,51.577999999999996,12.5,18.7,65.65799999999999,1.8,5.5,0.446,0.4,20.2,0.02,14.1,3.5,77.6
88,79,2022-12-01,7,1,2022-2023,Coop/São José Basketball,Cerrado,1,76.5,24.9,40.6,11.0,36.8,10.0,26.8,20.0,13.7,1.526,8.3,26.9,30.71999999999999,20.3,36.9,55.589999999999996,11.0,14.9,74.022,1.5,5.3,0.398,3.0,17.2,0.176,13.7,2.4,88.8,83.5,40.2,28.0,15.3,34.8,10.5,24.3,16.7,15.5,1.076,13.4,36.9,36.333999999999996,14.0,27.8,50.344,15.3,20.5,74.424,1.3,6.2,0.398,1.0,16.2,0.074,15.5,3.3,84.2
75,83,2022-12-01,7,1,2022-2023,Rio Claro,Caxias do Sul Basquete,0,68.4,20.4,34.8,13.2,34.6,10.0,24.6,12.8,12.4,1.1920000000000002,6.8,26.6,25.174,17.4,36.8,47.438,13.2,20.4,64.746,1.6,7.4,0.666,1.4,21.0,0.068,12.4,2.4,65.8,72.4,26.7,33.6,12.1,35.7,9.4,26.3,12.1,10.7,1.124,8.9,26.3,33.762,16.8,38.1,43.878,12.1,17.0,71.668,0.6,8.1,0.756,2.0,18.6,0.10999999999999999,10.7,2.5,76.0
104,65,2022-12-01,7,1,2022-2023,Sesi Franca,União Corinthians,1,89.3,35.1,35.4,18.8,38.8,8.8,30.0,17.5,10.3,1.816,11.7,28.8,40.99399999999999,17.7,32.3,55.032000000000004,18.8,24.7,76.594,1.0,6.5,0.6679999999999999,2.0,15.7,0.126,10.3,1.9,106.2,76.268,37.0,31.6,7.6659999999999995,30.665999999999997,7.268000000000001,23.4,19.534,12.065999999999999,1.682,12.331999999999999,32.268,38.70399999999999,15.8,32.8,48.138,7.6659999999999995,9.8,77.886,2.266,5.6659999999999995,0.476,1.8,19.466,0.09200000000000001,12.065999999999999,2.2,82.8
90,73,2022-12-03,7,1,2022-2023,Paulistano,Minas,1,71.0,24.3,38.4,8.3,40.6,15.0,25.6,13.3,12.1,1.126,8.1,28.9,28.738,19.2,39.7,48.60999999999999,8.3,13.6,60.262,1.2,8.0,0.7,2.7,18.5,0.14999999999999997,12.1,1.0,76.9,93.4,31.2,49.0,13.2,46.4,12.1,34.3,21.6,14.6,1.8,10.4,28.2,36.71,24.5,40.1,60.678,13.2,16.8,78.288,2.5,7.5,0.7060000000000001,2.4,17.1,0.15,14.6,3.6,119.7
89,94,2022-12-03,7,1,2022-2023,Coop/São José Basketball,BRB/Brasília,0,79.7,24.0,43.0,12.7,36.1,10.2,25.9,21.1,13.4,1.706,8.0,26.1,30.687999999999995,21.5,38.6,56.60600000000001,12.7,16.9,74.10400000000001,1.5,5.5,0.438,3.2,17.1,0.188,13.4,2.4,92.8,78.4,29.4,37.8,11.2,35.0,9.9,25.1,17.3,15.1,1.3119999999999998,9.8,29.4,34.376,18.9,35.3,53.254,11.2,17.0,64.95,2.1,5.5,0.42399999999999993,0.6,19.3,0.032,15.1,3.8,79.9
84,83,2022-12-03,7,1,2022-2023,Sesi Franca,Caxias do Sul Basquete,1,90.2,34.8,36.6,18.8,38.6,7.6,31.0,16.5,10.7,1.6640000000000001,11.6,27.3,42.596,18.3,32.6,56.168000000000006,18.8,24.8,76.234,1.5,6.1,0.6159999999999999,2.2,14.8,0.15,10.7,1.8,106.9,72.2,27.0,32.2,13.0,34.5,8.0,26.5,11.5,10.3,1.116,9.0,26.1,34.442,16.1,36.7,44.196000000000005,13.0,18.2,71.668,0.6,7.5,0.73,1.6,18.5,0.088,10.3,2.4,74.1
94,70,2022-12-03,7,1,2022-2023,Corinthians,Pinheiros,1,84.6,30.6,38.4,15.6,41.2,9.0,32.2,15.0,17.0,0.9360000000000002,10.2,28.6,35.478,19.2,32.6,58.974000000000004,15.6,21.0,74.668,2.6,7.0,0.43,4.0,18.0,0.22200000000000003,17.0,3.6,97.6,76.1,24.9,40.0,11.2,43.5,12.3,31.2,18.3,17.1,1.076,8.3,24.7,33.438,20.0,40.7,49.464,11.2,16.8,66.678,1.9,6.8,0.398,1.8,20.0,0.096,17.1,2.8,86.7
74,81,2022-12-03,7,1,2022-2023,Rio Claro,União Corinthians,0,71.5,23.4,34.0,14.1,33.3,10.5,22.8,13.2,10.8,1.312,7.8,29.6,25.665999999999997,17.0,35.1,48.456,14.1,20.6,68.77199999999999,1.5,7.3,0.71,1.3,21.8,0.06000000000000001,10.8,2.0,69.4,74.86800000000001,34.0,32.26800000000001,8.6,31.131999999999998,7.268000000000001,23.868000000000002,18.868000000000002,13.132,1.5,11.331999999999999,31.068,37.11,16.131999999999998,33.068000000000005,48.82,8.6,10.868,78.784,2.332,5.9319999999999995,0.45199999999999996,2.2,19.532,0.11400000000000002,13.132,2.268,80.93199999999999
74,84,2022-12-06,8,1,2022-2023,Coop/São José Basketball,Flamengo,0,82.2,27.0,42.0,13.2,37.2,10.0,27.2,21.6,12.4,1.9279999999999997,9.0,28.2,31.901999999999997,21.0,38.4,55.548,13.2,17.0,76.292,1.4,4.8,0.44000000000000006,3.2,17.2,0.18600000000000003,12.4,1.8,96.2,79.5,29.4,40.0,10.1,45.0,13.7,31.3,20.3,13.8,1.5299999999999998,9.8,33.4,29.472,20.0,34.4,58.15,10.1,15.1,67.076,1.3,7.5,0.5820000000000001,2.6,15.2,0.16599999999999998,13.8,3.0,98.1
73,84,2022-12-06,8,1,2022-2023,Caxias do Sul Basquete,Pato Basquete,0,74.6,26.4,34.6,13.6,34.2,7.4,26.8,12.2,10.5,1.158,8.8,25.3,34.769999999999996,17.3,36.7,47.674,13.6,19.0,71.668,0.7,7.0,0.6719999999999999,1.4,17.6,0.082,10.5,2.6,77.6,73.5,29.4,32.6,11.5,35.0,9.5,25.5,13.8,14.7,0.9640000000000001,9.8,29.3,33.366,16.3,35.0,46.362,11.5,18.6,61.315999999999995,0.4,6.9,0.476,1.2,18.9,0.062,14.7,3.5,70.4
90,61,2022-12-08,8,1,2022-2023,Minas,Rio Claro,1,92.4,30.6,47.2,14.6,47.2,12.8,34.4,21.8,15.8,1.7,10.2,28.6,35.284000000000006,23.6,39.6,58.92999999999999,14.6,18.6,78.35799999999999,2.8,7.4,0.672,2.6,18.0,0.152,15.8,4.8,117.2,70.3,22.5,33.6,14.2,32.7,11.0,21.7,12.6,11.3,1.172,7.5,28.7,25.603999999999996,16.8,35.0,48.025999999999996,14.2,21.0,67.828,1.0,7.0,0.6399999999999999,1.1,22.0,0.05,11.3,2.5,66.2
62,72,2022-12-08,8,1,2022-2023,Caxias do Sul Basquete,Corinthians,0,73.9,23.7,37.0,13.2,35.6,7.6,28.0,12.7,11.1,1.1480000000000001,7.9,24.9,31.901999999999997,18.5,38.0,49.26800000000001,13.2,19.0,69.168,0.9,6.7,0.612,1.5,16.9,0.092,11.1,2.5,77.0,88.0,36.9,37.6,13.5,42.7,9.3,33.4,15.9,16.9,1.008,12.3,32.5,37.538,18.8,30.9,60.862,13.5,19.2,69.078,2.7,6.7,0.41200000000000003,4.5,17.4,0.262,16.9,3.4,102.9
85,93,2022-12-08,8,1,2022-2023,União Corinthians,Pato Basquete,0,72.602,33.0,30.401999999999997,9.2,32.998000000000005,8.002,25.002000000000002,17.802,14.197999999999999,1.278,10.998,31.002,36.19,15.197999999999999,32.202,47.391999999999996,9.2,11.602,78.882,1.798,6.397999999999999,0.44800000000000006,2.6,20.398,0.132,14.197999999999999,2.202,78.79799999999999,78.1,31.5,34.4,12.2,36.0,10.2,25.8,14.5,14.4,1.0379999999999998,10.5,29.6,35.682,17.2,36.3,47.094,12.2,19.6,61.69199999999999,0.1,7.7,0.548,1.5,18.6,0.078,14.4,3.3,77.8
81,111,2022-12-08,8,1,2022-2023,Fortaleza B. C. / CFO,São Paulo,0,72.4,20.4,44.8,7.2,45.0,13.4,31.6,14.6,12.8,1.178,6.8,26.4,25.344,22.4,46.0,48.042,7.2,13.8,54.048,1.0,8.2,0.672,1.8,21.8,0.084,12.8,3.2,79.4,83.0,32.4,38.4,12.2,37.4,8.8,28.6,17.8,11.2,1.6119999999999997,10.8,28.2,38.540000000000006,19.2,35.6,53.894000000000005,12.2,16.8,72.144,0.2,6.8,0.6000000000000001,1.0,18.6,0.052000000000000005,11.2,2.2,96.4
98,90,2022-12-10,8,1,2022-2023,Pinheiros,Coop/São José Basketball,1,77.0,24.0,41.2,11.8,42.6,12.8,29.8,17.0,17.4,0.9780000000000001,8.0,24.2,32.772000000000006,20.6,42.4,49.104,11.8,17.4,68.038,2.4,7.2,0.41400000000000003,1.4,20.0,0.07400000000000001,17.4,3.0,84.2,80.5,27.3,39.6,13.6,36.9,10.1,26.8,21.0,12.1,1.924,9.1,28.7,31.612000000000002,19.8,38.3,52.44000000000001,13.6,17.2,77.65,1.2,4.6,0.43,2.8,18.1,0.16200000000000003,12.1,1.4,92.0
86,91,2022-12-10,8,1,2022-2023,União Corinthians,Corinthians,0,75.20200000000001,31.8,31.802,11.6,34.898,10.402,24.502000000000002,18.002000000000002,14.297999999999998,1.282,10.597999999999999,33.202,32.565999999999995,15.898,32.602,48.832,11.6,14.402000000000001,80.032,1.798,7.298,0.514,2.7,20.398,0.136,14.297999999999998,2.602,81.698,88.9,38.4,37.6,12.9,45.4,9.6,35.8,16.1,17.8,0.9720000000000001,12.8,34.0,37.666,18.8,29.8,62.824,12.9,18.9,67.172,3.0,6.1,0.352,4.1,16.6,0.246,17.8,3.7,104.6
73,82,2022-12-10,8,1,2022-2023,UNIFACISA,São Paulo,0,80.0,31.8,36.0,12.2,33.0,10.8,22.2,13.2,14.4,0.9580000000000002,10.6,29.2,36.062,18.0,35.2,51.458000000000006,12.2,16.4,77.92800000000001,0.6,7.4,0.5199999999999999,1.0,22.4,0.044,14.4,2.4,80.2,86.9,33.6,40.6,12.7,38.5,8.1,30.4,18.6,10.8,1.736,11.2,28.4,39.59,20.3,36.0,56.58200000000001,12.7,16.9,74.472,0.4,6.4,0.588,1.3,18.6,0.06599999999999999,10.8,2.4,103.8
95,73,2022-12-13,9,1,2022-2023,Pinheiros,Fortaleza B. C. / CFO,1,81.4,24.0,42.4,15.0,41.4,14.2,27.2,16.2,16.0,1.0879999999999999,8.0,24.8,31.768,21.2,43.2,49.483999999999995,15.0,22.0,67.58200000000001,2.4,7.2,0.48,1.2,21.4,0.057999999999999996,16.0,2.4,85.6,75.2,17.4,47.6,10.2,44.3,13.4,30.9,14.3,12.7,1.1640000000000001,5.8,25.2,22.747999999999998,23.8,47.2,50.074,10.2,17.5,58.318000000000005,1.3,7.6,0.636,1.9,20.9,0.096,12.7,3.2,80.5
80,93,2022-12-13,9,1,2022-2023,Cerrado,Paulistano,0,84.6,41.7,28.0,14.9,34.7,10.1,24.6,17.5,15.4,1.138,13.9,38.0,36.676,14.0,27.8,50.344,14.9,20.1,73.66,1.4,6.1,0.392,1.2,17.5,0.078,15.4,3.4,85.6,72.8,25.2,40.4,7.2,39.6,15.0,24.6,13.4,11.8,1.162,8.4,28.4,30.432,20.2,40.6,49.938,7.2,12.8,56.888,1.4,7.8,0.702,2.6,19.2,0.13999999999999999,11.8,1.0,78.4
68,76,2022-12-13,9,1,2022-2023,Bauru Basket,UNIFACISA,0,79.8,30.0,39.6,10.2,36.0,10.0,26.0,16.6,11.4,1.564,10.0,29.5,34.3,19.8,33.3,59.162,10.2,15.1,68.07400000000001,2.6,5.9,0.5740000000000001,1.9,16.8,0.122,11.4,2.4,90.9,82.4,33.0,34.8,14.6,33.2,11.0,22.2,14.2,13.0,1.098,11.0,31.6,34.85000000000001,17.4,33.6,51.924,14.6,20.6,71.26200000000001,0.6,7.2,0.5519999999999999,0.8,22.0,0.036,13.0,1.6,82.0
100,86,2022-12-15,9,1,2022-2023,Pinheiros,UNIFACISA,1,84.6,24.3,45.2,15.1,40.6,14.1,26.5,17.5,14.5,1.358,8.1,25.4,31.384000000000004,22.6,44.0,51.914,15.1,22.1,67.756,2.2,7.9,0.5940000000000001,1.8,20.4,0.092,14.5,2.5,92.2,81.2,33.3,33.4,14.5,33.1,10.1,23.0,14.7,12.9,1.1520000000000001,11.1,31.4,35.426,16.7,32.0,52.081999999999994,14.5,19.9,73.51,0.6,6.8,0.5199999999999999,0.6,20.5,0.03,12.9,1.9,82.5
101,94,2022-12-15,9,1,2022-2023,Cerrado,São Paulo,1,87.9,43.2,29.6,15.1,35.6,10.0,25.6,17.3,15.7,1.108,14.4,38.6,37.471999999999994,14.8,28.6,51.59400000000001,15.1,20.7,72.336,1.5,6.5,0.40800000000000003,1.4,19.2,0.07999999999999999,15.7,3.8,89.4,90.8,34.8,42.8,13.2,39.6,7.4,32.2,19.4,10.4,1.86,11.6,28.6,40.64,21.4,36.4,59.27,13.2,17.0,76.8,0.6,6.0,0.576,1.6,18.6,0.08,10.4,2.6,111.2
72,82,2022-12-15,9,1,2022-2023,BRB/Brasília,Paulistano,0,77.8,28.8,38.4,10.6,35.8,10.5,25.3,18.2,15.2,1.358,9.6,29.6,33.3,19.2,35.8,53.38000000000001,10.6,16.4,63.84000000000001,2.5,5.6,0.42800000000000005,0.8,18.7,0.044,15.2,3.8,80.6,77.0,27.3,41.6,8.1,38.7,12.8,25.9,14.4,11.4,1.338,9.1,27.3,33.902,20.8,41.1,50.745999999999995,8.1,13.2,61.99400000000001,1.7,7.5,0.712,2.1,19.4,0.11199999999999999,11.4,1.2,84.7
82,50,2022-12-15,9,1,2022-2023,Bauru Basket,Fortaleza B. C. / CFO,1,77.2,31.5,36.8,8.9,35.8,10.0,25.8,16.4,11.3,1.5619999999999998,10.5,31.1,33.898,18.4,31.8,57.036,8.9,13.3,68.00200000000001,2.7,6.0,0.594,1.4,16.8,0.096,11.3,2.4,87.1,74.1,16.5,45.6,12.0,43.3,13.0,30.3,14.2,13.9,1.106,5.5,23.1,25.32,22.8,46.9,47.68000000000001,12.0,19.5,62.452,1.1,7.1,0.588,2.1,20.2,0.11200000000000002,13.9,3.3,77.7
89,96,2022-12-17,9,1,2022-2023,BRB/Brasília,São Paulo,0,78.9,28.2,39.4,11.3,37.4,11.1,26.3,18.0,14.5,1.3800000000000001,9.4,29.9,32.092,19.7,36.8,53.336,11.3,17.9,62.338,2.8,5.3,0.42000000000000004,1.2,18.5,0.064,14.5,3.1,82.1,93.4,37.8,40.8,14.8,39.2,7.3,31.9,19.0,11.4,1.714,12.6,30.1,41.928,20.4,35.2,58.318000000000005,14.8,18.6,79.91799999999999,0.7,6.1,0.53,2.0,21.7,0.094,11.4,2.4,112.2
85,96,2022-12-19,10,1,2022-2023,Pato Basquete,Bauru Basket,0,82.2,34.2,36.0,12.0,37.0,10.6,26.4,15.6,15.2,1.048,11.4,28.8,39.861999999999995,18.0,36.6,48.798,12.0,19.8,60.13399999999999,0.2,8.8,0.5980000000000001,1.2,18.4,0.064,15.2,3.6,85.8,78.1,34.2,35.0,8.9,35.0,9.3,25.7,16.6,10.2,1.706,11.4,31.8,35.75,17.5,31.0,55.278,8.9,13.3,68.00200000000001,2.8,6.9,0.724,0.8,17.9,0.054000000000000006,10.2,2.1,88.9
63,56,2022-12-19,10,1,2022-2023,UNIFACISA,Caxias do Sul Basquete,1,80.0,33.6,32.0,14.4,33.0,9.2,23.8,15.2,12.8,1.206,11.2,31.2,36.001999999999995,16.0,30.4,52.239999999999995,14.4,19.2,75.758,0.6,6.4,0.4879999999999999,0.4,19.0,0.024,12.8,2.2,83.0,73.8,22.2,39.0,12.6,36.6,8.0,28.6,13.3,11.9,1.126,7.4,25.3,29.522,19.5,38.2,51.51800000000001,12.6,18.3,68.334,1.1,6.9,0.588,1.7,17.5,0.1,11.9,1.8,78.1
83,94,2022-12-19,10,1,2022-2023,Fortaleza B. C. / CFO,União Corinthians,0,70.7,18.9,39.0,12.8,40.2,11.3,28.9,14.3,16.0,0.9900000000000002,6.3,21.5,31.503999999999998,19.5,43.5,43.428,12.8,19.6,66.11,1.0,6.0,0.44800000000000006,2.3,19.0,0.128,16.0,3.8,71.5,77.80199999999999,30.6,33.202,14.0,36.798,12.801999999999998,24.002000000000002,18.202,14.398000000000001,1.286,10.198,35.402,28.942,16.598000000000003,33.001999999999995,50.272000000000006,14.0,17.201999999999998,81.18199999999999,1.798,8.198,0.58,2.8,20.398,0.13999999999999999,14.398000000000001,3.002,84.598
65,94,2022-12-19,10,1,2022-2023,Corinthians,Minas,0,86.0,37.8,35.6,12.6,44.4,8.8,35.6,15.6,19.0,0.86,12.6,33.4,37.629999999999995,17.8,29.0,61.37199999999999,12.6,18.6,66.766,3.2,6.4,0.34800000000000003,3.0,16.2,0.184,19.0,3.8,98.4,89.8,30.9,45.8,13.1,47.7,13.1,34.6,23.1,14.6,1.918,10.3,28.0,36.504000000000005,22.9,40.3,56.388,13.1,17.4,74.02799999999999,3.4,7.3,0.7,3.0,17.0,0.182,14.6,4.3,116.9
72,62,2022-12-20,10,1,2022-2023,Paulistano,Coop/São José Basketball,1,81.2,29.4,42.8,9.0,37.8,10.6,27.2,15.4,11.0,1.514,9.8,26.2,37.37199999999999,21.4,41.6,51.553999999999995,9.0,13.6,67.1,2.0,7.2,0.722,1.6,19.6,0.084,11.0,1.4,91.0,78.8,27.6,37.2,14.0,36.6,10.2,26.4,20.4,11.8,1.92,9.2,29.2,31.322000000000003,18.6,38.2,49.33200000000001,14.0,17.4,79.008,1.0,4.4,0.42000000000000004,2.4,19.0,0.13800000000000004,11.8,1.0,87.8
66,91,2022-12-20,10,1,2022-2023,São Paulo,Flamengo,0,94.5,39.9,39.4,15.2,37.6,7.7,29.9,18.7,12.4,1.578,13.3,31.7,41.943999999999996,19.7,33.8,58.432,15.2,19.6,77.994,0.7,6.9,0.5539999999999999,2.0,23.5,0.08600000000000001,12.4,2.0,110.4,81.2,31.2,39.6,10.4,45.0,13.0,32.0,20.2,12.4,1.686,10.4,34.4,30.163999999999998,19.8,34.0,58.114,10.4,15.4,67.52,1.2,7.8,0.6719999999999999,1.8,14.6,0.124,12.4,2.8,100.4
98,76,2022-12-20,10,1,2022-2023,Sesi Franca,Cerrado,1,90.6,33.9,38.8,17.9,38.9,7.7,31.2,17.6,10.7,1.752,11.3,27.1,41.739999999999995,19.4,34.3,56.331999999999994,17.9,23.3,77.112,2.1,5.8,0.5919999999999999,2.3,14.2,0.16399999999999998,10.7,1.6,108.4,85.6,40.8,31.6,13.2,37.0,10.4,26.6,17.6,16.0,1.1099999999999999,13.6,37.2,36.84,15.8,29.6,53.214,13.2,19.2,68.926,1.6,6.6,0.404,1.6,18.6,0.092,16.0,3.8,89.0
85,87,2022-12-20,10,1,2022-2023,Rio Claro,BRB/Brasília,0,66.4,21.0,32.0,13.4,32.2,10.8,21.4,12.6,11.6,1.116,7.0,27.0,25.736,16.0,36.6,44.252,13.4,20.2,66.24199999999999,0.4,7.2,0.6319999999999999,1.6,21.4,0.08,11.6,2.6,61.0,80.2,27.6,39.2,13.4,40.8,11.8,29.0,16.8,15.8,1.096,9.2,27.2,33.884,19.6,37.0,52.75599999999999,13.4,20.6,65.28,2.6,4.6,0.292,1.6,19.0,0.084,15.8,3.0,85.6
74,88,2022-12-21,10,1,2022-2023,Pato Basquete,Minas,0,84.2,35.1,37.4,11.7,35.4,10.4,25.0,16.4,15.1,1.1019999999999999,11.7,28.5,41.267999999999994,18.7,36.0,51.98,11.7,18.2,64.69,0.3,8.4,0.576,1.3,19.2,0.068,15.1,3.4,90.0,87.4,30.0,45.6,11.8,46.0,13.2,32.8,23.0,13.7,1.984,10.0,27.1,36.608,22.8,40.4,56.0,11.8,16.3,70.88399999999999,3.6,7.3,0.724,2.9,15.4,0.186,13.7,4.5,113.7
71,66,2022-12-21,10,1,2022-2023,UNIFACISA,União Corinthians,1,76.9,31.8,30.2,14.9,35.2,9.7,25.5,14.4,13.1,1.1380000000000003,10.6,30.7,34.474,15.1,30.2,49.798,14.9,19.4,77.784,0.5,6.1,0.4579999999999999,0.5,18.5,0.03,13.1,2.5,80.3,79.268,31.0,33.668,14.6,36.332,12.368,23.968,18.468,14.232,1.316,10.331999999999999,34.368,30.524,16.832,33.068,50.918,14.6,19.068,77.258,2.232,8.831999999999999,0.6279999999999999,2.5,21.032,0.12200000000000003,14.232,2.968,86.43199999999999
77,72,2022-12-21,10,1,2022-2023,Corinthians,Bauru Basket,1,82.9,33.9,35.6,13.4,42.5,9.1,33.4,15.5,17.6,0.916,11.3,32.5,33.956,17.8,30.4,59.092000000000006,13.4,18.4,71.106,3.5,5.9,0.34400000000000003,2.8,15.9,0.176,17.6,3.6,93.2,79.534,34.4,34.4,10.734,33.465999999999994,8.334,25.134,16.4,9.8,1.722,11.466,30.8,36.994,17.2,30.534000000000002,55.098,10.734,14.934000000000001,71.57400000000001,2.6,7.8,0.8019999999999999,0.6,19.2,0.032,9.8,1.8,91.134
84,73,2022-12-21,10,1,2022-2023,Fortaleza B. C. / CFO,Caxias do Sul Basquete,1,71.7,20.1,38.4,13.2,38.2,10.9,27.3,14.9,17.6,0.9179999999999999,6.7,20.8,33.884,19.2,41.7,44.834,13.2,19.5,68.418,1.3,5.4,0.34,2.5,19.8,0.132,17.6,3.9,72.2,73.1,20.1,40.4,12.6,35.7,8.4,27.3,12.9,13.2,1.01,6.7,24.6,27.278,20.2,37.9,53.638,12.6,18.0,69.444,1.1,7.5,0.57,1.8,18.2,0.10200000000000001,13.2,1.4,76.8
84,90,2022-12-22,10,1,2022-2023,Paulistano,Flamengo,0,84.2,29.4,45.8,9.0,38.4,11.7,26.7,16.0,10.4,1.6020000000000003,9.8,26.1,37.518,22.9,45.0,51.251999999999995,9.0,13.2,70.1,2.0,8.4,0.8300000000000001,2.1,19.5,0.11200000000000002,10.4,1.3,96.1,83.3,35.7,36.6,11.0,42.8,11.3,31.5,19.8,12.4,1.65,11.9,34.4,34.45,18.3,32.0,57.364,11.0,15.6,70.13399999999999,0.8,7.7,0.6619999999999999,1.4,14.0,0.10400000000000001,12.4,2.4,101.8
93,90,2022-12-22,10,1,2022-2023,Rio Claro,Cerrado,1,72.0,23.4,36.2,12.4,31.6,10.1,21.5,14.9,10.7,1.472,7.8,26.1,30.18,18.1,38.7,46.760000000000005,12.4,18.8,65.77799999999999,0.6,7.9,0.7719999999999999,1.9,21.6,0.092,10.7,2.3,72.3,84.6,42.3,32.0,10.3,37.7,11.9,25.8,16.3,15.7,1.052,14.1,39.9,35.388,16.0,29.5,54.136,10.3,15.4,66.714,1.6,6.0,0.376,2.0,17.0,0.122,15.7,3.1,86.5
99,94,2022-12-22,10,1,2022-2023,Sesi Franca,BRB/Brasília,1,91.9,32.7,42.8,16.4,39.2,7.6,31.6,19.4,10.3,1.964,10.9,28.0,39.053999999999995,21.4,36.5,57.956,16.4,20.8,79.006,3.2,5.9,0.62,2.6,14.8,0.174,10.3,1.6,112.1,79.1,27.0,38.2,13.9,40.8,11.2,29.6,15.8,15.9,1.008,9.0,26.6,33.86,19.1,36.6,52.13399999999999,13.9,20.8,66.9,2.5,4.7,0.298,1.7,19.0,0.088,15.9,2.8,84.2
96,68,2022-12-22,10,1,2022-2023,São Paulo,Coop/São José Basketball,1,92.8,38.1,40.4,14.3,36.8,8.6,28.2,18.2,12.3,1.544,12.7,31.9,39.446,20.2,34.6,58.617999999999995,14.3,18.8,76.14,1.1,7.4,0.6119999999999999,1.9,23.6,0.08,12.3,1.5,106.7,81.2,28.5,39.0,13.7,36.2,9.8,26.4,20.9,11.0,1.9979999999999998,9.5,28.0,33.464,19.5,38.8,50.716,13.7,17.8,74.74199999999999,1.4,4.8,0.462,2.2,19.2,0.124,11.0,0.8,92.4
68,65,2022-12-23,10,1,2022-2023,Pinheiros,Bauru Basket,1,87.8,24.6,48.0,15.2,39.8,14.0,25.8,18.8,13.0,1.6280000000000001,8.2,26.0,31.0,24.0,44.8,54.343999999999994,15.2,22.2,67.92999999999999,2.0,8.6,0.708,2.4,19.4,0.126,13.0,2.6,98.8,78.06800000000001,35.2,31.0,11.868,32.13199999999999,8.268,23.868000000000002,16.1,10.7,1.564,11.732,31.6,36.92,15.5,29.268,52.13599999999999,11.868,15.168000000000001,76.86000000000001,2.1,8.4,0.7979999999999999,0.9,19.9,0.046,10.7,1.9,87.968
73,83,2022-12-27,11,1,2022-2023,Coop/São José Basketball,Sesi Franca,0,76.5,25.2,39.8,11.5,37.7,11.4,26.3,19.3,12.0,1.698,8.4,26.3,31.25,19.9,41.4,48.658,11.5,16.5,66.28,1.7,4.7,0.404,2.2,19.1,0.126,12.0,0.8,84.0,94.3,30.9,47.6,15.8,40.6,7.5,33.1,20.0,10.8,1.908,10.3,27.9,37.19200000000001,23.8,38.0,62.088,15.8,19.9,79.66199999999999,4.6,5.8,0.5680000000000001,3.1,15.7,0.196,10.8,1.6,117.1
100,83,2022-12-27,11,1,2022-2023,São Paulo,Minas,1,89.7,35.7,40.8,13.2,37.1,9.8,27.3,16.8,12.0,1.4600000000000002,11.9,31.1,37.69199999999999,20.4,36.6,55.982000000000006,13.2,17.7,74.53999999999999,1.4,7.5,0.642,1.8,23.0,0.078,12.0,1.1,101.0,84.8,27.0,46.4,11.4,43.6,12.4,31.2,21.2,15.0,1.466,9.0,25.0,35.95399999999999,23.2,40.2,57.205999999999996,11.4,15.6,71.464,3.4,5.6,0.392,2.6,15.0,0.16999999999999998,15.0,4.8,105.6
110,57,2022-12-27,11,1,2022-2023,Flamengo,Rio Claro,1,85.6,38.4,35.6,11.6,43.2,11.6,31.6,19.4,12.4,1.614,12.8,34.8,36.676,17.8,31.4,56.92,11.6,16.0,71.93999999999998,0.6,6.6,0.5619999999999999,1.4,14.8,0.1,12.4,2.4,103.8,77.6,25.8,40.4,11.4,31.0,9.4,21.6,17.2,9.8,1.828,8.6,25.2,34.624,20.2,40.8,49.26800000000001,11.4,17.4,65.314,0.8,8.6,0.9120000000000001,2.2,21.8,0.10400000000000001,9.8,2.0,83.6
59,69,2022-12-29,11,1,2022-2023,Flamengo,Sesi Franca,0,86.2,41.7,33.4,11.1,42.5,11.2,31.3,19.4,11.0,1.8240000000000003,13.9,36.0,38.510000000000005,16.7,30.0,55.896,11.1,15.0,73.21000000000001,0.4,6.6,0.6299999999999999,1.4,14.2,0.11000000000000001,11.0,1.8,105.8,92.2,30.0,47.2,15.0,41.5,7.7,33.8,19.4,11.9,1.67,10.0,27.1,37.298,23.6,37.6,62.06999999999999,15.0,18.5,81.78,4.7,5.3,0.458,3.1,16.6,0.192,11.9,2.0,115.0
98,63,2022-12-29,11,1,2022-2023,Coop/São José Basketball,Rio Claro,1,75.9,24.6,40.0,11.3,37.7,11.7,26.0,18.4,12.3,1.5380000000000003,8.2,24.6,33.126,20.0,41.8,48.35,11.3,16.5,65.25399999999999,1.9,5.2,0.43200000000000005,2.2,19.7,0.122,12.3,1.4,83.7,74.7,24.6,40.2,9.9,29.6,8.8,20.8,17.5,10.1,1.8239999999999998,8.2,24.0,34.504000000000005,20.1,41.7,47.874,9.9,15.3,64.446,0.7,8.1,0.858,2.9,20.5,0.152,10.1,1.9,79.9
79,66,2023-01-03,12,1,2022-2023,BRB/Brasília,Pato Basquete,1,82.8,27.0,40.6,15.2,42.0,11.9,30.1,16.3,14.9,1.114,9.0,27.0,33.364,20.3,38.7,52.367999999999995,15.2,22.4,67.914,2.7,4.7,0.31999999999999995,2.0,19.7,0.1,14.9,2.0,89.3,86.2,36.0,38.8,11.4,33.8,10.2,23.6,17.2,15.0,1.156,12.0,28.2,42.67399999999999,19.4,35.4,55.162,11.4,16.6,69.24600000000001,0.4,8.0,0.554,1.4,20.0,0.07200000000000001,15.0,3.2,94.2
89,79,2023-01-03,12,1,2022-2023,Cerrado,Corinthians,1,85.3,42.6,32.8,9.9,38.4,12.7,25.7,15.1,16.1,0.9480000000000001,14.2,40.3,35.298,16.4,29.4,55.772000000000006,9.9,15.3,64.178,1.7,6.0,0.368,2.0,16.2,0.128,16.1,3.1,86.2,79.8,30.0,35.6,14.2,40.6,9.4,31.2,15.4,16.2,0.9720000000000001,10.0,31.6,30.282,17.8,31.8,56.812,14.2,18.2,75.446,3.8,5.4,0.34,2.6,15.6,0.16799999999999998,16.2,3.4,88.0
67,79,2023-01-04,12,1,2022-2023,União Corinthians,Bauru Basket,0,80.73400000000001,31.4,34.134,15.2,35.866,11.934000000000001,23.934,18.734,14.065999999999999,1.346,10.466,33.334,32.106,17.066,33.134,51.564,15.2,20.934,73.33399999999999,2.666,9.466,0.6759999999999999,2.2,21.666,0.10400000000000001,14.065999999999999,2.934,88.26599999999999,76.602,36.0,27.6,13.002,30.798000000000002,8.202000000000002,22.602,15.8,11.6,1.4060000000000001,11.998,32.4,36.846,13.8,28.002,49.17399999999999,13.002,15.402000000000001,82.14600000000002,1.6,9.0,0.7939999999999999,1.2,20.6,0.06000000000000001,11.6,2.0,84.802
88,79,2023-01-04,12,1,2022-2023,Fortaleza B. C. / CFO,UNIFACISA,1,74.2,21.0,38.8,14.4,40.0,12.0,28.0,14.8,19.2,0.782,7.0,20.2,35.794000000000004,19.4,41.2,45.882,14.4,21.8,65.72600000000001,1.8,5.4,0.28600000000000003,2.4,20.8,0.122,19.2,3.6,75.2,73.8,30.0,28.4,15.4,37.4,10.2,27.2,13.6,13.4,1.0700000000000003,10.0,30.2,32.946,14.2,30.0,47.356,15.4,19.6,79.81,0.4,5.8,0.42799999999999994,0.6,18.0,0.036,13.4,2.8,77.6
69,77,2023-01-04,12,1,2022-2023,Caxias do Sul Basquete,Pinheiros,0,69.4,17.4,39.8,12.2,35.5,9.2,26.3,11.7,14.1,0.8640000000000001,5.8,23.9,24.218,19.9,38.7,51.624,12.2,17.6,68.888,1.0,8.1,0.574,2.0,18.5,0.11200000000000002,14.1,1.4,70.3,86.8,24.0,47.4,15.4,39.9,13.7,26.2,18.1,12.4,1.6079999999999999,8.0,25.1,31.221999999999998,23.7,43.6,54.86999999999999,15.4,22.9,66.776,1.4,8.6,0.728,2.9,19.1,0.15799999999999997,12.4,2.0,99.4
77,78,2023-01-05,12,1,2022-2023,São Paulo,Paulistano,0,90.4,39.6,38.0,12.8,34.8,9.2,25.6,17.6,11.2,1.8020000000000003,13.2,31.6,40.932,19.0,36.0,52.648,12.8,17.4,73.61800000000001,1.6,8.4,0.8380000000000001,1.4,22.8,0.06000000000000001,11.2,0.6,101.4,83.0,29.1,45.4,8.5,39.1,11.8,27.3,15.8,10.5,1.576,9.7,25.8,37.556,22.7,46.4,49.164,8.5,11.6,74.474,1.9,8.3,0.8160000000000001,2.4,18.9,0.132,10.5,1.3,95.2
88,101,2023-01-05,12,1,2022-2023,BRB/Brasília,Corinthians,0,85.1,26.7,43.2,15.2,41.8,11.6,30.2,17.2,13.9,1.2499999999999998,8.9,27.1,32.855999999999995,21.6,40.5,53.214,15.2,22.5,67.484,2.6,4.7,0.34199999999999997,2.4,20.3,0.118,13.9,1.5,92.9,79.0,24.6,38.6,15.8,41.4,9.9,31.5,14.9,16.1,0.944,8.2,28.2,28.766,19.3,35.2,55.355999999999995,15.8,19.5,80.536,3.8,4.8,0.3,2.0,16.5,0.122,16.1,3.4,86.4
109,110,2023-01-05,12,1,2022-2023,Cerrado,Pato Basquete,0,89.2,43.2,35.4,10.6,38.9,13.0,25.9,15.2,15.8,0.9879999999999999,14.4,39.6,36.492000000000004,17.7,31.2,56.854,10.6,16.3,64.15799999999999,1.9,6.5,0.41600000000000004,2.1,15.9,0.136,15.8,3.5,91.7,84.8,34.2,39.2,11.4,31.2,8.9,22.3,16.0,14.7,1.1019999999999999,11.4,26.8,42.432,19.6,35.9,54.94200000000001,11.4,16.5,69.672,0.4,7.1,0.508,1.0,19.9,0.05,14.7,3.4,88.6
88,87,2023-01-06,12,1,2022-2023,Minas,UNIFACISA,1,86.2,27.6,48.2,10.4,43.4,12.5,30.9,21.2,14.0,1.556,9.2,25.8,35.76,24.1,40.9,58.64,10.4,14.6,70.128,3.7,5.5,0.404,2.2,15.3,0.146,14.0,3.6,106.9,75.8,30.6,31.2,14.0,38.9,10.9,28.0,13.2,13.5,1.028,10.2,30.1,33.646,15.6,32.6,47.7,14.0,17.0,82.19,0.7,6.0,0.43999999999999995,0.9,17.7,0.05,13.5,3.0,81.4
70,79,2023-01-06,12,1,2022-2023,União Corinthians,Pinheiros,0,79.9,30.0,33.6,16.3,36.8,12.1,24.7,18.3,14.5,1.294,10.0,32.7,31.214,16.8,33.2,50.596,16.3,22.5,72.584,2.5,9.5,0.6659999999999999,1.8,22.0,0.082,14.5,2.8,86.5,87.8,25.2,46.4,16.2,41.0,13.4,27.6,18.4,12.6,1.6159999999999997,8.4,25.9,31.926,23.2,42.0,55.362,16.2,23.7,68.026,1.1,8.6,0.722,3.2,20.0,0.16799999999999998,12.6,2.3,102.6
61,74,2023-01-06,12,1,2022-2023,Caxias do Sul Basquete,Bauru Basket,0,65.8,15.0,38.0,12.8,36.4,9.8,26.6,10.1,14.6,0.7040000000000001,5.0,23.3,21.524,19.0,39.2,48.388,12.8,18.1,69.888,1.0,8.3,0.568,2.3,18.7,0.128,14.6,1.8,64.5,76.90200000000002,33.6,29.4,13.902000000000001,31.598000000000003,8.302000000000001,23.302,16.3,12.0,1.3880000000000001,11.197999999999999,31.0,35.998000000000005,14.7,28.502,51.472,13.902000000000001,16.902,81.19400000000002,1.4,8.7,0.734,1.6,20.5,0.08,12.0,1.9,86.50200000000001
89,75,2023-01-08,1,2,2022-2023,Flamengo,Pato Basquete,1,86.8,45.0,31.2,10.6,41.8,10.8,31.0,19.4,9.6,2.0340000000000003,15.0,37.2,40.344,15.6,28.6,54.872,10.6,14.0,74.48,0.2,6.6,0.6980000000000001,1.4,13.6,0.12,9.6,1.2,107.8,84.7,32.7,40.4,11.6,29.8,8.2,21.6,15.7,15.2,1.042,10.9,26.4,41.086,20.2,36.1,56.174,11.6,15.8,73.16,0.3,6.3,0.43,0.9,19.8,0.044000000000000004,15.2,3.9,86.6
64,70,2023-01-09,1,2,2022-2023,Paulistano,Sesi Franca,0,81.8,28.2,44.8,8.8,39.6,12.2,27.4,16.2,10.2,1.656,9.4,26.0,36.17399999999999,22.4,48.2,46.5,8.8,11.4,77.182,1.6,9.2,0.9279999999999999,2.8,17.2,0.17800000000000002,10.2,1.0,94.4,88.6,30.6,43.8,14.2,41.0,7.8,33.2,18.9,12.1,1.6119999999999997,10.2,27.5,37.436,21.9,36.2,59.379999999999995,14.2,17.0,84.258,3.9,5.3,0.45200000000000007,2.8,17.8,0.16199999999999998,12.1,2.6,110.1
80,82,2023-01-09,1,2,2022-2023,BRB/Brasília,Fortaleza B. C. / CFO,0,85.7,26.4,45.4,13.9,40.8,11.3,29.5,19.2,13.7,1.41,8.8,27.1,32.48,22.7,41.8,54.23,13.9,20.5,67.446,2.6,5.1,0.37599999999999995,2.6,20.5,0.128,13.7,1.7,95.7,75.6,24.6,38.0,13.0,42.8,13.4,29.4,15.6,18.6,0.892,8.2,21.6,38.834,19.0,41.2,44.974000000000004,13.0,21.4,61.562,1.8,5.8,0.332,2.2,21.6,0.10600000000000001,18.6,3.0,79.4
63,58,2023-01-10,1,2,2022-2023,Minas,Bauru Basket,1,88.6,32.4,48.0,8.2,42.0,11.4,30.6,21.2,13.6,1.584,10.8,26.8,40.025999999999996,24.0,40.4,59.122,8.2,13.0,63.246,4.4,5.6,0.41600000000000004,2.0,15.8,0.132,13.6,2.6,108.6,77.202,31.2,31.2,14.802000000000001,32.398,8.402,24.002000000000002,16.8,12.4,1.3699999999999999,10.398,29.6,35.150000000000006,15.6,29.002,53.77,14.802000000000001,18.402,80.242,1.2,8.4,0.6739999999999999,2.0,20.4,0.1,12.4,1.8,88.202
96,69,2023-01-10,1,2,2022-2023,Coop/São José Basketball,Pato Basquete,1,76.6,24.6,40.6,11.4,37.1,11.9,25.2,18.0,12.1,1.5340000000000003,8.2,23.3,35.198,20.3,42.1,48.739999999999995,11.4,16.7,64.936,1.8,6.5,0.5599999999999999,2.6,19.4,0.142,12.1,2.1,86.5,81.2,30.2,41.2,9.8,29.665999999999997,9.065999999999999,20.6,15.2,15.666,0.97,10.065999999999999,25.934000000000005,38.438,20.6,37.134,55.898,9.8,13.534,69.80799999999999,0.2,5.934,0.38199999999999995,0.8,19.0,0.042,15.666,3.7340000000000004,81.0
92,76,2023-01-10,1,2,2022-2023,São Paulo,Rio Claro,1,86.8,35.4,40.0,11.4,36.8,9.5,27.3,16.6,12.4,1.6920000000000002,11.8,29.9,38.39,20.0,37.0,53.914,11.4,15.2,75.436,1.7,8.1,0.79,1.8,20.5,0.096,12.4,0.8,98.8,71.8,23.4,40.0,8.4,28.2,8.2,20.0,17.8,10.4,1.8199999999999998,7.8,22.8,34.384,20.0,42.6,46.480000000000004,8.4,13.2,63.577999999999996,0.6,7.6,0.8039999999999999,3.6,19.2,0.2,10.4,1.8,76.2
70,66,2023-01-10,1,2,2022-2023,Flamengo,Pinheiros,1,85.9,43.8,32.4,9.7,41.2,12.0,29.2,21.0,10.1,2.104,14.6,37.6,38.93,16.2,27.9,58.128,9.7,13.4,70.98,0.3,6.5,0.652,1.9,13.4,0.154,10.1,0.8,108.0,83.8,25.8,44.0,14.0,42.4,13.0,29.4,17.4,14.2,1.392,8.6,26.8,31.6,22.0,41.2,53.51800000000001,14.0,20.6,68.038,1.0,8.6,0.65,3.6,20.2,0.184,14.2,3.4,97.6
88,101,2023-01-11,1,2,2022-2023,BRB/Brasília,UNIFACISA,0,86.4,28.8,44.2,13.4,38.4,10.9,27.5,19.5,13.1,1.478,9.6,29.0,32.910000000000004,22.1,40.9,53.794,13.4,18.8,70.974,2.6,5.5,0.42400000000000004,2.6,20.0,0.132,13.1,1.7,95.7,76.2,28.8,34.2,13.2,39.9,12.0,27.9,12.6,13.8,0.9480000000000001,9.6,30.4,31.411999999999995,17.1,35.3,48.226,13.2,16.2,81.238,0.9,6.8,0.496,1.1,18.4,0.05800000000000001,13.8,2.6,80.8
