placar_casa,placar_visitante,data,round,stage,ano,equipe_casa,equipe_visitante,resultado,Pts_casa,3P_casa,2P_casa,LL_casa,RT_casa,RO_casa,RD_casa,AS_casa,ER_casa,IA%_casa,3PC_casa,3PT_casa,3P%_casa,2PC_casa,2PT_casa,2P%_casa,LLC_casa,LLT_casa,LL%_casa,EN_casa,BR_casa,B/E_casa,TO_casa,FC_casa,T/FC_casa,ET_casa,VI_casa,EF_casa,Pts_visitante,3P_visitante,2P_visitante,LL_visitante,RT_visitante,RO_visitante,RD_visitante,AS_visitante,ER_visitante,IA%_visitante,3PC_visitante,3PT_visitante,3P%_visitante,2PC_visitante,2PT_visitante,2P%_visitante,LLC_visitante,LLT_visitante,LL%_visitante,EN_visitante,BR_visitante,B/E_visitante,TO_visitante,FC_visitante,T/FC_visitante,ET_visitante,VI_visitante,EF_visitante
61,86,2021-10-23,1,1,2021-2022,São Paulo,Flamengo,0,0.0,0.0,0.0,0.0,0.0,0.0,0.0,0.0,0.0,0.0,0.0,0.0,0.0,0.0,0.0,0.0,0.0,0.0,0.0,0.0,0.0,0.0,0.0,0.0,0.0,0.0,0.0,0.0,0.0,0.0,0.0,0.0,0.0,0.0,0.0,0.0,0.0,0.0,0.0,0.0,0.0,0.0,0.0,0.0,0.0,0.0,0.0,0.0,0.0,0.0,0.0,0.0,0.0,0.0,0.0,0.0
59,77,2021-10-25,2,1,2021-2022,União Corinthians,Minas,0,0.0,0.0,0.0,0.0,0.0,0.0,0.0,0.0,0.0,0.0,0.0,0.0,0.0,0.0,0.0,0.0,0.0,0.0,0.0,0.0,0.0,0.0,0.0,0.0,0.0,0.0,0.0,0.0,0.0,0.0,0.0,0.0,0.0,0.0,0.0,0.0,0.0,0.0,0.0,0.0,0.0,0.0,0.0,0.0,0.0,0.0,0.0,0.0,0.0,0.0,0.0,0.0,0.0,0.0,0.0,0.0
76,87,2021-10-26,2,1,2021-2022,Bauru Basket,Sesi Franca,0,0.0,0.0,0.0,0.0,0.0,0.0,0.0,0.0,0.0,0.0,0.0,0.0,0.0,0.0,0.0,0.0,0.0,0.0,0.0,0.0,0.0,0.0,0.0,0.0,0.0,0.0,0.0,0.0,0.0,0.0,0.0,0.0,0.0,0.0,0.0,0.0,0.0,0.0,0.0,0.0,0.0,0.0,0.0,0.0,0.0,0.0,0.0,0.0,0.0,0.0,0.0,0.0,0.0,0.0,0.0,0.0
76,78,2021-10-26,2,1,2021-2022,São Paulo,Cerrado,0,61.0,12.0,42.0,7.0,32.0,8.0,24.0,8.0,14.0,0.57,4.0,26.0,15.38,21.0,41.0,51.22,7.0,12.0,58.33,0.0,11.0,0.79,1.0,17.0,0.06,14.0,1.0,52.0,0.0,0.0,0.0,0.0,0.0,0.0,0.0,0.0,0.0,0.0,0.0,0.0,0.0,0.0,0.0,0.0,0.0,0.0,0.0,0.0,0.0,0.0,0.0,0.0,0.0,0.0,0.0,0.0
86,75,2021-10-26,2,1,2021-2022,Pinheiros,Rio Claro,1,0.0,0.0,0.0,0.0,0.0,0.0,0.0,0.0,0.0,0.0,0.0,0.0,0.0,0.0,0.0,0.0,0.0,0.0,0.0,0.0,0.0,0.0,0.0,0.0,0.0,0.0,0.0,0.0,0.0,0.0,0.0,0.0,0.0,0.0,0.0,0.0,0.0,0.0,0.0,0.0,0.0,0.0,0.0,0.0,0.0,0.0,0.0,0.0,0.0,0.0,0.0,0.0,0.0,0.0,0.0,0.0
71,72,2021-10-27,2,1,2021-2022,Fortaleza B. C. / CFO,UNIFACISA,0,0.0,0.0,0.0,0.0,0.0,0.0,0.0,0.0,0.0,0.0,0.0,0.0,0.0,0.0,0.0,0.0,0.0,0.0,0.0,0.0,0.0,0.0,0.0,0.0,0.0,0.0,0.0,0.0,0.0,0.0,0.0,0.0,0.0,0.0,0.0,0.0,0.0,0.0,0.0,0.0,0.0,0.0,0.0,0.0,0.0,0.0,0.0,0.0,0.0,0.0,0.0,0.0,0.0,0.0,0.0,0.0
75,83,2021-10-27,2,1,2021-2022,Caxias do Sul Basquete,Minas,0,0.0,0.0,0.0,0.0,0.0,0.0,0.0,0.0,0.0,0.0,0.0,0.0,0.0,0.0,0.0,0.0,0.0,0.0,0.0,0.0,0.0,0.0,0.0,0.0,0.0,0.0,0.0,0.0,80.0,28.5,35.0,16.5,39.0,9.0,30.0,11.5,16.5,0.7,9.5,25.0,38.0,17.5,34.0,51.47,16.5,20.5,80.49,2.0,6.0,0.36,2.5,13.0,0.19,16.5,2.5,86.5
76,87,2021-10-27,2,1,2021-2022,União Corinthians,Flamengo,0,67.5,22.5,39.0,6.0,34.0,8.0,26.0,12.5,15.0,0.83,7.5,28.5,26.32,19.5,39.5,49.37,6.0,12.5,48.0,1.5,10.5,0.7,3.0,22.0,0.14,15.0,3.0,65.0,86.0,24.0,58.0,4.0,47.0,10.0,37.0,25.0,16.0,1.56,8.0,26.0,30.77,29.0,43.0,67.44,4.0,7.0,57.14,0.0,9.0,0.56,0.0,16.0,0.0,16.0,1.0,116.0
73,80,2021-10-28,2,1,2021-2022,Pato Basquete,Corinthians,0,0.0,0.0,0.0,0.0,0.0,0.0,0.0,0.0,0.0,0.0,0.0,0.0,0.0,0.0,0.0,0.0,0.0,0.0,0.0,0.0,0.0,0.0,0.0,0.0,0.0,0.0,0.0,0.0,0.0,0.0,0.0,0.0,0.0,0.0,0.0,0.0,0.0,0.0,0.0,0.0,0.0,0.0,0.0,0.0,0.0,0.0,0.0,0.0,0.0,0.0,0.0,0.0,0.0,0.0,0.0,0.0
77,72,2021-10-28,2,1,2021-2022,Mogi,Paulistano,1,0.0,0.0,0.0,0.0,0.0,0.0,0.0,0.0,0.0,0.0,0.0,0.0,0.0,0.0,0.0,0.0,0.0,0.0,0.0,0.0,0.0,0.0,0.0,0.0,0.0,0.0,0.0,0.0,0.0,0.0,0.0,0.0,0.0,0.0,0.0,0.0,0.0,0.0,0.0,0.0,0.0,0.0,0.0,0.0,0.0,0.0,0.0,0.0,0.0,0.0,0.0,0.0,0.0,0.0,0.0,0.0
80,89,2021-10-28,2,1,2021-2022,Pinheiros,Sesi Franca,0,83.0,31.5,35.0,16.5,45.0,14.5,30.5,18.5,13.0,1.42,10.5,29.0,36.21,17.5,41.0,42.68,16.5,22.0,75.0,3.0,6.0,0.46,2.5,21.5,0.12,13.0,1.5,94.5,88.0,27.0,45.0,16.0,43.0,10.5,32.5,22.0,11.5,1.91,9.0,26.5,33.96,22.5,39.0,57.69,16.0,19.5,82.05,3.0,7.0,0.61,3.0,18.0,0.17,11.5,1.0,114.0
77,65,2021-10-28,2,1,2021-2022,Bauru Basket,Rio Claro,1,76.5,28.5,35.0,13.0,37.0,8.0,29.0,14.0,15.0,0.93,9.5,30.0,31.67,17.5,30.0,58.33,13.0,18.5,70.27,1.5,6.5,0.43,1.0,18.0,0.06,15.0,3.0,81.5,70.0,24.0,33.0,13.0,34.0,9.0,25.0,16.0,10.0,1.6,8.0,29.5,27.12,16.5,38.0,43.42,13.0,17.5,74.29,1.5,7.5,0.75,3.0,24.5,0.12,10.0,1.0,73.0
73,86,2021-10-29,2,1,2021-2022,Caxias do Sul Basquete,Flamengo,0,74.0,21.0,46.0,7.0,29.5,8.5,21.0,13.0,11.5,1.13,7.0,21.5,32.56,23.0,40.5,56.79,7.0,11.0,63.64,0.5,7.0,0.61,1.0,20.5,0.05,11.5,1.0,77.0,86.25,28.5,45.0,12.75,46.0,12.25,33.75,20.0,16.75,1.21,9.5,27.0,35.03,22.5,39.25,56.254999999999995,12.75,17.0,68.38499999999999,0.5,8.0,0.48000000000000004,0.75,17.25,0.04,16.75,2.25,105.75
85,66,2021-10-29,2,1,2021-2022,São Paulo,BRB/Brasília,1,70.75,19.5,43.0,8.25,30.75,6.5,24.25,14.75,12.75,1.22,6.5,25.0,26.44,21.5,40.0,53.815,8.25,13.5,60.83,0.25,9.25,0.72,2.25,17.0,0.135,12.75,1.5,72.75,0.0,0.0,0.0,0.0,0.0,0.0,0.0,0.0,0.0,0.0,0.0,0.0,0.0,0.0,0.0,0.0,0.0,0.0,0.0,0.0,0.0,0.0,0.0,0.0,0.0,0.0,0.0,0.0
70,69,2021-10-30,2,1,2021-2022,Mogi,Corinthians,1,73.5,28.5,33.0,12.0,38.5,11.5,27.0,21.0,14.5,1.45,9.5,22.5,42.22,16.5,39.0,42.31,12.0,14.0,85.71,3.0,9.0,0.62,2.0,16.0,0.13,14.5,2.0,92.0,74.5,43.5,22.0,9.0,36.0,11.0,25.0,18.0,16.5,1.09,14.5,34.5,42.03,11.0,25.5,43.14,9.0,13.0,69.23,0.5,7.0,0.42,3.5,17.5,0.2,16.5,5.0,84.0
55,68,2021-10-30,2,1,2021-2022,Pato Basquete,Paulistano,0,64.0,27.0,27.0,10.0,35.5,9.0,26.5,10.5,16.5,0.64,9.0,30.5,29.51,13.5,27.5,49.09,10.0,22.0,45.45,1.0,6.0,0.36,0.5,22.5,0.02,16.5,4.0,52.5,70.0,21.0,33.0,16.0,42.5,12.5,30.0,13.5,17.0,0.79,7.0,26.5,26.42,16.5,36.5,45.21,16.0,23.5,68.09,2.5,10.5,0.62,2.0,17.5,0.11,17.0,6.0,74.5
74,63,2021-11-01,3,1,2021-2022,Rio Claro,União Corinthians,1,70.0,24.0,33.0,13.0,34.0,9.0,25.0,16.0,10.0,1.6,8.0,29.5,27.12,16.5,38.0,43.42,13.0,17.5,74.29,1.5,7.5,0.75,3.0,24.5,0.12,10.0,1.0,73.0,67.5,22.5,39.0,6.0,34.0,8.0,26.0,12.5,15.0,0.83,7.5,28.5,26.32,19.5,39.5,49.37,6.0,12.5,48.0,1.5,10.5,0.7,3.0,22.0,0.14,15.0,3.0,65.0
74,69,2021-11-02,3,1,2021-2022,Paulistano,Corinthians,1,70.0,21.0,33.0,16.0,42.5,12.5,30.0,13.5,17.0,0.79,7.0,26.5,26.42,16.5,36.5,45.21,16.0,23.5,68.09,2.5,10.5,0.62,2.0,17.5,0.11,17.0,6.0,74.5,74.5,43.5,22.0,9.0,36.0,11.0,25.0,18.0,16.5,1.09,14.5,34.5,42.03,11.0,25.5,43.14,9.0,13.0,69.23,0.5,7.0,0.42,3.5,17.5,0.2,16.5,5.0,84.0
88,79,2021-11-02,3,1,2021-2022,Cerrado,Pinheiros,1,78.0,24.0,44.0,10.0,43.0,13.0,30.0,18.0,22.0,0.82,8.0,27.0,29.63,22.0,39.0,56.41,10.0,14.0,71.43,2.0,7.0,0.32,3.0,17.0,0.18,22.0,7.0,87.0,83.0,31.5,35.0,16.5,45.0,14.5,30.5,18.5,13.0,1.42,10.5,29.0,36.21,17.5,41.0,42.68,16.5,22.0,75.0,3.0,6.0,0.46,2.5,21.5,0.12,13.0,1.5,94.5
109,75,2021-11-03,3,1,2021-2022,Minas,Mogi,1,80.0,28.5,35.0,16.5,39.0,9.0,30.0,11.5,16.5,0.7,9.5,25.0,38.0,17.5,34.0,51.47,16.5,20.5,80.49,2.0,6.0,0.36,2.5,13.0,0.19,16.5,2.5,86.5,73.5,28.5,33.0,12.0,38.5,11.5,27.0,21.0,14.5,1.45,9.5,22.5,42.22,16.5,39.0,42.31,12.0,14.0,85.71,3.0,9.0,0.62,2.0,16.0,0.13,14.5,2.0,92.0
63,65,2021-11-03,3,1,2021-2022,Rio Claro,Caxias do Sul Basquete,0,69.5,24.5,30.666666666666668,14.333333333333334,35.0,9.333333333333334,25.666666666666668,15.333333333333334,11.666666666666666,1.3766666666666667,8.166666666666666,28.333333333333332,28.97666666666667,15.333333333333334,35.833333333333336,42.70333333333334,14.333333333333334,19.0,75.28333333333335,1.3333333333333333,7.833333333333333,0.69,2.3333333333333335,23.666666666666668,0.09666666666666666,11.666666666666666,1.5,73.0,74.0,21.0,46.0,7.0,29.5,8.5,21.0,13.0,11.5,1.13,7.0,21.5,32.56,23.0,40.5,56.79,7.0,11.0,63.64,0.5,7.0,0.61,1.0,20.5,0.05,11.5,1.0,77.0
115,74,2021-11-03,3,1,2021-2022,Sesi Franca,União Corinthians,1,88.0,27.0,45.0,16.0,43.0,10.5,32.5,22.0,11.5,1.91,9.0,26.5,33.96,22.5,39.0,57.69,16.0,19.5,82.05,3.0,7.0,0.61,3.0,18.0,0.17,11.5,1.0,114.0,67.83333333333333,24.5,35.666666666666664,7.666666666666667,33.0,7.166666666666667,25.833333333333332,13.166666666666666,14.0,0.9566666666666667,8.166666666666666,30.666666666666668,26.593333333333334,17.833333333333332,36.333333333333336,49.02333333333333,7.666666666666667,13.833333333333334,54.223333333333336,2.0,9.833333333333334,0.7033333333333333,2.6666666666666665,21.833333333333332,0.12333333333333334,14.0,2.5,65.33333333333333
94,62,2021-11-03,3,1,2021-2022,Flamengo,Pato Basquete,1,86.33333333333333,30.0,40.666666666666664,15.666666666666666,45.666666666666664,13.0,32.666666666666664,18.333333333333332,17.0,1.0933333333333333,10.0,27.333333333333332,36.449999999999996,20.333333333333332,38.0,52.526666666666664,15.666666666666666,20.333333333333332,72.13333333333333,0.6666666666666666,7.666666666666667,0.45333333333333337,1.0,17.666666666666668,0.05333333333333334,17.0,2.6666666666666665,102.33333333333333,64.0,27.0,27.0,10.0,35.5,9.0,26.5,10.5,16.5,0.64,9.0,30.5,29.51,13.5,27.5,49.09,10.0,22.0,45.45,1.0,6.0,0.36,0.5,22.5,0.02,16.5,4.0,52.5
68,81,2021-11-04,3,1,2021-2022,Fortaleza B. C. / CFO,São Paulo,0,71.0,18.0,42.0,11.0,41.0,9.0,32.0,11.0,9.0,1.22,6.0,29.0,20.69,21.0,43.0,48.84,11.0,13.0,84.62,2.0,7.0,0.78,2.0,19.0,0.11,9.0,4.0,76.0,74.0,22.0,43.333333333333336,8.666666666666666,30.333333333333332,6.0,24.333333333333332,17.0,12.333333333333334,1.4366666666666668,7.333333333333333,24.666666666666668,30.126666666666665,21.666666666666668,39.666666666666664,54.68,8.666666666666666,14.0,61.663333333333334,0.3333333333333333,8.666666666666666,0.6966666666666667,2.6666666666666665,17.0,0.16,12.333333333333334,1.6666666666666667,79.66666666666667
92,93,2021-11-04,3,1,2021-2022,BRB/Brasília,Pinheiros,0,66.0,27.0,30.0,9.0,47.0,19.0,28.0,14.0,15.0,0.93,9.0,20.0,45.0,15.0,47.0,31.91,9.0,12.0,75.0,1.0,2.0,0.13,2.0,17.0,0.12,15.0,1.0,70.0,84.0,30.0,39.333333333333336,14.666666666666666,46.5,16.833333333333332,29.666666666666668,19.0,13.5,1.4066666666666665,10.0,28.333333333333332,35.25,19.666666666666668,45.5,43.13333333333333,14.666666666666666,20.5,70.95333333333333,2.8333333333333335,6.666666666666667,0.49000000000000005,3.5,21.5,0.16666666666666666,13.5,2.0,96.16666666666667
87,92,2021-11-04,3,1,2021-2022,Cerrado,Bauru Basket,0,82.75,26.25,45.0,11.5,43.75,13.5,30.25,15.75,17.0,0.9749999999999999,8.75,30.5,28.785,22.5,39.75,56.599999999999994,11.5,16.0,71.825,2.25,6.5,0.41000000000000003,3.0,18.75,0.16499999999999998,17.0,5.0,91.25,76.5,28.5,35.0,13.0,37.0,8.0,29.0,14.0,15.0,0.93,9.5,30.0,31.67,17.5,30.0,58.33,13.0,18.5,70.27,1.5,6.5,0.43,1.0,18.0,0.06,15.0,3.0,81.5
116,73,2021-11-05,3,1,2021-2022,Flamengo,Mogi,1,91.0,34.875,41.0,15.125,46.25,13.75,32.5,21.0,17.0,1.2475,11.625,29.875,38.3375,20.5,36.375,56.0625,15.125,20.5,70.1725,1.0,8.0,0.47250000000000003,1.5,16.875,0.0925,17.0,2.5,111.25,73.66666666666667,28.0,34.666666666666664,11.0,37.166666666666664,12.166666666666666,25.0,20.333333333333332,15.333333333333334,1.3399999999999999,9.333333333333334,25.0,38.14666666666667,17.333333333333332,38.833333333333336,44.656666666666666,11.0,13.333333333333334,82.14,2.6666666666666665,8.0,0.5299999999999999,2.5,17.833333333333332,0.14,15.333333333333334,2.1666666666666665,86.83333333333333
79,67,2021-11-05,3,1,2021-2022,Minas,Pato Basquete,1,84.66666666666667,32.0,35.666666666666664,17.0,40.5,11.0,29.5,16.166666666666668,14.5,1.2766666666666666,10.666666666666666,27.0,39.31333333333333,17.833333333333332,34.333333333333336,51.93333333333334,17.0,22.666666666666668,75.88333333333333,2.3333333333333335,6.666666666666667,0.49333333333333335,2.1666666666666665,14.5,0.15666666666666665,14.5,2.8333333333333335,97.16666666666667,64.16666666666667,24.5,28.333333333333332,11.333333333333334,33.333333333333336,7.833333333333333,25.5,12.666666666666666,15.0,0.9,8.166666666666666,28.666666666666668,28.340000000000003,14.166666666666666,29.833333333333332,47.70333333333334,11.333333333333334,21.5,53.06333333333333,1.0,7.5,0.5333333333333333,0.5,22.0,0.02,15.0,3.1666666666666665,56.833333333333336
84,75,2021-11-05,3,1,2021-2022,Sesi Franca,Caxias do Sul Basquete,1,91.83333333333333,29.0,45.666666666666664,17.166666666666668,43.833333333333336,10.0,33.833333333333336,21.333333333333332,11.833333333333334,1.8066666666666666,9.666666666666666,26.666666666666668,36.22,22.833333333333332,38.833333333333336,58.806666666666665,17.166666666666668,22.333333333333332,77.91333333333334,3.1666666666666665,6.5,0.5533333333333333,3.1666666666666665,17.0,0.19000000000000003,11.833333333333334,1.5,116.66666666666667,72.66666666666667,24.5,40.0,8.166666666666666,29.833333333333332,7.0,22.833333333333332,15.166666666666666,13.166666666666666,1.1466666666666665,8.166666666666666,22.5,35.99333333333333,20.0,36.0,55.14333333333334,8.166666666666666,13.666666666666666,60.846666666666664,0.5,6.833333333333333,0.5366666666666666,1.6666666666666667,23.0,0.07,13.166666666666666,2.1666666666666665,77.16666666666667
66,78,2021-11-06,3,1,2021-2022,UNIFACISA,São Paulo,0,72.0,27.0,30.0,15.0,46.0,10.0,36.0,12.0,14.0,0.86,9.0,26.0,34.62,15.0,39.0,38.46,15.0,18.0,83.33,1.0,4.0,0.29,1.0,20.0,0.05,14.0,3.0,77.0,75.375,22.125,44.5,8.75,31.75,6.0,25.75,17.375,12.0,1.4975,7.375,25.125,29.669999999999998,22.25,38.375,58.402499999999996,8.75,13.5,64.9975,1.0,8.0,0.6599999999999999,2.375,16.125,0.1475,12.0,1.625,84.25
49,60,2021-11-06,3,1,2021-2022,BRB/Brasília,Bauru Basket,0,68.25,25.5,31.0,11.75,45.25,15.75,29.5,14.5,14.25,1.02,8.5,21.75,39.519999999999996,15.5,46.0,33.735,11.75,14.75,78.93,0.5,4.25,0.305,2.25,18.0,0.125,14.25,2.0,73.5,76.33333333333333,25.0,37.666666666666664,13.666666666666666,38.0,7.333333333333333,30.666666666666668,14.5,13.666666666666666,1.09,8.333333333333334,28.333333333333332,29.113333333333333,18.833333333333332,32.333333333333336,58.25666666666666,13.666666666666666,18.833333333333332,72.48666666666666,1.0,6.0,0.4366666666666667,2.1666666666666665,18.0,0.12333333333333334,13.666666666666666,2.3333333333333335,84.66666666666667
81,60,2021-11-08,4,1,2021-2022,Pinheiros,Fortaleza B. C. / CFO,1,84.5,29.25,41.5,13.75,47.25,18.0,29.25,19.25,13.75,1.4,9.75,28.0,34.769999999999996,20.75,47.75,43.36,13.75,19.75,68.93,2.75,7.0,0.5050000000000001,4.0,21.5,0.19,13.75,2.25,97.0,69.5,16.5,44.0,9.0,43.5,13.0,30.5,10.5,10.0,1.065,5.5,29.5,18.68,22.0,45.5,48.38,9.0,10.5,86.06,1.0,7.0,0.71,1.0,16.5,0.055,10.0,3.5,72.5
75,76,2021-11-08,4,1,2021-2022,União Corinthians,Cerrado,0,68.0,25.5,34.0,8.5,32.5,6.75,25.75,13.5,13.5,1.02,8.5,31.75,26.73,17.0,34.75,48.849999999999994,8.5,14.5,57.33500000000001,2.25,9.5,0.705,2.5,21.75,0.11499999999999999,13.5,2.25,65.5,84.33333333333333,27.0,45.333333333333336,12.0,44.0,13.666666666666666,30.333333333333332,15.0,15.333333333333334,1.0266666666666666,9.0,31.666666666666668,28.503333333333334,22.666666666666668,40.0,56.66333333333333,12.0,16.666666666666668,71.95666666666666,2.3333333333333335,6.333333333333333,0.44,3.0,19.333333333333332,0.16,15.333333333333334,4.333333333333333,92.66666666666667
80,83,2021-11-09,4,1,2021-2022,Corinthians,Flamengo,0,72.66666666666667,38.0,24.666666666666668,10.0,37.666666666666664,11.666666666666666,26.0,16.333333333333332,16.0,1.0166666666666668,12.666666666666666,33.666666666666664,37.39666666666667,12.333333333333334,27.666666666666668,44.38666666666666,10.0,14.333333333333334,69.68333333333334,1.0,7.0,0.4366666666666667,3.3333333333333335,18.0,0.18666666666666668,16.0,4.0,80.33333333333333,93.8,37.8,41.2,14.8,46.6,14.2,32.4,22.6,17.0,1.34,12.6,31.4,39.47,20.6,35.4,58.184000000000005,14.8,20.6,68.99600000000001,1.2,8.2,0.484,1.8,16.4,0.11599999999999999,17.0,2.4,116.6
72,64,2021-11-10,4,1,2021-2022,Caxias do Sul Basquete,Cerrado,1,72.0,26.25,37.0,8.75,30.0,6.25,23.75,16.25,14.0,1.1549999999999998,8.75,23.0,37.71,18.5,33.75,54.32,8.75,15.0,59.449999999999996,0.5,6.75,0.5,2.0,24.25,0.08,14.0,2.75,77.25,80.75,27.75,42.0,11.0,43.625,12.875,30.75,14.25,16.375,0.9249999999999999,9.25,31.75,29.19,21.0,38.625,54.092499999999994,11.0,16.0,68.2525,1.875,6.625,0.42500000000000004,2.5,18.75,0.135,16.375,3.75,86.25
74,59,2021-11-10,4,1,2021-2022,Bauru Basket,Fortaleza B. C. / CFO,1,76.25,23.25,39.0,14.0,38.5,7.0,31.5,14.75,13.0,1.17,7.75,27.5,27.835,19.5,33.5,58.22,14.0,19.0,73.595,0.75,5.75,0.44,2.75,18.0,0.155,13.0,2.0,86.25,66.16666666666667,17.0,40.0,9.166666666666666,41.166666666666664,12.5,28.666666666666668,11.833333333333334,11.833333333333334,1.0233333333333332,5.666666666666667,27.666666666666668,20.786666666666665,20.0,43.166666666666664,46.10666666666666,9.166666666666666,12.0,78.48333333333333,0.6666666666666666,7.0,0.6233333333333333,1.6666666666666667,16.833333333333332,0.09333333333333334,11.833333333333334,3.3333333333333335,68.0
67,86,2021-11-10,4,1,2021-2022,Pinheiros,UNIFACISA,0,82.4,28.5,40.6,13.3,47.2,18.5,28.7,18.8,13.2,1.43,9.5,29.4,32.67399999999999,20.3,45.7,44.553999999999995,13.3,19.3,68.286,2.8,7.2,0.55,3.6,20.5,0.176,13.2,1.9,94.7,69.0,24.0,35.0,10.0,41.5,12.5,29.0,14.5,14.0,1.035,8.0,26.5,30.275,17.5,39.0,44.870000000000005,10.0,15.0,62.5,1.5,5.0,0.36,0.5,20.5,0.025,14.0,2.5,71.5
70,55,2021-11-10,4,1,2021-2022,União Corinthians,BRB/Brasília,1,68.9,25.8,35.0,8.1,34.6,8.4,26.2,13.3,13.5,1.002,8.6,31.4,27.384000000000004,17.5,37.8,46.879999999999995,8.1,13.6,58.86800000000001,2.2,10.9,0.808,2.7,21.8,0.124,13.5,2.5,68.3,69.0,25.0,31.333333333333332,12.666666666666666,44.666666666666664,14.666666666666666,30.0,14.666666666666666,14.0,1.05,8.333333333333334,22.333333333333332,37.69333333333333,15.666666666666666,45.666666666666664,34.343333333333334,12.666666666666666,15.666666666666666,80.24000000000001,0.3333333333333333,5.0,0.3633333333333333,2.3333333333333335,18.333333333333332,0.12666666666666668,14.0,2.3333333333333335,74.66666666666667
87,81,2021-11-11,4,1,2021-2022,Paulistano,Flamengo,1,71.33333333333333,24.0,34.666666666666664,12.666666666666666,40.333333333333336,11.333333333333334,29.0,15.666666666666666,14.666666666666666,1.1933333333333334,8.0,25.666666666666668,31.503333333333334,17.333333333333332,38.0,45.586666666666666,12.666666666666666,19.333333333333332,63.576666666666675,2.0,9.333333333333334,0.6466666666666666,2.0,18.666666666666668,0.10666666666666667,14.666666666666666,4.666666666666667,79.0,91.83333333333333,36.5,39.833333333333336,15.5,44.916666666666664,13.75,31.166666666666668,21.0,16.833333333333332,1.2516666666666667,12.166666666666666,30.666666666666668,39.065,19.916666666666668,34.916666666666664,56.94833333333333,15.5,21.333333333333332,70.16333333333334,1.0,7.833333333333333,0.4666666666666666,2.0833333333333335,17.083333333333332,0.125,16.833333333333332,2.6666666666666665,111.5
65,82,2021-11-11,4,1,2021-2022,Corinthians,Minas,0,72.625,36.75,25.5,10.375,36.625,11.625,25.0,16.375,14.625,1.155,12.25,35.0,35.1,12.75,28.0,45.36,10.375,14.375,72.09,1.0,6.5,0.4475,3.125,18.125,0.17500000000000002,14.625,3.125,78.625,87.0,33.75,36.0,17.25,41.25,12.0,29.25,18.5,13.5,1.565,11.25,28.0,39.97,18.0,34.5,52.165000000000006,17.25,23.75,73.58,2.5,7.0,0.56,2.0,15.25,0.13999999999999999,13.5,3.0,102.5
66,88,2021-11-11,4,1,2021-2022,Pato Basquete,Sesi Franca,0,64.25,23.25,29.0,12.0,32.25,7.25,25.0,13.75,14.25,1.03,7.75,27.75,27.755000000000003,14.5,31.0,47.010000000000005,12.0,21.25,56.870000000000005,1.0,8.25,0.62,0.5,21.75,0.02,14.25,2.75,59.0,93.75,30.0,46.0,17.75,44.25,9.75,34.5,21.0,12.0,1.755,10.0,26.75,37.35,23.0,38.75,59.364999999999995,17.75,23.75,75.845,3.25,6.25,0.525,3.25,16.5,0.2,12.0,1.75,118.0
64,60,2021-11-11,4,1,2021-2022,Mogi,Rio Claro,1,73.75,27.75,35.5,10.5,36.5,12.5,24.0,20.0,15.75,1.285,9.25,26.25,36.11,17.75,38.75,45.83,10.5,13.0,80.35499999999999,2.5,7.5,0.485,2.75,18.75,0.14500000000000002,15.75,2.25,84.25,69.25,24.75,29.5,15.0,35.5,9.5,26.0,15.0,12.5,1.265,8.25,27.75,29.905,14.75,34.75,42.345000000000006,15.0,19.75,75.78,1.25,8.0,0.6599999999999999,2.0,23.25,0.08499999999999999,12.5,1.75,73.0
84,68,2021-11-12,4,1,2021-2022,Bauru Basket,UNIFACISA,1,76.8,24.9,38.4,13.5,38.6,8.1,30.5,15.6,12.5,1.298,8.3,28.8,28.444,19.2,32.7,58.779999999999994,13.5,17.8,76.568,0.6,5.6,0.44800000000000006,2.9,17.9,0.164,12.5,2.0,88.7,71.66666666666667,28.0,32.666666666666664,11.0,38.166666666666664,10.833333333333334,27.333333333333332,16.166666666666668,13.0,1.28,9.333333333333334,27.5,33.74333333333333,16.333333333333332,34.666666666666664,47.86333333333334,11.0,15.333333333333334,68.75,1.8333333333333333,5.666666666666667,0.4533333333333333,0.6666666666666666,19.0,0.03666666666666667,13.0,2.3333333333333335,78.5
76,64,2021-11-12,4,1,2021-2022,Caxias do Sul Basquete,BRB/Brasília,1,72.4,24.3,39.2,8.9,32.2,7.6,24.6,17.4,13.8,1.2619999999999998,8.1,22.8,35.168,19.6,35.9,54.242,8.9,14.7,61.63399999999999,0.8,7.8,0.584,2.3,23.1,0.10200000000000001,13.8,2.9,81.5,66.625,21.375,30.75,14.5,42.75,12.75,30.0,12.875,16.125,0.8700000000000001,7.125,20.625,33.91499999999999,15.375,42.125,37.265,14.5,17.5,81.92,0.375,4.375,0.3,2.875,17.625,0.16749999999999998,16.125,1.875,70.125
67,96,2021-11-13,4,1,2021-2022,Paulistano,Minas,0,72.75,24.0,36.0,12.75,39.0,11.25,27.75,15.875,14.375,1.2,8.0,25.375,31.79,18.0,38.625,46.535,12.75,19.125,65.25,1.5,8.75,0.615,1.75,19.625,0.09,14.375,4.25,79.375,87.4,34.5,37.0,15.9,42.0,11.8,30.2,18.2,13.6,1.494,11.5,28.5,40.172,18.5,34.7,53.282000000000004,15.9,21.6,75.018,2.3,7.3,0.5700000000000001,2.0,15.4,0.13799999999999998,13.6,2.9,104.4
96,102,2021-11-13,4,1,2021-2022,Mogi,Sesi Franca,0,75.0,27.6,35.6,11.8,37.9,12.6,25.3,19.5,15.8,1.246,9.2,26.7,35.20399999999999,17.8,38.3,46.528,11.8,15.1,78.752,2.4,7.4,0.476,2.3,18.6,0.12200000000000003,15.8,2.4,85.0,94.0,32.1,45.0,16.9,43.2,9.5,33.7,21.0,12.1,1.7399999999999998,10.7,28.2,37.822,22.5,37.4,60.303999999999995,16.9,22.8,74.886,3.3,6.6,0.548,3.0,16.6,0.184,12.1,1.8,117.4
72,77,2021-11-13,4,1,2021-2022,Pato Basquete,Rio Claro,0,65.2,23.4,30.8,11.0,33.3,8.2,25.1,13.6,14.4,0.998,7.8,27.3,28.478,15.4,32.7,47.228,11.0,19.7,55.86600000000001,1.0,7.4,0.55,0.8,21.6,0.036,14.4,2.8,60.4,69.1,24.3,30.2,14.6,36.0,10.1,25.9,14.2,12.3,1.204,8.1,26.7,30.589999999999996,15.1,36.0,41.92400000000001,14.6,19.7,73.958,1.3,8.0,0.6679999999999999,1.8,22.9,0.07799999999999999,12.3,2.5,72.2
79,77,2021-11-16,5,1,2021-2022,São Paulo,Bauru Basket,1,76.2,22.2,45.2,8.8,32.6,6.0,26.6,17.6,11.8,1.534,7.4,25.4,29.395999999999997,22.6,37.6,60.63599999999999,8.8,13.2,66.998,1.4,7.6,0.6379999999999999,2.2,15.6,0.13999999999999999,11.8,1.6,87.0,77.16666666666667,26.0,38.0,13.166666666666666,38.666666666666664,8.833333333333334,29.833333333333332,16.166666666666668,12.166666666666666,1.3833333333333335,8.666666666666666,29.666666666666668,28.849999999999998,19.0,32.166666666666664,59.15333333333333,13.166666666666666,17.0,78.55,0.5,5.5,0.45333333333333337,3.0,17.833333333333332,0.17,12.166666666666666,2.0,90.33333333333333
94,85,2021-11-17,5,1,2021-2022,Fortaleza B. C. / CFO,Caxias do Sul Basquete,1,64.5,17.25,38.0,9.25,40.0,12.25,27.75,12.5,12.75,1.0025,5.75,26.75,21.84,19.0,42.0,44.97,9.25,12.75,74.695,0.5,7.0,0.58,2.0,17.0,0.11250000000000002,12.75,3.25,65.75,72.66666666666667,23.0,40.666666666666664,9.0,33.666666666666664,8.5,25.166666666666668,18.166666666666668,13.666666666666666,1.333333333333333,7.666666666666667,22.666666666666668,33.473333333333336,20.333333333333332,37.333333333333336,54.19,9.0,14.5,63.089999999999996,1.0,8.5,0.64,2.5,22.333333333333332,0.11666666666666665,13.666666666666666,3.0,84.33333333333333
104,99,2021-11-17,5,1,2021-2022,UNIFACISA,União Corinthians,1,73.0,30.0,31.5,11.5,36.5,10.0,26.5,17.0,12.5,1.4024999999999999,10.0,28.0,35.4775,15.75,32.5,49.36,11.5,15.5,71.875,2.0,6.0,0.5,0.75,18.25,0.042499999999999996,12.5,2.25,82.0,69.5,26.0,35.666666666666664,7.833333333333333,36.0,9.5,26.5,13.166666666666666,13.5,0.9899999999999999,8.666666666666666,31.166666666666668,27.820000000000004,17.833333333333332,39.833333333333336,45.56666666666666,7.833333333333333,13.0,59.89000000000001,2.1666666666666665,11.833333333333334,0.8766666666666666,2.8333333333333335,21.833333333333332,0.13,13.5,2.6666666666666665,70.16666666666667
85,79,2021-11-18,5,1,2021-2022,Rio Claro,Paulistano,1,69.0,24.0,30.666666666666668,14.333333333333334,36.333333333333336,10.5,25.833333333333332,13.666666666666666,12.166666666666666,1.1633333333333333,8.0,26.0,31.046666666666663,15.333333333333334,36.833333333333336,41.64333333333334,14.333333333333334,19.666666666666668,72.74333333333334,1.3333333333333333,8.0,0.6733333333333333,1.6666666666666667,22.666666666666668,0.07333333333333332,12.166666666666666,3.0,71.66666666666667,73.6,24.0,36.8,12.8,38.2,11.2,27.0,16.0,14.2,1.204,8.0,25.2,31.962,18.4,39.0,47.104,12.8,19.0,66.25399999999999,1.2,8.4,0.596,1.6,20.2,0.07999999999999999,14.2,4.0,79.6
86,70,2021-11-18,5,1,2021-2022,São Paulo,Pinheiros,1,77.25,23.5,45.333333333333336,8.416666666666666,32.583333333333336,6.0,26.583333333333332,18.333333333333332,12.0,1.5599999999999998,7.833333333333333,25.75,30.55666666666666,22.666666666666668,36.916666666666664,61.97333333333332,8.416666666666666,12.666666666666666,66.665,1.5833333333333333,7.333333333333333,0.6083333333333333,2.3333333333333335,15.666666666666666,0.14833333333333332,12.0,1.8333333333333333,89.41666666666667,81.0,28.0,40.0,13.0,47.166666666666664,18.833333333333332,28.333333333333332,18.5,12.833333333333334,1.45,9.333333333333334,30.333333333333332,31.27666666666666,20.0,44.333333333333336,45.349999999999994,13.0,19.0,67.85666666666667,2.8333333333333335,7.333333333333333,0.5800000000000001,3.3333333333333335,19.833333333333332,0.16666666666666666,12.833333333333334,1.6666666666666667,93.16666666666667
86,62,2021-11-18,5,1,2021-2022,Sesi Franca,Corinthians,1,94.16666666666667,33.5,44.333333333333336,16.333333333333332,42.5,9.333333333333334,33.166666666666664,21.0,12.166666666666666,1.7299999999999998,11.166666666666666,29.166666666666668,38.13666666666667,22.166666666666668,36.5,60.93,16.333333333333332,22.166666666666668,74.24666666666667,3.3333333333333335,6.833333333333333,0.5633333333333334,2.8333333333333335,16.666666666666668,0.17333333333333334,12.166666666666666,1.8333333333333333,117.0,72.6,36.0,26.0,10.6,36.0,11.6,24.4,16.4,13.8,1.238,12.0,35.8,33.722,13.0,28.2,45.944,10.6,14.4,73.534,1.0,6.2,0.454,3.0,18.2,0.168,13.8,2.6,77.6
53,70,2021-11-19,5,1,2021-2022,UNIFACISA,Caxias do Sul Basquete,0,74.1,29.7,33.0,11.4,37.6,10.7,26.9,17.4,12.1,1.484,9.9,29.0,34.14,16.5,33.8,49.488,11.4,15.5,71.694,2.1,5.6,0.476,0.9,18.0,0.052000000000000005,12.1,2.2,83.0,73.35714285714286,23.571428571428573,40.57142857142857,9.214285714285714,34.07142857142857,8.285714285714286,25.785714285714285,17.857142857142858,13.428571428571429,1.3328571428571425,7.857142857142857,22.428571428571427,34.81428571428571,20.285714285714285,37.714285714285715,53.59142857142857,9.214285714285714,14.428571428571429,64.79142857142857,1.1428571428571428,8.357142857142858,0.6385714285714286,2.5714285714285716,21.857142857142858,0.12285714285714286,13.428571428571429,3.142857142857143,85.57142857142857
77,76,2021-11-19,5,1,2021-2022,Fortaleza B. C. / CFO,União Corinthians,1,68.7,19.2,39.0,10.5,39.8,12.1,27.7,13.6,12.4,1.13,6.4,25.1,27.201999999999998,19.5,42.7,45.426,10.5,14.8,73.234,1.1,6.6,0.554,2.1,17.1,0.11800000000000002,12.4,3.1,72.2,72.07142857142857,27.642857142857142,36.0,8.428571428571429,36.5,10.071428571428571,26.428571428571427,13.857142857142858,13.0,1.1057142857142856,9.214285714285714,31.642857142857142,29.021428571428572,18.0,39.642857142857146,46.107142857142854,8.428571428571429,13.428571428571429,62.048571428571435,2.0,11.0,0.8371428571428571,2.7142857142857144,21.0,0.13,13.0,2.642857142857143,74.07142857142857
78,73,2021-11-19,5,1,2021-2022,BRB/Brasília,Mogi,1,65.2,19.2,30.4,15.6,41.6,11.6,30.0,11.8,17.4,0.7620000000000001,6.4,19.6,31.64799999999999,15.2,40.0,39.018,15.6,18.6,82.928,0.4,4.0,0.262,3.2,17.2,0.192,17.4,1.6,67.4,75.83333333333333,27.5,35.666666666666664,12.666666666666666,38.833333333333336,12.666666666666666,26.166666666666668,19.166666666666668,15.833333333333334,1.22,9.166666666666666,27.0,34.599999999999994,17.833333333333332,38.0,46.99333333333333,12.666666666666666,16.5,77.68333333333334,2.3333333333333335,7.333333333333333,0.47,2.0,18.5,0.10666666666666669,15.833333333333334,2.5,85.5
85,86,2021-11-19,5,1,2021-2022,Cerrado,Pato Basquete,0,78.6,28.2,40.0,10.4,43.4,12.4,31.0,13.8,17.0,0.8639999999999999,9.4,31.8,29.601999999999997,20.0,37.8,52.55,10.4,15.6,66.03,1.6,6.8,0.41600000000000004,2.2,18.4,0.12000000000000002,17.0,3.4,82.4,65.83333333333333,23.5,32.0,10.333333333333334,34.0,8.833333333333334,25.166666666666668,13.5,14.5,0.9766666666666667,7.833333333333333,27.0,28.960000000000004,16.0,33.833333333333336,47.373333333333335,10.333333333333334,18.666666666666668,55.19666666666668,1.0,6.833333333333333,0.5033333333333333,1.0,21.5,0.04666666666666667,14.5,2.8333333333333335,61.333333333333336
99,63,2021-11-20,5,1,2021-2022,Flamengo,Minas,1,90.42857142857143,35.57142857142857,38.857142857142854,16.0,43.714285714285715,13.428571428571429,30.285714285714285,19.857142857142858,16.714285714285715,1.1885714285714286,11.857142857142858,30.142857142857142,38.77571428571429,19.428571428571427,34.57142857142857,56.065714285714286,16.0,21.857142857142858,70.99714285714286,0.8571428571428571,7.571428571428571,0.45428571428571424,2.2857142857142856,17.571428571428573,0.13142857142857142,16.714285714285715,2.857142857142857,107.85714285714286,87.66666666666667,35.0,37.666666666666664,15.0,42.5,11.666666666666666,30.833333333333332,18.0,13.666666666666666,1.4466666666666665,11.666666666666666,28.833333333333332,40.306666666666665,18.833333333333332,34.833333333333336,54.02666666666667,15.0,20.166666666666668,75.97666666666666,2.1666666666666665,7.5,0.5766666666666667,2.0,15.5,0.13666666666666666,13.666666666666666,2.8333333333333335,105.66666666666667
63,75,2021-11-20,5,1,2021-2022,Rio Claro,Corinthians,0,69.71428571428571,23.357142857142858,32.714285714285715,13.642857142857142,35.357142857142854,10.0,25.357142857142858,14.5,11.928571428571429,1.262857142857143,7.785714285714286,24.857142857142858,31.77,16.357142857142858,37.42857142857143,43.53428571428572,13.642857142857142,18.857142857142858,72.0457142857143,1.5,8.0,0.6857142857142857,1.5714285714285714,22.071428571428573,0.06999999999999999,11.928571428571429,2.7857142857142856,73.85714285714286,71.91666666666667,35.0,26.333333333333332,10.583333333333334,35.583333333333336,11.333333333333334,24.25,15.833333333333334,14.416666666666666,1.155,11.666666666666666,34.916666666666664,33.56666666666667,13.166666666666666,27.916666666666668,47.09166666666667,10.583333333333334,14.0,75.86166666666666,1.0833333333333333,6.25,0.44,3.0,17.833333333333332,0.17166666666666666,14.416666666666666,2.8333333333333335,76.75
82,78,2021-11-20,5,1,2021-2022,Sesi Franca,Paulistano,1,92.71428571428571,32.142857142857146,44.714285714285715,15.857142857142858,41.5,9.0,32.5,20.214285714285715,12.428571428571429,1.6414285714285712,10.714285714285714,28.0,38.13142857142857,22.357142857142858,36.785714285714285,60.94571428571429,15.857142857142858,21.428571428571427,74.56428571428572,3.4285714285714284,6.571428571428571,0.5342857142857144,2.857142857142857,16.357142857142858,0.17857142857142858,12.428571428571429,1.7142857142857142,114.14285714285714,74.41666666666667,26.0,36.0,12.416666666666666,37.166666666666664,10.75,26.416666666666668,15.5,13.583333333333334,1.21,8.666666666666666,26.5,32.695,18.0,37.583333333333336,47.99666666666666,12.416666666666666,18.0,68.67333333333333,1.25,8.25,0.615,1.9166666666666667,20.166666666666668,0.09666666666666666,13.583333333333334,3.8333333333333335,80.66666666666667
53,70,2021-11-21,5,1,2021-2022,BRB/Brasília,Pato Basquete,0,65.25,19.5,30.0,15.75,42.083333333333336,11.166666666666666,30.916666666666668,11.916666666666666,16.75,0.79,6.5,21.25,30.328333333333322,15.0,38.5,40.041666666666664,15.75,20.0,79.29166666666667,0.75,3.6666666666666665,0.24333333333333332,3.0,17.166666666666668,0.18000000000000002,16.75,1.9166666666666667,66.66666666666667,67.57142857142857,23.785714285714285,33.285714285714285,10.5,35.714285714285715,9.642857142857142,26.071428571428573,13.5,13.857142857142858,1.03,7.928571428571429,26.928571428571427,29.40571428571429,16.642857142857142,36.285714285714285,46.348571428571425,10.5,18.857142857142858,55.525714285714294,1.2857142857142858,7.214285714285714,0.5671428571428571,1.1428571428571428,21.214285714285715,0.054285714285714284,13.857142857142858,2.5,64.28571428571429
74,86,2021-11-21,5,1,2021-2022,Cerrado,Mogi,0,78.75,27.0,40.333333333333336,11.416666666666666,44.166666666666664,13.25,30.916666666666668,13.916666666666666,16.333333333333332,0.9066666666666666,9.0,31.916666666666668,28.25833333333333,20.166666666666668,38.666666666666664,51.93166666666667,11.416666666666666,17.416666666666668,65.40166666666666,1.75,7.166666666666667,0.46166666666666667,2.1666666666666665,18.916666666666668,0.115,16.333333333333332,2.8333333333333335,82.41666666666667,76.35714285714286,27.428571428571427,36.142857142857146,12.785714285714286,39.785714285714285,12.0,27.785714285714285,18.714285714285715,15.357142857142858,1.2285714285714284,9.142857142857142,27.5,33.872857142857136,18.071428571428573,37.92857142857143,47.708571428571425,12.785714285714286,16.5,78.27428571428572,2.642857142857143,7.142857142857143,0.4714285714285714,2.2857142857142856,19.5,0.11428571428571431,15.357142857142858,2.642857142857143,87.0
66,63,2021-12-01,6,1,2021-2022,Pato Basquete,Fortaleza B. C. / CFO,1,68.875,24.0,34.25,10.625,37.0,10.25,26.75,13.5,13.375,1.07,8.0,26.875,29.740000000000002,17.125,38.125,45.58,10.625,19.0,55.77250000000001,1.5,7.5,0.615,1.25,21.0,0.06,13.375,2.25,66.5,71.5,20.5,39.666666666666664,11.333333333333334,39.666666666666664,12.0,27.666666666666668,14.333333333333334,12.166666666666666,1.2149999999999999,6.833333333333333,24.0,30.776666666666667,19.833333333333332,43.166666666666664,45.73,11.333333333333334,16.166666666666668,72.25999999999999,1.5,6.333333333333333,0.5366666666666667,2.1666666666666665,17.166666666666668,0.12166666666666669,12.166666666666666,3.0,76.5
85,84,2021-12-01,6,1,2021-2022,Paulistano,Cerrado,1,75.0,27.428571428571427,35.42857142857143,12.142857142857142,36.42857142857143,10.428571428571429,26.0,15.142857142857142,13.142857142857142,1.2142857142857142,9.142857142857142,27.428571428571427,33.21857142857143,17.714285714285715,36.57142857142857,48.6342857142857,12.142857142857142,17.285714285714285,70.40142857142857,1.2857142857142858,8.142857142857142,0.6285714285714287,2.142857142857143,20.142857142857142,0.10857142857142857,13.142857142857142,3.7142857142857144,81.42857142857143,78.85714285714286,26.142857142857142,40.57142857142857,12.142857142857142,44.714285714285715,13.857142857142858,30.857142857142858,14.0,15.857142857142858,0.937142857142857,8.714285714285714,32.0,27.298571428571424,20.285714285714285,39.285714285714285,51.49000000000001,12.142857142857142,18.714285714285715,64.95285714285714,1.8571428571428572,7.428571428571429,0.4942857142857143,2.142857142857143,19.285714285714285,0.11142857142857143,15.857142857142858,2.4285714285714284,82.42857142857143
75,85,2021-12-01,6,1,2021-2022,Mogi,UNIFACISA,0,76.75,27.375,36.5,12.875,40.5,11.5,29.0,18.375,15.0,1.2349999999999999,9.125,27.875,33.32749999999999,18.25,37.875,48.245,12.875,16.5,78.7175,2.875,7.0,0.4725,2.5,20.25,0.12000000000000002,15.0,2.75,88.125,74.83333333333333,29.5,34.0,11.333333333333334,38.333333333333336,11.166666666666666,27.166666666666668,17.666666666666668,11.833333333333334,1.5383333333333333,9.833333333333334,29.666666666666668,33.24833333333333,17.0,34.666666666666664,49.57333333333333,11.333333333333334,15.5,71.57333333333334,2.1666666666666665,5.333333333333333,0.45999999999999996,1.0,17.833333333333332,0.05833333333333333,11.833333333333334,2.1666666666666665,83.66666666666667
73,64,2021-12-01,6,1,2021-2022,Corinthians,BRB/Brasília,1,71.42857142857143,34.285714285714285,26.571428571428573,10.571428571428571,35.285714285714285,11.142857142857142,24.142857142857142,15.428571428571429,14.857142857142858,1.0957142857142859,11.428571428571429,34.285714285714285,33.455714285714286,13.285714285714286,27.714285714285715,47.91142857142857,10.571428571428571,13.714285714285714,77.52428571428572,1.1428571428571428,6.285714285714286,0.43000000000000005,3.0,17.571428571428573,0.1742857142857143,14.857142857142858,3.0,76.14285714285714,65.28571428571429,19.714285714285715,29.714285714285715,15.857142857142858,42.42857142857143,10.857142857142858,31.571428571428573,12.0,16.285714285714285,0.8099999999999999,6.571428571428571,22.428571428571427,29.385714285714275,14.857142857142858,37.42857142857143,40.77285714285714,15.857142857142858,21.0,76.69428571428571,1.0,3.4285714285714284,0.22999999999999998,2.857142857142857,17.142857142857142,0.17142857142857146,16.285714285714285,2.142857142857143,66.14285714285714
73,68,2021-12-02,6,1,2021-2022,Bauru Basket,Pinheiros,1,77.14285714285714,25.285714285714285,39.42857142857143,12.428571428571429,37.857142857142854,9.0,28.857142857142858,16.714285714285715,11.714285714285714,1.5028571428571431,8.428571428571429,29.571428571428573,28.177142857142858,19.714285714285715,32.714285714285715,60.22714285714285,12.428571428571429,16.0,78.75714285714285,0.5714285714285714,5.714285714285714,0.5,2.7142857142857144,17.857142857142858,0.1542857142857143,11.714285714285714,2.0,90.71428571428571,79.42857142857143,27.857142857142858,38.0,13.571428571428571,46.0,18.142857142857142,27.857142857142858,18.0,12.857142857142858,1.407142857142857,9.285714285714286,29.857142857142858,31.569999999999993,19.0,43.42857142857143,43.75857142857142,13.571428571428571,19.428571428571427,69.20142857142856,2.4285714285714284,7.142857142857143,0.562857142857143,3.142857142857143,18.857142857142858,0.16428571428571428,12.857142857142858,1.7142857142857142,90.0
75,96,2021-12-02,6,1,2021-2022,Minas,Sesi Franca,0,84.14285714285714,32.142857142857146,38.285714285714285,13.714285714285714,40.142857142857146,11.714285714285714,28.428571428571427,17.142857142857142,12.714285714285714,1.4842857142857144,10.714285714285714,28.428571428571427,37.29571428571428,19.142857142857142,35.714285714285715,53.62571428571429,13.714285714285714,18.571428571428573,74.64714285714285,2.2857142857142856,7.428571428571429,0.6371428571428571,2.142857142857143,14.571428571428571,0.16428571428571428,12.714285714285714,2.4285714285714284,99.14285714285714,91.625,31.125,45.0,15.5,40.75,8.75,32.0,19.625,12.625,1.5749999999999997,10.375,27.125,38.127500000000005,22.5,37.0,60.9575,15.5,20.875,74.80250000000001,3.5,6.375,0.5125000000000001,2.875,16.125,0.1825,12.625,1.625,112.0
91,66,2021-12-02,6,1,2021-2022,Flamengo,Rio Claro,1,91.5,37.125,39.75,14.625,43.5,13.125,30.375,20.0,16.125,1.25875,12.375,29.625,41.62125,19.875,34.875,56.8275,14.625,20.0,71.05125000000001,0.875,7.125,0.43875,2.125,16.625,0.1275,16.125,3.0,110.5,70.25,22.875,34.25,13.125,34.625,9.625,25.0,15.125,11.75,1.3375,7.625,24.0,32.3125,17.125,37.875,44.95250000000001,13.125,18.25,71.52250000000001,1.625,8.0,0.695,1.5,21.625,0.06749999999999999,11.75,2.625,75.5
71,66,2021-12-02,6,1,2021-2022,União Corinthians,São Paulo,1,74.0,28.875,36.25,8.875,36.875,10.5,26.375,14.375,12.625,1.1925,9.625,32.0,29.9225,18.125,39.5,46.5125,8.875,13.75,63.667500000000004,1.875,10.375,0.8074999999999999,2.625,20.375,0.13,12.625,2.625,77.0,78.0,24.428571428571427,45.42857142857143,8.142857142857142,32.57142857142857,6.0,26.571428571428573,18.857142857142858,12.142857142857142,1.5785714285714285,8.142857142857142,26.0,31.385714285714283,22.714285714285715,36.42857142857143,62.92857142857141,8.142857142857142,12.285714285714286,66.42714285714285,1.7142857142857142,7.142857142857143,0.5871428571428571,2.4285714285714284,15.714285714285714,0.15428571428571428,12.142857142857142,2.0,91.14285714285714
79,89,2021-12-03,6,1,2021-2022,Corinthians,Cerrado,0,72.0,33.9375,27.25,10.8125,35.5,11.0625,24.4375,15.375,14.1875,1.15625,11.3125,34.9375,32.59625,13.625,27.875,48.81875,10.8125,13.75,78.995,1.125,6.0,0.42875,2.9375,17.625,0.16999999999999998,14.1875,2.875,76.8125,79.8125,26.0625,41.375,12.375,44.75,14.0625,30.6875,14.8125,15.25,1.0525,8.6875,30.8125,28.608749999999997,20.6875,40.625,50.92875000000001,12.375,18.4375,67.44,1.9375,7.3125,0.50625,2.375,18.9375,0.1275,15.25,2.8125,85.6875
75,77,2021-12-03,6,1,2021-2022,Paulistano,BRB/Brasília,0,75.625,27.0,36.5,12.125,36.875,10.875,26.0,15.3125,12.8125,1.25875,9.0,27.4375,32.7025,18.25,38.0,48.28374999999999,12.125,17.25,70.425,1.375,7.8125,0.615,2.1875,20.0625,0.11125,12.8125,3.5625,81.6875,65.9375,18.9375,31.5,15.5,42.5,10.5625,31.9375,12.6875,16.125,0.855,6.3125,22.1875,28.45624999999999,15.75,37.75,42.551249999999996,15.5,20.875,75.2325,0.9375,3.4375,0.22999999999999998,3.125,17.5,0.18125000000000002,16.125,2.3125,68.3125
86,79,2021-12-03,6,1,2021-2022,Mogi,Fortaleza B. C. / CFO,1,77.16666666666667,27.166666666666668,36.22222222222222,13.777777777777779,40.166666666666664,11.222222222222221,28.944444444444443,18.5,14.777777777777779,1.2644444444444443,9.055555555555555,27.88888888888889,32.99777777777777,18.11111111111111,37.388888888888886,48.52333333333333,13.777777777777779,17.5,79.12111111111112,2.8333333333333335,7.166666666666667,0.49222222222222217,2.5555555555555554,20.11111111111111,0.12444444444444445,14.777777777777779,2.5555555555555554,88.94444444444444,71.42857142857143,20.357142857142858,39.0,12.071428571428571,38.857142857142854,10.928571428571429,27.928571428571427,14.0,12.857142857142858,1.1428571428571428,6.785714285714286,23.857142857142858,30.417142857142856,19.5,41.57142857142857,47.01,12.071428571428571,17.071428571428573,72.41285714285713,1.4285714285714286,6.428571428571429,0.5185714285714286,2.0,17.714285714285715,0.11142857142857145,12.857142857142858,3.142857142857143,75.71428571428571
69,80,2021-12-03,6,1,2021-2022,Pato Basquete,UNIFACISA,0,68.72222222222223,24.5,33.77777777777778,10.444444444444445,36.388888888888886,9.944444444444445,26.444444444444443,13.166666666666666,13.555555555555555,1.028888888888889,8.166666666666666,27.055555555555557,30.13888888888889,16.88888888888889,37.27777777777778,45.98,10.444444444444445,18.666666666666668,55.82555555555556,1.4444444444444444,7.611111111111111,0.61,1.3333333333333333,20.61111111111111,0.06555555555555555,13.555555555555555,2.2777777777777777,66.16666666666667,75.92857142857143,30.214285714285715,34.857142857142854,10.857142857142858,38.07142857142857,11.071428571428571,27.0,17.928571428571427,11.928571428571429,1.5414285714285716,10.071428571428571,30.357142857142858,33.26,17.428571428571427,34.214285714285715,51.56142857142857,10.857142857142858,14.928571428571429,71.28714285714287,2.142857142857143,5.928571428571429,0.5028571428571428,0.8571428571428571,18.0,0.049999999999999996,11.928571428571429,2.2142857142857144,85.64285714285714
65,80,2021-12-04,6,1,2021-2022,Flamengo,Sesi Franca,0,90.0,36.5,39.0,14.5,43.333333333333336,12.88888888888889,30.444444444444443,19.72222222222222,15.61111111111111,1.2877777777777777,12.166666666666666,30.22222222222222,40.330000000000005,19.5,34.27777777777778,56.72777777777778,14.5,20.055555555555557,70.47333333333334,0.9444444444444444,6.944444444444445,0.4433333333333333,2.0555555555555554,16.88888888888889,0.12222222222222223,15.61111111111111,2.9444444444444446,108.05555555555556,91.22222222222223,31.666666666666668,44.55555555555556,15.0,40.72222222222222,8.61111111111111,32.111111111111114,19.5,12.5,1.5788888888888886,10.555555555555555,27.72222222222222,37.99333333333334,22.27777777777778,36.27777777777778,61.65222222222222,15.0,20.27777777777778,74.37666666666668,3.388888888888889,6.166666666666667,0.49888888888888894,2.7222222222222223,16.27777777777778,0.17222222222222222,12.5,1.7222222222222223,111.38888888888889
89,61,2021-12-04,6,1,2021-2022,Minas,Rio Claro,1,83.875,32.0625,38.5,13.3125,39.0625,11.0625,28.0,17.3125,12.625,1.49125,10.6875,28.5625,37.082499999999996,19.25,35.3125,54.615,13.3125,18.3125,73.27125,2.5,7.875,0.6725,2.3125,14.875,0.16999999999999998,12.625,2.625,98.875,69.5,21.833333333333332,34.888888888888886,12.777777777777779,34.55555555555556,9.833333333333334,24.72222222222222,15.38888888888889,12.055555555555555,1.3233333333333333,7.277777777777778,24.166666666666668,30.68333333333333,17.444444444444443,38.166666666666664,45.44444444444445,12.777777777777779,18.0,70.52000000000001,1.6666666666666667,7.888888888888889,0.671111111111111,1.5555555555555556,21.88888888888889,0.06888888888888887,12.055555555555555,2.5555555555555554,74.0
69,79,2021-12-04,6,1,2021-2022,Caxias do Sul Basquete,São Paulo,0,73.875,24.0,40.5,9.375,34.375,8.125,26.25,17.625,13.25,1.3324999999999998,8.0,22.25,35.82,20.25,38.0,53.1425,9.375,14.375,66.0675,1.25,8.25,0.6375,2.625,21.5,0.1275,13.25,3.25,86.5,77.3125,24.0,44.625,8.6875,32.9375,6.0,26.9375,18.1875,12.6875,1.48375,8.0,25.6875,31.186249999999998,22.3125,36.1875,62.12749999999998,8.6875,13.1875,66.13625,1.625,7.5625,0.5937499999999999,2.5,16.0625,0.15499999999999997,12.6875,2.125,89.75
92,67,2021-12-07,7,1,2021-2022,Bauru Basket,União Corinthians,1,76.625,26.25,38.5,11.875,38.25,9.0,29.25,17.5,12.375,1.4837500000000001,8.75,30.125,28.69875,19.25,32.0,60.106249999999996,11.875,15.375,78.00375,0.625,6.0,0.49624999999999997,2.75,17.75,0.1575,12.375,2.0,91.125,73.66666666666667,28.333333333333332,35.77777777777778,9.555555555555555,37.666666666666664,10.11111111111111,27.555555555555557,13.555555555555555,13.88888888888889,1.092222222222222,9.444444444444445,31.666666666666668,29.66333333333333,17.88888888888889,38.22222222222222,47.693333333333335,9.555555555555555,14.666666666666666,64.16888888888889,1.8888888888888888,10.11111111111111,0.7544444444444444,2.888888888888889,20.0,0.14777777777777779,13.88888888888889,2.6666666666666665,76.33333333333333
60,69,2021-12-07,7,1,2021-2022,BRB/Brasília,Flamengo,0,66.44444444444444,18.333333333333332,32.888888888888886,15.222222222222221,42.55555555555556,10.333333333333334,32.22222222222222,13.222222222222221,16.0,0.89,6.111111111111111,22.0,27.733333333333324,16.444444444444443,38.0,43.93444444444444,15.222222222222221,20.77777777777778,74.09555555555556,0.8888888888888888,3.4444444444444446,0.22999999999999998,3.3333333333333335,17.77777777777778,0.1888888888888889,16.0,2.4444444444444446,70.0,88.8,36.0,38.4,14.4,43.2,12.7,30.5,19.5,15.2,1.311,12.0,30.7,39.297000000000004,19.2,33.8,56.648,14.4,20.1,70.01100000000001,1.0,6.8,0.44699999999999995,2.0,17.1,0.11800000000000002,15.2,2.9,106.1
75,79,2021-12-07,7,1,2021-2022,Pinheiros,Caxias do Sul Basquete,0,78.0,27.375,37.25,13.375,45.0,17.125,27.875,17.375,12.75,1.36625,9.125,29.75,31.072499999999994,18.625,42.5,43.84374999999999,13.375,18.875,70.55125,2.125,7.625,0.6075,3.375,18.625,0.18,12.75,1.75,88.625,73.33333333333333,23.333333333333332,40.44444444444444,9.555555555555555,34.333333333333336,8.666666666666666,25.666666666666668,17.444444444444443,12.666666666666666,1.4066666666666665,7.777777777777778,23.666666666666668,33.74444444444444,20.22222222222222,37.77777777777778,53.41111111111111,9.555555555555555,14.222222222222221,68.12888888888888,1.2222222222222223,8.666666666666666,0.7333333333333333,2.3333333333333335,21.444444444444443,0.11333333333333334,12.666666666666666,3.0,85.33333333333333
74,90,2021-12-07,7,1,2021-2022,Cerrado,Minas,0,80.55555555555556,26.0,42.0,12.555555555555555,44.77777777777778,14.222222222222221,30.555555555555557,15.444444444444445,14.777777777777779,1.1422222222222222,8.666666666666666,29.88888888888889,29.627777777777776,21.0,41.666666666666664,50.49222222222223,12.555555555555555,18.22222222222222,69.37444444444445,2.0,7.222222222222222,0.5155555555555555,2.5555555555555554,18.666666666666668,0.14,14.777777777777779,3.111111111111111,88.22222222222223,83.66666666666667,32.0,38.666666666666664,13.0,38.22222222222222,10.555555555555555,27.666666666666668,17.444444444444443,12.555555555555555,1.4966666666666666,10.666666666666666,28.666666666666668,36.916666666666664,19.333333333333332,35.0,55.38444444444445,13.0,18.11111111111111,72.2011111111111,2.6666666666666665,8.222222222222221,0.7,2.4444444444444446,15.11111111111111,0.17444444444444443,12.555555555555555,2.7777777777777777,98.66666666666667
86,76,2021-12-08,7,1,2021-2022,Sesi Franca,Rio Claro,1,90.9,32.1,44.2,14.6,40.7,8.5,32.2,19.4,12.4,1.5819999999999996,10.7,28.2,37.88600000000001,22.1,35.7,62.208000000000006,14.6,19.8,74.03600000000002,3.3,6.0,0.488,2.6,16.4,0.164,12.4,1.8,110.9,68.9,21.0,35.4,12.5,34.5,10.0,24.5,15.6,12.3,1.312,7.0,24.3,29.379999999999995,17.7,38.4,45.83800000000001,12.5,17.8,69.718,1.7,7.8,0.6519999999999999,1.6,22.1,0.06999999999999998,12.3,2.5,72.8
72,69,2021-12-09,7,1,2021-2022,Fortaleza B. C. / CFO,Paulistano,1,71.375,20.25,38.5,12.625,38.25,10.125,28.125,13.75,13.375,1.0887499999999999,6.75,23.75,30.147499999999997,19.25,40.375,47.97,12.625,17.75,72.52749999999999,1.375,6.5,0.505,1.875,18.125,0.10375000000000002,13.375,3.25,75.125,76.11111111111111,26.666666666666668,37.333333333333336,12.11111111111111,37.22222222222222,11.222222222222221,26.0,15.444444444444445,12.555555555555555,1.2933333333333334,8.88888888888889,27.444444444444443,32.30111111111111,18.666666666666668,39.111111111111114,48.0111111111111,12.11111111111111,17.22222222222222,70.44333333333333,1.4444444444444444,7.555555555555555,0.6044444444444443,2.2222222222222223,20.0,0.11333333333333334,12.555555555555555,3.4444444444444446,81.88888888888889
77,82,2021-12-09,7,1,2021-2022,BRB/Brasília,Minas,0,66.767,18.4,33.467,14.9,42.167,10.433,31.732999999999997,13.033000000000001,15.7,0.8879999999999999,6.133,22.0,27.83899999999999,16.732999999999997,38.0,44.629,14.9,20.732999999999997,72.588,0.933,3.533,0.24,3.1670000000000003,17.633,0.18000000000000002,15.7,2.367,70.0,83.9,32.1,39.0,12.8,38.35,10.75,27.6,17.25,12.2,1.519,10.7,28.65,37.085,19.5,35.25,55.446000000000005,12.8,17.85,72.078,2.7,8.05,0.702,2.5,15.3,0.175,12.2,2.7,99.1
89,81,2021-12-09,7,1,2021-2022,Bauru Basket,Caxias do Sul Basquete,1,78.16666666666667,26.833333333333332,39.0,12.333333333333334,37.94444444444444,8.777777777777779,29.166666666666668,17.88888888888889,12.38888888888889,1.5055555555555555,8.944444444444445,29.833333333333332,29.75222222222222,19.5,32.166666666666664,60.55888888888889,12.333333333333334,16.0,77.80222222222223,0.6111111111111112,6.222222222222222,0.5122222222222221,2.7222222222222223,17.77777777777778,0.15555555555555556,12.38888888888889,2.111111111111111,93.33333333333333,74.0,24.15,39.6,10.25,33.85,8.45,25.4,17.3,12.4,1.4259999999999997,8.05,24.15,34.053999999999995,19.8,37.45,52.708000000000006,10.25,14.65,70.23499999999999,1.15,8.55,0.735,2.4,21.5,0.11600000000000002,12.4,2.85,85.55
88,66,2021-12-09,7,1,2021-2022,Pinheiros,União Corinthians,1,78.38888888888889,27.666666666666668,37.22222222222222,13.5,45.22222222222222,17.0,28.22222222222222,17.11111111111111,13.277777777777779,1.3099999999999998,9.222222222222221,29.666666666666668,31.451111111111103,18.61111111111111,41.888888888888886,44.52777777777777,13.5,19.055555555555557,70.57111111111111,2.0555555555555554,7.611111111111111,0.5877777777777777,3.4444444444444446,18.333333333333332,0.18777777777777777,13.277777777777779,2.1666666666666665,89.22222222222223,72.95,27.6,35.7,9.65,37.1,9.8,27.3,13.75,14.0,1.0859999999999999,9.2,31.25,29.241999999999997,17.85,37.9,47.924,9.65,14.55,65.53,1.9,9.75,0.7219999999999999,2.7,19.55,0.139,14.0,2.65,75.25
78,66,2021-12-11,7,1,2021-2022,Fortaleza B. C. / CFO,Corinthians,1,71.77777777777777,20.333333333333332,39.333333333333336,12.11111111111111,39.111111111111114,10.277777777777779,28.833333333333332,13.222222222222221,13.5,1.0366666666666664,6.777777777777778,23.72222222222222,30.107777777777773,19.666666666666668,40.72222222222222,48.51444444444444,12.11111111111111,17.333333333333332,70.81777777777776,1.2222222222222223,6.055555555555555,0.4677777777777778,2.0555555555555554,18.38888888888889,0.11111111111111113,13.5,3.111111111111111,75.5,72.44444444444444,33.666666666666664,27.77777777777778,11.0,35.666666666666664,11.0,24.666666666666668,15.333333333333334,13.666666666666666,1.2033333333333334,11.222222222222221,35.44444444444444,31.927777777777774,13.88888888888889,28.0,49.52444444444445,11.0,13.777777777777779,80.13888888888889,1.1111111111111112,5.777777777777778,0.4277777777777778,2.888888888888889,17.666666666666668,0.16666666666666666,13.666666666666666,2.7777777777777777,77.33333333333333
72,87,2021-12-11,7,1,2021-2022,UNIFACISA,Paulistano,0,76.75,30.75,35.5,10.5,37.875,11.0,26.875,18.125,12.0,1.5437500000000002,10.25,30.875,33.26875,17.75,33.875,53.0525,10.5,14.5,71.0725,2.125,6.375,0.5349999999999999,0.75,18.125,0.04375,12.0,2.25,87.125,76.3,27.0,37.5,11.8,37.95,11.3,26.65,15.4,12.9,1.258,9.0,27.6,32.519,18.75,39.35,47.90899999999999,11.8,16.9,69.828,1.35,7.55,0.591,2.25,19.95,0.11499999999999999,12.9,3.55,82.25
72,82,2021-12-11,7,1,2021-2022,BRB/Brasília,Cerrado,0,67.13399999999999,17.6,34.334,15.2,41.334,9.666,31.665999999999997,12.766,15.5,0.882,5.866,22.2,26.217999999999996,17.165999999999997,37.1,46.525999999999996,15.2,21.565999999999995,70.99,0.966,3.7659999999999996,0.26,3.1340000000000003,17.565999999999995,0.17800000000000002,15.5,2.434,70.0,80.3,26.7,41.6,12.0,44.0,14.0,30.0,16.0,14.4,1.2189999999999999,8.9,30.1,30.102999999999998,20.8,41.3,50.443000000000005,12.0,17.55,68.524,2.1,6.9,0.5,2.65,18.75,0.144,14.4,2.95,88.2
99,87,2021-12-13,8,1,2021-2022,UNIFACISA,Corinthians,1,76.22222222222223,28.666666666666668,36.22222222222222,11.333333333333334,37.333333333333336,11.11111111111111,26.22222222222222,17.333333333333332,12.0,1.4744444444444447,9.555555555555555,30.22222222222222,31.349999999999998,18.11111111111111,34.77777777777778,52.71333333333334,11.333333333333334,15.222222222222221,72.6988888888889,1.8888888888888888,6.888888888888889,0.5777777777777777,0.6666666666666666,18.0,0.03888888888888889,12.0,2.111111111111111,85.22222222222223,71.8,32.7,28.2,10.9,36.1,11.5,24.6,14.5,13.1,1.171,10.9,35.0,31.315999999999995,14.1,27.9,50.498000000000005,10.9,14.6,76.67,1.0,5.5,0.42300000000000004,2.6,17.1,0.15,13.1,2.6,75.8
83,73,2021-12-14,8,1,2021-2022,Pinheiros,Paulistano,1,78.7,27.9,37.2,13.6,45.4,16.9,28.5,16.9,13.7,1.265,9.3,29.6,31.753999999999998,18.6,41.4,45.074999999999996,13.6,19.2,70.587,2.0,7.6,0.572,3.5,18.1,0.194,13.7,2.5,89.7,77.1,27.9,38.1,11.1,38.15,11.25,26.9,15.55,12.8,1.273,9.3,27.85,33.325,19.05,39.85,48.087,11.1,15.95,69.448,1.15,7.25,0.576,2.3,20.15,0.11699999999999999,12.8,3.4,83.35
81,69,2021-12-16,8,1,2021-2022,Pato Basquete,Pinheiros,1,68.6,24.9,33.4,10.3,35.9,9.7,26.2,12.9,13.7,0.9959999999999999,8.3,27.2,30.458,16.7,36.6,46.3,10.3,18.4,55.86800000000001,1.4,7.7,0.6060000000000001,1.4,20.3,0.06999999999999999,13.7,2.3,65.9,78.0,27.6,37.3,13.1,44.85,16.4,28.45,16.2,13.95,1.1969999999999998,9.2,29.5,31.526,18.65,41.05,45.60699999999999,13.1,18.9,69.14,1.75,7.75,0.5740000000000001,3.5,17.65,0.197,13.95,2.65,87.85
89,72,2021-12-16,8,1,2021-2022,São Paulo,Mogi,1,76.77777777777777,23.666666666666668,44.0,9.11111111111111,33.22222222222222,6.0,27.22222222222222,17.666666666666668,13.11111111111111,1.41,7.888888888888889,25.444444444444443,31.03111111111111,22.0,36.0,61.50444444444443,9.11111111111111,13.88888888888889,65.91000000000001,1.5555555555555556,7.888888888888889,0.5988888888888888,2.5555555555555554,16.333333333333332,0.15555555555555553,13.11111111111111,2.2222222222222223,88.66666666666667,77.5,27.0,36.0,14.5,39.9,11.0,28.9,18.6,14.6,1.2879999999999998,9.0,27.9,32.733999999999995,18.0,37.0,48.745999999999995,14.5,18.3,79.444,2.8,7.3,0.508,2.6,20.0,0.128,14.6,2.4,89.6
89,72,2021-12-16,8,1,2021-2022,Caxias do Sul Basquete,União Corinthians,1,74.6,25.2,38.2,11.2,33.85,8.25,25.6,17.6,12.25,1.4729999999999999,8.4,24.85,34.482000000000006,19.1,36.85,51.66700000000001,11.2,15.4,72.79,1.15,8.6,0.749,2.6,21.65,0.125,12.25,2.9,86.6,72.85,27.45,35.3,10.1,36.9,9.7,27.2,14.05,14.0,1.1059999999999997,9.15,31.15,29.154999999999994,17.65,37.45,47.987,10.1,14.65,68.508,1.95,9.35,0.6949999999999998,2.5,18.9,0.131,14.0,2.6,75.3
93,75,2021-12-16,8,1,2021-2022,Rio Claro,Cerrado,1,69.5,20.7,35.9,12.9,34.3,10.2,24.1,15.7,12.3,1.3219999999999998,6.9,24.35,29.000999999999998,17.95,38.3,46.63100000000001,12.9,17.95,71.23600000000002,1.75,7.85,0.6569999999999999,1.4,22.05,0.062,12.3,2.7,73.6,80.3,27.6,41.0,11.7,43.4,13.9,29.5,16.3,13.3,1.328,9.2,30.6,30.577999999999996,20.5,41.2,49.802,11.7,17.3,67.46799999999999,2.2,6.6,0.504,2.7,19.0,0.144,13.3,2.4,88.3
78,83,2021-12-18,8,1,2021-2022,Corinthians,São Paulo,0,72.6,31.8,29.5,11.3,36.3,11.8,24.5,14.3,12.5,1.214,10.6,34.95,30.494999999999997,14.75,28.9,51.114000000000004,11.3,14.65,79.377,1.0,5.4,0.438,2.25,17.15,0.13000000000000003,12.5,2.55,76.5,77.7,24.9,43.4,9.4,32.7,5.75,26.95,18.2,12.75,1.511,8.3,26.1,31.677999999999997,21.7,35.45,61.58399999999998,9.4,13.95,67.595,1.75,7.75,0.6069999999999999,2.45,16.2,0.14999999999999997,12.75,2.1,89.95
87,53,2021-12-18,8,1,2021-2022,Pato Basquete,Bauru Basket,1,70.6,26.25,34.1,10.25,36.7,9.7,27.0,13.4,13.45,1.0429999999999997,8.75,26.95,32.32799999999999,17.05,37.25,46.391000000000005,10.25,17.6,58.109,1.5,7.8,0.6200000000000001,1.5,20.0,0.07599999999999998,13.45,2.05,70.8,79.4,27.3,39.4,12.7,37.7,8.6,29.1,18.2,12.4,1.5230000000000001,9.1,29.6,30.595,19.7,32.3,60.92100000000001,12.7,16.5,77.641,0.6,6.4,0.5249999999999999,2.7,17.8,0.154,12.4,2.2,95.1
96,61,2021-12-18,8,1,2021-2022,Sesi Franca,Cerrado,1,90.7,32.4,43.1,15.2,40.9,8.85,32.05,18.9,12.85,1.4969999999999997,10.8,28.65,37.716,21.55,34.9,61.923,15.2,20.25,74.998,3.3,5.5,0.43999999999999995,2.5,16.3,0.15900000000000003,12.85,2.1,109.4,78.35,27.6,39.6,11.15,42.05,13.6,28.45,16.15,13.45,1.304,9.2,30.65,30.538,19.8,40.55,48.829,11.15,16.5,67.74600000000001,2.3,6.8,0.513,2.65,18.45,0.14599999999999996,13.45,2.25,85.0
101,74,2021-12-19,8,1,2021-2022,Minas,Fortaleza B. C. / CFO,1,84.5,32.55,39.7,12.25,38.4,11.1,27.3,17.65,11.45,1.621,10.85,29.0,37.145,19.85,35.6,55.899,12.25,17.35,71.126,2.8,8.1,0.7379999999999999,2.55,15.7,0.174,11.45,2.65,100.75,72.1,20.4,40.0,11.7,39.8,10.4,29.4,12.8,13.6,0.9949999999999998,6.8,23.7,30.076,20.0,41.0,48.95,11.7,17.0,69.44999999999999,1.1,5.7,0.438,2.2,18.6,0.11700000000000002,13.6,3.0,75.8
80,58,2021-12-19,8,1,2021-2022,Rio Claro,BRB/Brasília,1,71.15,21.3,36.7,13.15,34.45,10.2,24.25,15.7,12.25,1.33,7.1,24.4,29.621999999999996,18.35,37.85,48.408,13.15,18.3,71.18800000000002,1.65,7.9,0.6659999999999999,1.25,21.9,0.05700000000000001,12.25,2.7,76.25,67.05099999999999,17.1,35.001000000000005,14.95,40.851000000000006,9.549,31.298999999999996,12.399,15.45,0.858,5.699,22.05,25.692999999999994,17.498999999999995,36.4,48.058,14.95,21.848999999999997,68.606,1.099,3.5489999999999995,0.24500000000000002,3.0510000000000006,17.298999999999996,0.17500000000000002,15.45,2.3010000000000006,69.3
89,70,2021-12-19,8,1,2021-2022,Flamengo,UNIFACISA,1,87.1,36.9,35.8,14.4,42.7,13.0,29.7,18.7,14.5,1.3439999999999999,12.3,32.3,38.839,17.9,32.2,55.83,14.4,19.9,72.297,1.1,6.5,0.458,2.4,17.2,0.14200000000000002,14.5,3.0,103.1,77.05,29.1,36.4,11.55,36.75,11.05,25.7,16.75,11.75,1.448,9.7,29.85,32.366,18.2,35.0,52.577,11.55,15.5,72.929,1.8,6.9,0.594,0.75,18.25,0.041999999999999996,11.75,2.0,85.55
76,79,2021-12-20,9,1,2021-2022,Mogi,Bauru Basket,0,77.35,26.55,36.9,13.9,40.05,10.95,29.1,18.3,15.25,1.2289999999999999,8.85,28.75,31.093,18.45,36.3,51.077999999999996,13.9,17.7,78.373,2.8,6.8,0.465,2.6,20.4,0.12500000000000003,15.25,2.5,88.3,77.05,26.25,38.5,12.3,36.7,8.4,28.3,17.8,12.4,1.497,8.75,28.8,30.154999999999994,19.25,32.4,59.28200000000002,12.3,16.55,75.35100000000001,0.45,6.55,0.5349999999999999,2.8,17.9,0.159,12.4,2.1,91.05
71,68,2021-12-21,9,1,2021-2022,Minas,UNIFACISA,1,86.6,33.9,40.6,12.1,38.4,11.4,27.0,18.6,11.0,1.7260000000000002,11.3,30.2,37.129000000000005,20.3,35.8,56.863,12.1,16.9,72.452,3.0,8.4,0.7769999999999999,2.3,16.2,0.15499999999999997,11.0,2.7,104.1,78.3,29.7,37.2,11.4,35.3,11.1,24.2,16.7,11.3,1.483,9.9,29.9,33.05499999999999,18.6,34.8,53.86600000000001,11.4,15.5,72.096,1.8,7.2,0.639,0.8,18.3,0.044,11.3,1.8,86.7
91,74,2021-12-21,9,1,2021-2022,Flamengo,Fortaleza B. C. / CFO,1,87.35,37.8,35.4,14.15,41.3,11.95,29.35,18.9,14.15,1.379,12.6,32.5,39.577,17.7,30.45,59.101,14.15,19.7,71.934,1.0,6.2,0.44699999999999995,2.35,16.85,0.14100000000000001,14.15,2.75,103.75,72.4,20.1,39.8,12.5,39.2,10.5,28.7,13.3,14.4,0.9669999999999999,6.7,23.3,30.006999999999998,19.9,40.3,49.622,12.5,17.9,69.624,1.0,5.5,0.389,2.2,18.9,0.11500000000000003,14.4,3.1,75.8
87,79,2021-12-21,9,1,2021-2022,Sesi Franca,BRB/Brasília,1,91.5,33.0,44.2,14.3,42.0,9.4,32.6,18.3,13.8,1.382,11.0,29.2,37.757999999999996,22.1,35.1,62.98299999999999,14.3,19.0,76.793,3.1,5.6,0.417,2.7,15.2,0.21300000000000002,13.8,2.2,110.4,65.801,15.9,34.20100000000001,15.7,40.401,9.399,30.998999999999995,11.699,16.4,0.7819999999999999,5.2989999999999995,22.0,24.028,17.099,34.6,48.946,15.7,23.098999999999997,67.65299999999999,1.099,3.5989999999999993,0.227,2.8010000000000006,17.799,0.162,16.4,2.6010000000000004,66.3
65,82,2021-12-22,9,1,2021-2022,Mogi,Pinheiros,0,77.05,25.8,37.6,13.65,39.75,10.75,29.0,18.0,15.1,1.222,8.6,29.05,29.615999999999996,18.8,36.0,52.403,13.65,17.65,76.839,2.8,6.65,0.46099999999999997,2.55,20.5,0.12100000000000002,15.1,2.7,87.25,77.3,27.3,37.4,12.6,44.3,15.9,28.4,15.5,14.2,1.129,9.1,29.4,31.297999999999995,18.7,40.7,46.138999999999996,12.6,18.6,67.693,1.5,7.9,0.576,3.5,17.2,0.19999999999999998,14.2,2.8,86.0
60,75,2021-12-23,9,1,2021-2022,Paulistano,São Paulo,0,77.4,27.6,38.8,11.0,38.1,11.2,26.9,15.6,12.4,1.302,9.2,27.7,33.083000000000006,19.4,40.6,48.111000000000004,11.0,15.3,71.463,0.9,7.0,0.576,2.5,20.3,0.127,12.4,3.1,84.2,80.2,27.3,43.0,9.9,32.3,5.3,27.0,19.7,12.3,1.6960000000000002,9.1,26.7,33.89,21.5,34.4,62.691999999999986,9.9,14.2,70.038,2.1,7.3,0.596,2.5,16.0,0.154,12.3,2.1,94.9
92,80,2021-12-28,10,1,2021-2022,União Corinthians,Mogi,1,73.3,27.3,35.2,10.8,37.0,10.1,26.9,14.5,14.0,1.136,9.1,30.5,29.704999999999995,17.6,37.7,47.574,10.8,15.5,69.898,2.3,9.5,0.7049999999999998,2.6,18.4,0.14100000000000001,14.0,2.5,76.7,76.7,25.2,37.8,13.7,39.85,10.35,29.5,17.9,14.7,1.2479999999999998,8.4,28.6,29.361,18.9,35.75,53.024,13.7,17.8,76.376,2.9,6.8,0.484,2.35,20.05,0.11400000000000002,14.7,2.85,87.75
77,71,2021-12-28,10,1,2021-2022,Bauru Basket,Corinthians,1,77.3,26.7,39.0,11.6,36.4,8.4,28.0,18.3,11.8,1.6149999999999998,8.9,29.2,30.223000000000003,19.5,32.7,59.510000000000005,11.6,15.6,74.99100000000001,0.7,6.6,0.5700000000000001,2.7,17.9,0.153,11.8,2.0,92.0,73.4,30.9,30.8,11.7,36.5,12.1,24.4,14.1,11.9,1.2570000000000001,10.3,34.9,29.673999999999996,15.4,29.9,51.73,11.7,14.7,82.084,1.0,5.3,0.45299999999999996,1.9,17.2,0.11000000000000001,11.9,2.5,77.2
80,67,2021-12-28,10,1,2021-2022,Caxias do Sul Basquete,Pato Basquete,1,76.1,27.0,37.8,11.3,34.8,8.3,26.5,18.6,12.5,1.524,9.0,25.3,36.226,18.9,36.4,51.821000000000005,11.3,15.8,71.759,1.3,8.8,0.752,2.8,21.6,0.135,12.5,2.8,90.3,72.6,27.6,34.8,10.2,37.5,9.7,27.8,13.9,13.2,1.0899999999999999,9.2,26.7,34.19799999999999,17.4,37.9,46.482,10.2,16.8,60.35,1.6,7.9,0.6340000000000001,1.6,19.7,0.08199999999999999,13.2,1.8,75.7
74,68,2021-12-30,10,1,2021-2022,União Corinthians,Pato Basquete,1,74.75,26.4,37.1,11.25,37.8,10.7,27.1,14.6,13.9,1.156,8.8,29.5,29.590999999999998,18.55,38.85,48.524,11.25,16.05,70.276,2.2,9.65,0.7249999999999999,2.55,18.7,0.138,13.9,2.45,79.65,72.9,27.45,35.0,10.45,38.4,10.45,27.95,13.05,13.55,1.003,9.15,26.4,34.324999999999996,17.5,38.35,46.22,10.45,17.3,59.992000000000004,1.75,7.7,0.601,1.7,19.85,0.087,13.55,1.95,75.25
75,91,2021-12-30,10,1,2021-2022,Cerrado,Flamengo,0,76.4,27.6,38.2,10.6,40.7,13.3,27.4,16.0,13.6,1.2800000000000002,9.2,30.7,30.498,19.1,39.9,47.85600000000001,10.6,15.7,68.024,2.4,7.0,0.5219999999999999,2.6,17.9,0.14799999999999996,13.6,2.1,81.7,87.8,38.4,36.6,12.8,41.5,11.9,29.6,20.2,13.6,1.526,12.8,33.2,39.362,18.3,30.6,60.540000000000006,12.8,18.1,71.244,1.2,5.9,0.43999999999999995,2.4,16.9,0.14400000000000002,13.6,2.7,106.2
73,78,2021-12-30,10,1,2021-2022,Caxias do Sul Basquete,Mogi,0,76.75,26.25,39.3,11.2,35.35,8.6,26.75,18.7,12.4,1.538,8.75,25.35,35.14,19.65,37.35,52.525999999999996,11.2,15.3,73.019,1.55,9.0,0.768,3.0,20.95,0.147,12.4,2.65,92.0,77.2,25.8,37.5,13.9,40.15,9.8,30.35,17.2,14.8,1.2029999999999998,8.6,28.3,30.435000000000002,18.75,35.25,53.313,13.9,18.45,74.822,2.95,6.9,0.4879999999999999,2.1,19.75,0.10300000000000001,14.8,2.95,88.0
81,85,2022-01-03,11,1,2021-2022,UNIFACISA,Sesi Franca,0,78.5,28.5,37.4,12.6,35.3,10.6,24.7,16.5,11.2,1.477,9.5,29.2,31.961999999999996,18.7,34.6,54.41400000000001,12.6,16.6,75.32,1.9,7.2,0.642,1.0,18.8,0.052000000000000005,11.2,1.7,87.7,90.25,33.3,43.1,13.85,41.25,9.5,31.75,18.0,13.65,1.3770000000000002,11.1,29.4,37.821999999999996,21.55,35.25,61.379,13.85,17.8,79.20400000000001,2.85,5.95,0.45499999999999996,2.75,15.7,0.21000000000000002,13.65,2.05,108.6
91,87,2022-01-04,11,1,2021-2022,São Paulo,Minas,1,79.65,27.3,42.0,10.35,34.05,5.8,28.25,19.55,12.15,1.709,9.1,27.5,32.952999999999996,21.0,33.8,62.202999999999996,10.35,14.3,72.455,2.25,7.45,0.6210000000000001,2.55,15.9,0.15800000000000003,12.15,2.1,95.95,84.3,31.2,41.1,12.0,38.15,11.4,26.75,17.35,11.15,1.5910000000000002,10.4,29.7,34.473,20.55,36.0,57.253,12.0,16.8,72.32300000000001,2.9,8.1,0.743,2.25,16.35,0.15099999999999997,11.15,2.75,99.45
64,110,2022-01-05,11,1,2021-2022,Fortaleza B. C. / CFO,Sesi Franca,0,73.0,20.7,39.6,12.7,38.4,10.0,28.4,14.7,14.3,1.116,6.9,22.5,31.522,19.8,40.3,49.413,12.7,18.9,65.874,1.1,5.5,0.395,2.5,19.0,0.13500000000000004,14.3,2.9,77.5,89.86699999999999,33.9,42.467,13.5,41.033,9.5,31.532999999999998,17.433,13.633000000000001,1.3330000000000002,11.3,29.967000000000002,37.728,21.232999999999997,34.667,61.499,13.5,17.067,79.982,2.7670000000000003,6.0,0.4600000000000001,2.8329999999999997,15.9,0.21200000000000002,13.633000000000001,1.967,107.867
97,98,2022-01-06,11,1,2021-2022,Bauru Basket,Paulistano,0,77.4,28.2,37.9,11.3,35.6,8.4,27.2,18.55,11.8,1.638,9.4,29.1,32.406,18.95,32.4,58.404999999999994,11.3,15.15,75.299,0.9,6.9,0.5980000000000001,2.65,17.6,0.155,11.8,2.1,92.3,76.0,27.6,37.0,11.4,38.7,11.7,27.0,15.1,12.7,1.217,9.2,28.8,31.772999999999996,18.5,39.9,46.418,11.4,15.5,73.7,0.9,6.8,0.5439999999999999,2.6,20.1,0.133,12.7,3.0,81.4
67,65,2022-01-06,11,1,2021-2022,Pinheiros,Corinthians,1,76.9,27.3,36.6,13.0,43.05,14.75,28.3,14.7,13.95,1.091,9.1,28.8,32.251,18.3,39.05,46.998000000000005,13.0,19.05,68.225,1.25,7.6,0.5630000000000001,3.15,16.65,0.18699999999999997,13.95,2.7,84.95,73.6,31.2,31.2,11.2,35.8,11.5,24.3,14.5,11.8,1.291,10.4,34.2,30.860999999999997,15.6,30.1,52.04200000000001,11.2,14.2,80.858,0.9,5.2,0.44899999999999995,2.1,17.5,0.11700000000000002,11.8,2.5,78.1
92,87,2022-01-08,11,1,2021-2022,Sesi Franca,São Paulo,1,89.934,33.75,42.434000000000005,13.75,41.465999999999994,9.55,31.915999999999997,16.766000000000002,13.616,1.2810000000000001,11.25,29.834000000000003,37.737,21.215999999999998,34.734,61.31699999999999,13.75,17.234,80.61899999999999,2.684,5.8,0.445,3.066,15.9,0.225,13.616,1.9340000000000004,107.83399999999999,80.5,28.5,40.7,11.3,34.35,5.9,28.45,19.2,11.9,1.722,9.5,28.45,33.083999999999996,20.35,32.6,62.30299999999998,11.3,15.25,73.877,2.3,7.35,0.628,2.5,16.55,0.15000000000000005,11.9,2.0,96.85
76,64,2022-01-09,11,1,2021-2022,Minas,Bauru Basket,1,83.05,30.9,40.8,11.35,38.05,11.0,27.05,16.35,11.25,1.483,10.3,30.2,33.611999999999995,20.4,35.4,57.82900000000001,11.35,16.0,71.70899999999999,2.75,7.95,0.724,2.25,16.05,0.152,11.25,2.6,96.85,77.85,30.15,36.9,10.8,35.05,8.6,26.45,19.15,11.75,1.702,10.05,30.5,33.211,18.45,31.85,57.83200000000001,10.8,14.7,74.27399999999999,0.95,7.4,0.6480000000000001,2.4,18.2,0.138,11.75,2.1,92.35
60,79,2022-01-09,11,1,2021-2022,BRB/Brasília,UNIFACISA,0,67.751,16.95,35.901,14.9,40.301,9.599,30.698999999999995,12.149,15.55,0.835,5.648999999999999,22.35,25.454,17.949,35.95,49.454,14.9,22.498999999999995,66.016,1.249,4.0489999999999995,0.266,2.7510000000000003,18.249000000000002,0.15300000000000002,15.55,2.7510000000000003,69.15,78.8,28.65,38.1,12.05,36.05,10.75,25.3,15.9,11.2,1.4230000000000003,9.55,29.65,31.569999999999993,19.05,35.5,54.028999999999996,12.05,16.0,74.695,1.8,7.5,0.669,0.95,19.25,0.048,11.2,1.65,87.5
122,126,2022-01-09,11,1,2021-2022,Cerrado,Fortaleza B. C. / CFO,0,76.9,26.1,40.4,10.4,39.65,13.05,26.6,16.5,12.85,1.36,8.7,30.2,29.224999999999994,20.2,40.95,49.218,10.4,15.2,68.977,2.75,7.55,0.5919999999999999,2.7,18.1,0.15299999999999997,12.85,2.1,83.4,76.55,21.15,41.2,14.2,38.9,10.2,28.7,14.5,14.0,1.122,7.05,22.9,31.701,20.6,42.1,49.505,14.2,20.95,66.442,1.25,5.85,0.434,2.4,19.55,0.12700000000000003,14.0,2.8,80.1
81,64,2022-01-09,11,1,2021-2022,Flamengo,Pinheiros,1,86.4,37.95,35.8,12.65,41.7,12.0,29.7,19.5,13.7,1.4769999999999999,12.65,33.15,39.016000000000005,17.9,30.85,58.873000000000005,12.65,18.1,70.52900000000001,1.3,5.5,0.41500000000000004,2.4,16.55,0.15,13.7,2.6,102.9,74.85,26.25,35.9,12.7,42.55,14.6,27.95,13.9,13.55,1.0670000000000002,8.75,28.7,31.032999999999998,17.95,38.3,46.956,12.7,18.85,67.10000000000001,1.25,7.25,0.5509999999999999,2.9,15.85,0.183,13.55,2.55,81.45
90,78,2022-01-10,12,1,2021-2022,Paulistano,União Corinthians,1,78.1,27.3,37.8,13.0,39.5,11.4,28.1,15.15,13.15,1.189,9.1,28.25,32.19199999999999,18.9,39.65,47.79600000000001,13.0,17.45,74.30499999999999,1.1,6.9,0.536,2.7,20.55,0.136,13.15,3.1,84.85,76.2,25.5,39.0,11.7,38.6,11.3,27.3,14.7,13.8,1.1760000000000002,8.5,28.5,29.476999999999997,19.5,40.0,49.474,11.7,16.6,70.65400000000001,2.1,9.8,0.745,2.5,19.0,0.13500000000000004,13.8,2.4,82.6
91,85,2022-01-10,12,1,2021-2022,Rio Claro,São Paulo,1,72.95,21.75,38.2,13.0,34.3,10.1,24.2,15.9,11.7,1.4049999999999998,7.25,24.8,29.685999999999996,19.1,38.05,50.4,13.0,18.2,70.84200000000001,1.6,7.85,0.693,1.3,22.0,0.05900000000000001,11.7,2.55,78.9,81.45,30.15,39.0,12.3,34.0,5.9,28.1,19.15,11.7,1.754,10.05,29.15,34.135000000000005,19.5,31.85,61.08699999999999,12.3,16.5,74.13199999999999,2.1,7.4,0.645,2.65,17.55,0.152,11.7,1.95,97.3
104,60,2022-01-10,12,1,2021-2022,Corinthians,Caxias do Sul Basquete,1,72.85,30.6,31.0,11.25,36.95,11.95,25.0,14.15,12.15,1.2269999999999999,10.2,33.8,30.610999999999997,15.5,29.9,52.02900000000001,11.25,14.35,80.42699999999999,0.8,5.3,0.44399999999999995,2.05,17.85,0.11200000000000002,12.15,2.95,78.05,77.4,25.5,40.8,11.1,35.9,8.9,27.0,18.8,12.3,1.552,8.5,25.4,34.054,20.4,38.3,53.230999999999995,11.1,14.8,74.27900000000001,1.8,9.2,0.7839999999999999,3.2,20.3,0.159,12.3,2.5,93.7
68,72,2022-01-10,12,1,2021-2022,Mogi,Pato Basquete,0,77.1,26.4,37.4,13.3,39.55,9.3,30.25,16.65,15.0,1.161,8.8,28.15,31.351,18.7,34.95,53.605,13.3,17.95,73.534,3.0,6.9,0.48299999999999993,2.15,19.8,0.10500000000000001,15.0,3.0,87.1,73.2,27.3,35.2,10.7,39.3,11.2,28.1,12.2,13.9,0.9160000000000001,9.1,26.1,34.452,17.6,38.8,45.958000000000006,10.7,17.8,59.634,1.9,7.5,0.568,1.8,20.0,0.092,13.9,2.1,74.8
91,84,2022-01-11,12,1,2021-2022,Minas,Pinheiros,1,82.3,30.75,40.1,11.45,37.8,11.0,26.8,16.2,11.0,1.4969999999999999,10.25,30.75,32.846999999999994,20.05,34.75,57.916,11.45,16.6,69.68499999999999,2.75,7.75,0.72,2.2,15.9,0.14900000000000002,11.0,2.55,94.9,74.0,25.35,36.3,12.35,42.3,14.55,27.75,13.4,13.5,1.0260000000000002,8.45,27.8,30.718999999999994,18.15,39.25,46.385000000000005,12.35,18.65,65.69000000000001,1.2,6.9,0.521,3.0,15.55,0.19299999999999998,13.5,2.65,79.35
103,59,2022-01-11,12,1,2021-2022,Flamengo,Bauru Basket,1,84.0,36.0,35.8,12.2,41.2,11.4,29.8,18.6,13.6,1.4310000000000003,12.0,32.7,37.646,17.9,30.9,58.76899999999999,12.2,16.9,74.1,1.2,5.5,0.418,2.4,16.5,0.15,13.6,2.8,99.7,78.0,30.75,36.6,10.65,34.6,8.15,26.45,19.4,11.75,1.7260000000000002,10.25,31.0,33.328,18.3,32.05,56.968,10.65,14.9,72.095,1.0,7.9,0.6950000000000001,2.25,18.85,0.12600000000000003,11.75,2.0,91.65
82,75,2022-01-11,12,1,2021-2022,BRB/Brasília,Fortaleza B. C. / CFO,1,67.801,18.0,36.401,13.4,40.501000000000005,9.998999999999999,30.498999999999995,12.498999999999999,14.9,0.8709999999999999,5.999,23.3,25.996000000000002,18.199,36.7,49.21,13.4,21.099,62.876,1.299,4.299,0.28600000000000003,2.501,17.999000000000002,0.13899999999999998,14.9,2.7009999999999996,69.2,80.1,21.6,42.8,15.7,39.4,10.4,29.0,14.3,13.7,1.128,7.2,23.3,31.880000000000003,21.4,43.9,49.597,15.7,23.0,67.00999999999999,1.4,6.2,0.473,2.3,20.1,0.11900000000000002,13.7,2.7,82.7
74,88,2022-01-11,12,1,2021-2022,Cerrado,UNIFACISA,0,82.1,27.9,42.4,11.8,41.5,13.3,28.2,17.4,13.7,1.3730000000000002,9.3,30.8,30.311,21.2,42.5,49.78,11.8,17.1,69.92999999999999,3.0,7.3,0.5719999999999998,3.5,20.0,0.172,13.7,2.6,90.0,79.1,28.8,38.8,11.5,36.8,10.9,25.9,15.3,11.2,1.3690000000000002,9.6,30.1,31.177999999999997,19.4,36.4,53.644000000000005,11.5,15.4,74.07,1.7,7.8,0.6960000000000001,0.9,19.7,0.044000000000000004,11.2,1.6,87.3
89,83,2022-01-12,12,1,2021-2022,Paulistano,Caxias do Sul Basquete,1,79.35,28.05,38.5,12.8,39.75,11.2,28.55,15.1,13.2,1.181,9.35,28.65,32.611000000000004,19.25,39.4,49.04200000000001,12.8,17.15,74.375,1.4,6.9,0.534,2.7,20.35,0.137,13.2,3.05,86.8,77.15,25.35,39.9,11.9,34.85,8.4,26.45,17.7,12.6,1.452,8.45,25.15,34.117999999999995,19.95,37.55,53.10799999999999,11.9,15.8,74.68900000000001,1.7,8.45,0.72,3.0,20.15,0.14900000000000002,12.6,2.5,90.35
74,63,2022-01-12,12,1,2021-2022,Corinthians,União Corinthians,1,74.5,30.9,32.2,11.4,38.15,12.0,26.15,14.7,12.3,1.253,10.3,33.25,31.371999999999996,16.1,30.4,53.083000000000006,11.4,14.6,80.143,0.9,5.5,0.454,2.1,18.1,0.11200000000000002,12.3,3.15,82.2,76.0,25.35,38.3,12.35,37.85,10.8,27.05,14.9,13.4,1.2360000000000002,8.45,28.6,29.219,19.15,39.0,49.574,12.35,17.35,71.583,1.95,9.1,0.7230000000000001,2.45,18.65,0.135,13.4,2.2,81.9
86,77,2022-01-12,12,1,2021-2022,São Paulo,Pato Basquete,1,82.05,31.65,37.7,12.7,34.15,5.95,28.2,18.9,12.2,1.686,10.55,29.2,35.935,18.85,31.7,59.43299999999999,12.7,17.15,73.65899999999999,2.05,7.5,0.6340000000000001,2.55,17.95,0.14399999999999996,12.2,2.3,97.0,73.75,29.1,33.8,10.85,39.05,11.2,27.85,12.4,13.85,0.932,9.7,26.95,35.433,16.9,38.05,44.898,10.85,17.95,60.116,1.8,8.05,0.607,2.1,19.7,0.11000000000000001,13.85,2.2,76.0
84,80,2022-01-25,1,2,2021-2022,Rio Claro,Pinheiros,1,75.2,24.0,38.4,12.8,34.6,10.8,23.8,15.8,11.3,1.43,8.0,26.2,30.416999999999994,19.2,38.6,50.057,12.8,18.0,70.61499999999998,1.6,8.1,0.736,1.3,21.8,0.05900000000000001,11.3,2.4,80.9,75.0,26.1,36.8,12.1,41.5,14.1,27.4,14.3,13.8,1.057,8.7,27.8,31.433,18.4,39.4,46.837,12.1,18.1,66.619,1.0,6.8,0.49799999999999994,3.2,15.7,0.20299999999999999,13.8,2.7,80.9
86,90,2022-01-25,1,2,2021-2022,BRB/Brasília,São Paulo,0,69.451,18.6,36.801,14.05,41.251000000000005,11.299,29.948999999999995,12.748999999999999,14.95,0.885,6.199,23.75,26.27,18.399,37.4,48.90500000000001,14.05,21.199,64.97900000000001,1.149,4.899,0.328,2.7009999999999996,18.499000000000002,0.14499999999999996,14.95,2.751,72.4,82.35,32.4,36.6,13.35,34.65,6.0,28.65,18.3,12.5,1.6170000000000002,10.8,29.15,36.929,18.3,31.65,57.86999999999999,13.35,18.0,74.18599999999999,2.05,7.6,0.6320000000000001,2.3,18.1,0.12799999999999997,12.5,2.5,96.35
98,75,2022-01-25,1,2,2021-2022,Corinthians,Mogi,1,76.55,31.5,33.4,11.65,39.35,12.2,27.15,15.6,11.75,1.362,10.5,33.55,31.675,16.7,31.15,53.682,11.65,15.1,79.04,0.95,5.55,0.475,2.1,18.6,0.10700000000000001,11.75,3.0,86.45,75.9,27.0,36.8,12.1,39.7,9.3,30.4,17.1,15.9,1.1400000000000001,9.0,28.4,31.740999999999996,18.4,34.2,53.845000000000006,12.1,16.5,71.856,3.3,7.0,0.471,2.7,19.8,0.135,15.9,2.9,86.9
90,55,2022-01-25,1,2,2021-2022,Flamengo,Caxias do Sul Basquete,1,86.1,37.5,37.3,11.3,42.25,11.25,31.0,19.8,12.6,1.7670000000000001,12.5,33.9,37.788,18.65,31.45,60.008,11.3,15.7,74.192,1.6,5.6,0.49700000000000005,2.65,15.75,0.179,12.6,2.4,105.2,76.9,25.2,39.0,12.7,33.8,7.9,25.9,16.6,12.9,1.3519999999999999,8.4,24.9,34.181999999999995,19.5,36.8,52.98499999999999,12.7,16.8,75.099,1.6,7.7,0.6559999999999999,2.8,20.0,0.13900000000000004,12.9,2.5,87.0
82,86,2022-01-26,1,2,2021-2022,Paulistano,Pato Basquete,0,80.45,27.6,40.0,12.85,40.3,11.25,29.05,15.4,13.55,1.171,9.2,28.2,32.659000000000006,20.0,40.15,49.980000000000004,12.85,17.4,73.39500000000001,1.55,6.85,0.513,2.45,20.4,0.12400000000000003,13.55,3.0,88.2,74.3,30.9,32.4,11.0,38.8,11.2,27.6,12.6,13.8,0.9480000000000001,10.3,27.8,36.414,16.2,37.3,43.838,11.0,18.1,60.59799999999999,1.7,8.6,0.6459999999999999,2.4,19.4,0.128,13.8,2.3,77.2
95,68,2022-01-26,1,2,2021-2022,UNIFACISA,Fortaleza B. C. / CFO,1,80.05,28.35,40.3,11.4,37.0,11.15,25.85,14.5,10.75,1.371,9.45,28.9,32.108999999999995,20.15,38.3,53.299,11.4,15.25,74.11600000000001,1.55,8.3,0.8080000000000002,0.95,19.7,0.047,10.75,1.5,88.6,79.05,21.6,42.3,15.15,39.8,10.75,29.05,14.1,14.1,1.0710000000000002,7.2,24.75,29.741999999999997,21.15,43.25,49.74400000000001,15.15,22.2,66.938,1.15,6.0,0.44799999999999995,2.15,20.45,0.11000000000000001,14.1,2.85,80.3
83,62,2022-01-27,1,2,2021-2022,Minas,Caxias do Sul Basquete,1,82.5,30.6,39.8,12.1,36.5,10.6,25.9,17.1,11.0,1.5619999999999998,10.2,30.2,33.549,19.9,34.6,57.729,12.1,17.3,70.10799999999999,2.9,7.8,0.723,2.2,15.8,0.14900000000000002,11.0,2.5,95.2,75.0,24.3,38.5,12.2,33.2,7.8,25.4,16.4,13.1,1.319,8.1,25.15,32.449,19.25,37.0,52.15199999999999,12.2,16.2,74.474,1.55,7.6,0.639,2.8,20.0,0.139,13.1,2.35,83.1
76,84,2022-01-27,1,2,2021-2022,Rio Claro,Bauru Basket,0,76.35,22.65,40.4,13.3,34.5,10.9,23.6,15.55,11.55,1.395,7.55,26.35,28.333999999999996,20.2,38.6,52.496,13.3,18.55,71.148,1.65,8.25,0.7339999999999999,1.4,21.9,0.063,11.55,2.2,82.05,76.0,29.1,36.8,10.1,34.0,7.4,26.6,19.2,11.9,1.6869999999999998,9.7,29.9,32.414,18.4,33.3,55.39,10.1,14.4,70.749,1.3,7.9,0.6890000000000001,2.0,18.4,0.11400000000000002,11.9,1.9,87.8
95,80,2022-01-27,1,2,2021-2022,Sesi Franca,Pinheiros,1,90.00099999999999,33.6,42.401,14.0,41.898999999999994,9.6,32.29899999999999,16.099000000000004,13.599,1.229,11.2,29.701000000000004,37.746,21.198999999999995,34.801,61.135000000000005,14.0,17.401000000000003,81.25599999999999,2.6010000000000004,5.6,0.43,3.2989999999999995,15.9,0.238,13.599,1.9009999999999998,107.801,76.0,25.65,38.2,12.15,40.8,13.55,27.25,14.55,14.3,1.0390000000000001,8.55,27.5,31.225,19.1,39.4,48.679,12.15,18.0,67.225,1.25,7.25,0.51,3.25,16.1,0.203,14.3,2.65,82.45
86,84,2022-01-27,1,2,2021-2022,Cerrado,São Paulo,1,81.55,28.5,41.8,11.25,40.8,12.75,28.05,17.55,13.8,1.3750000000000002,9.5,30.65,31.060000000000002,20.9,41.7,50.039,11.25,16.05,70.579,3.05,6.8,0.5319999999999999,3.7,19.15,0.194,13.8,2.8,89.85,82.8,33.15,35.8,13.85,34.85,6.3,28.55,17.7,12.3,1.593,11.05,29.65,37.138999999999996,17.9,31.45,57.03599999999999,13.85,18.75,74.25699999999999,1.9,7.5,0.631,2.25,18.1,0.125,12.3,2.5,95.75
69,62,2022-01-28,1,2,2021-2022,Paulistano,Mogi,1,80.15,26.1,40.8,13.25,40.8,11.4,29.4,15.35,14.05,1.1280000000000001,8.7,27.0,32.356,20.4,41.15,49.67200000000001,13.25,18.0,72.95,1.5,6.9,0.49399999999999994,2.35,20.5,0.11800000000000002,14.05,3.15,87.7,74.8,26.55,36.2,12.05,39.05,9.75,29.3,17.6,16.8,1.11,8.85,27.85,31.790000000000003,18.1,33.75,53.645,12.05,16.95,69.864,3.1,6.9,0.44600000000000006,2.4,18.95,0.125,16.8,3.1,84.4
58,60,2022-01-28,1,2,2021-2022,Corinthians,Pato Basquete,0,77.5,32.4,33.7,11.4,39.65,12.15,27.5,16.3,11.0,1.488,10.8,33.95,32.164,16.85,31.85,53.025999999999996,11.4,15.15,76.69000000000001,0.9,5.75,0.5229999999999999,2.15,19.1,0.10500000000000001,11.0,2.7,88.45,73.8,31.2,31.6,11.0,38.65,11.35,27.3,12.65,13.95,0.9350000000000002,10.4,28.0,36.539,15.8,36.4,43.747,11.0,17.7,62.036,1.65,8.2,0.599,2.55,19.5,0.135,13.95,2.65,77.0
104,88,2022-01-29,1,2,2021-2022,Sesi Franca,Bauru Basket,1,91.55099999999999,36.3,41.20100000000001,14.05,42.248999999999995,10.15,32.099,16.549,13.549000000000001,1.266,12.1,31.501000000000005,38.295,20.598999999999997,33.601000000000006,61.63499999999999,14.05,17.401,81.54999999999998,2.4510000000000005,5.75,0.442,3.2989999999999995,15.9,0.238,13.549000000000001,2.0509999999999997,110.10099999999997,76.9,30.9,35.1,10.9,33.45,7.25,26.2,18.7,12.05,1.608,10.3,29.9,34.483000000000004,17.55,32.6,54.068000000000005,10.9,15.55,70.191,1.3,7.85,0.673,1.9,18.65,0.10800000000000001,12.05,1.95,87.45
97,82,2022-01-29,1,2,2021-2022,Minas,União Corinthians,1,85.2,32.85,39.9,12.45,38.2,10.3,27.9,17.8,12.0,1.5029999999999997,10.95,30.5,35.936,19.95,34.05,58.66300000000001,12.45,18.05,69.199,2.9,7.95,0.673,2.35,16.55,0.14300000000000002,12.0,2.7,100.25,75.8,25.2,37.6,13.0,37.1,10.3,26.8,15.1,13.0,1.2959999999999998,8.4,28.7,28.961000000000002,18.8,38.0,49.67399999999999,13.0,18.1,72.51199999999999,1.8,8.4,0.7010000000000001,2.4,18.3,0.135,13.0,2.0,81.2
107,95,2022-01-31,2,2,2021-2022,Pinheiros,BRB/Brasília,1,77.2,25.5,39.0,12.7,40.2,13.4,26.8,15.0,14.9,1.028,8.5,27.0,31.591,19.5,39.6,49.498000000000005,12.7,18.6,67.558,1.5,7.2,0.476,3.0,16.1,0.189,14.9,2.6,83.2,71.501,20.7,38.001,12.8,41.900999999999996,12.299,29.599,13.499,14.9,0.9460000000000001,6.899000000000001,23.9,28.413,18.999000000000002,39.1,48.556,12.8,19.299,63.86800000000001,0.899,5.099,0.344,2.601,18.799,0.13799999999999998,14.9,2.601,76.1
85,77,2022-02-01,2,2,2021-2022,Caxias do Sul Basquete,Rio Claro,1,73.1,23.4,38.0,11.7,32.6,7.7,24.9,16.2,13.3,1.286,7.8,25.4,30.715999999999998,19.0,37.2,51.318999999999996,11.7,15.6,73.849,1.5,7.5,0.6220000000000001,2.8,20.0,0.13899999999999998,13.3,2.2,79.2,77.5,21.3,42.4,13.8,34.4,11.0,23.4,15.3,11.8,1.3599999999999999,7.1,26.5,26.250999999999998,21.2,38.6,54.935,13.8,19.1,71.68100000000001,1.7,8.4,0.732,1.5,22.0,0.06699999999999999,11.8,2.0,83.2
96,74,2022-02-02,2,2,2021-2022,Bauru Basket,BRB/Brasília,1,78.2,31.5,35.0,11.7,32.1,7.2,24.9,17.9,11.4,1.616,10.5,29.4,35.731,17.5,32.8,53.487,11.7,16.6,70.35999999999999,1.3,7.7,0.688,1.6,19.0,0.09,11.4,2.0,87.0,72.901,21.3,38.101,13.5,41.701,12.999,28.699,13.399000000000001,15.45,0.909,7.099000000000001,24.3,28.871000000000002,19.049,39.05,48.751999999999995,13.5,20.449,63.717000000000006,1.049,5.549,0.36000000000000004,2.3009999999999997,18.899,0.12300000000000003,15.45,2.7009999999999996,76.25
88,70,2022-02-02,2,2,2021-2022,Pinheiros,Cerrado,1,78.8,26.85,39.1,12.85,39.95,13.3,26.65,15.45,14.75,1.064,8.95,27.6,32.286,19.55,40.1,49.022000000000006,12.85,18.65,68.10400000000001,1.55,7.95,0.5269999999999999,2.9,16.45,0.179,14.75,2.4,85.3,82.2,29.7,42.0,10.5,39.2,12.4,26.8,18.0,13.6,1.4360000000000002,9.9,30.9,32.04899999999999,21.0,41.1,51.101,10.5,14.4,73.353,2.9,6.3,0.499,3.7,18.9,0.196,13.6,3.3,90.8
87,93,2022-02-03,2,2,2021-2022,Pato Basquete,Flamengo,0,73.3,31.5,30.8,11.0,38.5,11.5,27.0,12.7,14.1,0.922,10.5,28.2,36.664,15.4,35.5,43.656000000000006,11.0,17.3,63.474000000000004,1.6,7.8,0.5519999999999999,2.7,19.6,0.142,14.1,3.0,76.8,86.9,39.3,37.6,10.0,43.8,11.4,32.4,21.5,12.6,1.8739999999999999,13.1,35.0,38.295,18.8,31.6,60.225,10.0,14.2,72.592,1.8,6.0,0.522,2.4,14.6,0.17300000000000001,12.6,2.3,109.1
68,83,2022-02-03,2,2,2021-2022,Caxias do Sul Basquete,Sesi Franca,0,73.85,24.6,37.3,11.95,32.35,7.2,25.15,16.0,13.8,1.194,8.2,24.4,33.001999999999995,18.65,37.0,50.616,11.95,16.25,72.31,1.6,6.8,0.51,3.1,19.95,0.15399999999999997,13.8,2.4,79.45,93.10099999999998,39.0,40.001000000000005,14.1,42.599,10.7,31.898999999999994,16.999000000000002,13.499,1.3030000000000002,13.0,33.301,38.84400000000001,19.999000000000002,32.401,62.135000000000005,14.1,17.401,81.844,2.3009999999999997,5.9,0.45400000000000007,3.2989999999999995,15.9,0.238,13.499,2.2009999999999996,112.40099999999998
84,75,2022-02-03,2,2,2021-2022,União Corinthians,Rio Claro,1,75.25,23.85,37.8,13.6,36.45,9.75,26.7,15.0,13.3,1.2469999999999999,7.95,27.85,28.415,18.9,38.55,49.284,13.6,18.8,72.838,2.1,9.1,0.741,2.7,18.7,0.147,13.3,2.05,80.45,77.7,21.9,41.0,14.8,34.85,11.1,23.75,14.8,12.2,1.2739999999999998,7.3,27.5,25.676,20.5,37.5,54.614,14.8,20.05,73.19300000000001,1.6,8.0,0.6839999999999999,1.45,23.15,0.064,12.2,2.35,82.15
81,71,2022-02-03,2,2,2021-2022,Corinthians,Paulistano,1,77.7,33.15,33.6,10.95,39.6,12.05,27.55,16.8,11.05,1.5299999999999998,11.05,33.45,33.274,16.8,32.3,52.136,10.95,15.0,74.161,0.9,6.2,0.5660000000000001,2.25,19.4,0.10800000000000001,11.05,2.6,89.55,79.7,25.8,40.4,13.5,40.5,11.0,29.5,14.95,14.55,1.052,8.6,26.35,32.779999999999994,20.2,40.4,50.027,13.5,18.2,73.523,1.4,7.15,0.49399999999999994,2.35,20.65,0.11700000000000003,14.55,3.35,87.45
74,68,2022-02-04,2,2,2021-2022,Bauru Basket,Cerrado,1,77.65,31.5,35.1,11.05,32.75,7.75,25.0,17.8,11.1,1.659,10.5,29.6,35.472,17.55,33.45,52.569,11.05,15.95,69.29299999999999,1.45,7.35,0.671,1.6,19.05,0.09,11.1,1.85,86.15,80.45,29.7,41.0,9.75,38.65,11.75,26.9,17.3,13.7,1.363,9.9,31.85,30.927,20.5,39.95,51.205999999999996,9.75,13.55,72.99300000000001,2.85,6.4,0.503,3.55,18.95,0.187,13.7,2.85,87.45
77,117,2022-02-05,2,2,2021-2022,Mogi,Flamengo,0,73.7,26.1,35.6,12.0,38.4,10.2,28.2,18.1,17.7,1.08,8.7,27.3,31.839000000000006,17.8,33.3,53.44500000000001,12.0,17.4,67.87199999999999,2.9,6.8,0.421,2.1,18.1,0.11500000000000002,17.7,3.3,81.9,87.5,39.0,37.1,11.4,43.4,11.0,32.4,21.65,13.05,1.8349999999999997,13.0,35.5,36.980000000000004,18.55,30.95,60.73,11.4,15.65,74.28599999999999,1.85,6.1,0.5189999999999999,2.5,15.05,0.177,13.05,2.0,108.95
88,70,2022-02-05,2,2,2021-2022,São Paulo,UNIFACISA,1,84.25,34.8,35.7,13.75,34.75,6.6,28.15,17.95,11.75,1.656,11.6,30.55,38.00599999999999,17.85,31.15,57.41600000000001,13.75,18.55,74.418,1.9,6.95,0.6120000000000001,2.2,17.85,0.125,11.75,2.5,97.3,81.7,31.5,38.8,11.4,36.6,10.5,26.1,14.7,10.8,1.381,10.5,29.4,34.492999999999995,19.4,37.1,52.74300000000001,11.4,15.2,74.352,1.4,8.3,0.806,1.1,20.0,0.053000000000000005,10.8,1.6,91.2
89,85,2022-02-05,2,2,2021-2022,União Corinthians,Sesi Franca,1,75.15,21.75,38.9,14.5,37.0,10.3,26.7,14.6,13.3,1.207,7.25,26.35,27.613000000000007,19.45,39.6,49.349,14.5,20.5,71.702,2.3,8.75,0.7060000000000001,2.55,19.8,0.136,13.3,2.0,79.5,92.701,37.95,39.801,14.95,41.898999999999994,10.85,31.048999999999996,16.449,13.449000000000002,1.26,12.65,32.801,38.24300000000001,19.899,32.45100000000001,61.70399999999999,14.95,18.151,83.225,2.351,5.85,0.45100000000000007,3.4489999999999994,15.9,0.246,13.449000000000002,2.101,111.00099999999998
70,101,2022-02-06,2,2,2021-2022,Pato Basquete,Minas,0,74.4,32.7,30.6,11.1,38.4,11.5,26.9,12.75,13.55,0.968,10.9,28.75,37.302,15.3,35.45,43.40500000000001,11.1,16.95,65.849,1.55,7.4,0.542,2.6,20.15,0.135,13.55,3.05,78.15,86.0,33.45,40.2,12.35,39.35,10.55,28.8,17.85,12.5,1.4609999999999999,11.15,30.45,36.687,20.1,34.35,58.56499999999998,12.35,18.05,68.593,2.8,7.7,0.631,2.45,16.5,0.14900000000000002,12.5,2.5,101.6
73,62,2022-02-07,3,2,2021-2022,São Paulo,Fortaleza B. C. / CFO,1,85.8,35.4,36.4,14.0,34.2,6.4,27.8,17.9,11.3,1.682,11.8,30.5,38.94,18.2,31.2,58.335,14.0,18.7,75.151,2.1,6.9,0.6310000000000001,2.1,17.7,0.121,11.3,2.4,99.2,77.3,21.3,41.8,14.2,39.4,10.3,29.1,13.7,14.1,1.034,7.1,25.3,28.209999999999997,20.9,42.5,50.019000000000005,14.2,21.1,65.199,1.2,5.8,0.4299999999999999,2.2,20.5,0.11299999999999999,14.1,2.8,77.6
78,79,2022-02-07,3,2,2021-2022,BRB/Brasília,Caxias do Sul Basquete,0,74.301,21.9,38.201,14.2,41.501,13.699000000000002,27.799,13.299000000000001,16.0,0.8720000000000001,7.299000000000001,24.7,29.328999999999997,19.099,39.0,48.94799999999999,14.2,21.599,63.565999999999995,1.199,5.9990000000000006,0.376,2.001,18.999000000000002,0.10800000000000001,16.0,2.8009999999999997,76.4,73.5,24.45,37.4,11.65,32.55,7.35,25.2,15.8,14.1,1.142,8.15,24.05,33.318,18.7,36.95,50.831,11.65,16.35,70.31400000000001,1.75,6.55,0.47300000000000003,3.1,19.8,0.15499999999999997,14.1,2.55,78.55
70,73,2022-02-08,3,2,2021-2022,Mogi,Minas,0,73.35,26.25,36.4,10.7,37.85,10.9,26.95,18.15,17.6,1.097,8.75,28.4,31.110999999999997,18.2,34.25,53.254000000000005,10.7,16.25,65.351,2.85,7.15,0.45600000000000007,1.9,18.3,0.10400000000000001,17.6,3.4,79.55,87.9,35.1,40.2,12.6,40.2,10.6,29.6,17.6,11.9,1.574,11.7,30.4,38.645,20.1,34.5,58.293000000000006,12.6,18.3,69.071,3.0,7.1,0.622,2.2,16.5,0.134,11.9,2.2,104.3
87,85,2022-02-09,3,2,2021-2022,UNIFACISA,Pinheiros,1,80.45,30.45,38.4,11.6,36.25,10.15,26.1,14.25,11.15,1.3190000000000002,10.15,28.15,34.796,19.2,37.55,51.394000000000005,11.6,15.65,73.645,1.4,7.95,0.768,1.2,20.0,0.05800000000000001,11.15,1.65,88.55,80.4,28.2,39.2,13.0,39.7,13.2,26.5,15.9,14.6,1.1,9.4,28.2,32.981,19.6,40.6,48.54600000000001,13.0,18.7,68.65,1.6,8.7,0.578,2.8,16.8,0.16899999999999998,14.6,2.2,87.4
92,71,2022-02-09,3,2,2021-2022,BRB/Brasília,União Corinthians,1,75.834,22.85,38.734,14.25,42.284000000000006,13.815999999999999,28.465999999999998,14.266,16.15,0.9299999999999999,7.616,25.15,30.035000000000004,19.366,39.2,49.36,14.25,21.166,65.477,1.166,6.066,0.377,2.134,19.366,0.11299999999999999,16.15,2.784,80.15,76.7,21.0,40.6,15.1,37.1,11.5,25.6,15.3,11.9,1.318,7.0,25.4,27.675,20.3,41.7,48.635,15.1,21.6,71.248,2.4,8.2,0.6980000000000001,2.1,20.8,0.10900000000000001,11.9,1.9,81.2
79,61,2022-02-09,3,2,2021-2022,Cerrado,Caxias do Sul Basquete,1,78.7,29.7,40.0,9.0,38.1,11.1,27.0,16.6,13.8,1.2899999999999998,9.9,32.8,29.805,20.0,38.8,51.311,9.0,12.7,72.63300000000001,2.8,6.5,0.507,3.4,19.0,0.178,13.8,2.4,84.1,72.5,23.1,38.4,11.0,32.65,7.35,25.3,16.25,14.05,1.198,7.7,23.05,32.876999999999995,19.2,37.9,50.965999999999994,11.0,16.0,68.062,1.7,6.3,0.45099999999999996,3.25,19.4,0.16599999999999998,14.05,2.6,77.85
79,65,2022-02-10,3,2,2021-2022,Rio Claro,Pato Basquete,1,77.9,22.5,39.6,15.8,35.3,11.2,24.1,14.3,12.6,1.188,7.5,28.5,25.101,19.8,36.4,54.293000000000006,15.8,21.0,74.705,1.5,7.6,0.6359999999999999,1.4,24.3,0.061,12.6,2.7,81.1,75.5,33.9,30.4,11.2,38.3,11.5,26.8,12.8,13.0,1.014,11.3,29.3,37.94,15.2,35.4,43.15400000000001,11.2,16.6,68.224,1.5,7.0,0.532,2.5,20.7,0.128,13.0,3.1,79.5
92,64,2022-02-11,3,2,2021-2022,UNIFACISA,Bauru Basket,1,81.15,30.9,38.0,12.25,36.3,9.9,26.4,13.65,10.7,1.332,10.3,28.25,35.125,19.0,37.3,51.251999999999995,12.25,16.35,74.526,1.3,7.8,0.792,1.3,20.2,0.06300000000000001,10.7,1.6,89.15,77.1,31.5,35.2,10.4,33.4,8.3,25.1,17.7,10.8,1.702,10.5,29.8,35.213,17.6,34.1,51.650999999999996,10.4,15.3,68.226,1.6,7.0,0.654,1.6,19.1,0.09,10.8,1.7,85.3
65,81,2022-02-11,3,2,2021-2022,Fortaleza B. C. / CFO,Pinheiros,0,76.9,21.75,41.567,13.583000000000002,39.433,10.717,28.717000000000002,13.566999999999998,13.9,1.034,7.25,25.767000000000003,28.276,20.782999999999998,42.567,49.55,13.583000000000002,20.317,64.911,1.233,5.9,0.442,2.3329999999999997,20.232999999999997,0.121,13.9,2.7329999999999997,77.2,81.1,28.35,39.9,12.85,40.05,13.65,26.4,16.4,14.5,1.1400000000000001,9.45,28.45,32.867000000000004,19.95,40.5,49.636,12.85,18.3,69.264,1.9,8.4,0.5609999999999998,2.7,16.95,0.16199999999999998,14.5,2.45,89.15
55,73,2022-02-11,3,2,2021-2022,Cerrado,União Corinthians,0,77.6,28.05,40.0,9.55,39.3,11.6,27.7,15.55,13.95,1.1829999999999998,9.35,32.45,28.297000000000004,20.0,39.05,51.001999999999995,9.55,13.45,73.125,2.65,6.7,0.5189999999999999,3.4,18.55,0.183,13.95,2.5,82.55,77.25,21.75,40.1,15.4,37.7,11.85,25.85,15.45,11.75,1.3410000000000002,7.25,25.25,28.784000000000002,20.05,42.35,47.248999999999995,15.4,22.05,70.97,2.3,8.5,0.7250000000000001,2.15,21.45,0.11000000000000001,11.75,1.8,82.35
91,88,2022-02-12,3,2,2021-2022,Minas,Corinthians,1,87.5,33.9,41.0,12.6,39.9,10.35,29.55,17.8,12.25,1.5420000000000003,11.3,30.1,37.53,20.5,34.6,59.18700000000001,12.6,18.35,68.84899999999999,3.05,7.25,0.614,2.2,16.65,0.132,12.25,2.7,103.75,78.2,33.0,34.6,10.6,39.7,12.4,27.3,17.1,11.2,1.536,11.0,31.4,35.879,17.3,33.8,51.391999999999996,10.6,14.9,72.155,1.2,6.3,0.569,2.1,19.0,0.10100000000000002,11.2,2.8,91.0
75,56,2022-02-12,3,2,2021-2022,Rio Claro,Mogi,1,79.25,23.1,39.8,16.35,35.65,11.2,24.45,13.95,12.45,1.1749999999999998,7.7,28.0,26.506999999999998,19.9,36.35,54.605000000000004,16.35,21.2,77.066,1.4,7.65,0.646,1.4,24.0,0.063,12.45,3.1,83.85,71.6,25.8,36.2,9.6,37.6,11.15,26.45,17.7,17.85,1.044,8.6,28.45,30.530999999999995,18.1,34.15,53.10200000000001,9.6,15.2,63.782999999999994,2.7,6.95,0.433,1.75,18.3,0.096,17.85,3.55,76.25
97,80,2022-02-12,3,2,2021-2022,Sesi Franca,Pato Basquete,1,92.301,36.9,39.601000000000006,15.8,41.199,11.0,30.198999999999995,15.899000000000001,13.399000000000001,1.217,12.3,32.301,37.64200000000001,19.799,32.501000000000005,61.273,15.8,18.901,84.606,2.401,5.8,0.44800000000000006,3.599,15.9,0.254,13.399000000000001,2.001,109.601,74.35,33.0,30.3,11.05,36.75,11.4,25.35,12.8,13.0,1.0139999999999998,11.0,29.45,36.678,15.15,35.15,43.392,11.05,16.3,68.711,1.35,6.95,0.528,2.45,20.7,0.12500000000000003,13.0,3.3,76.6
74,72,2022-02-13,3,2,2021-2022,Fortaleza B. C. / CFO,Bauru Basket,1,76.5,22.2,41.334,12.966,39.465999999999994,11.134,28.334000000000003,13.434000000000001,13.7,1.034,7.4,26.234,28.342000000000002,20.665999999999997,42.634,49.080999999999996,12.966,19.534,64.623,1.266,6.0,0.454,2.4659999999999997,19.965999999999998,0.129,13.7,2.6659999999999995,76.8,78.6,32.1,35.9,10.6,33.8,8.35,25.45,18.05,10.65,1.7349999999999999,10.7,30.3,35.449,17.95,34.45,52.239999999999995,10.6,14.95,70.58600000000001,1.75,6.7,0.638,1.55,18.7,0.089,10.65,1.65,87.6
92,71,2022-02-14,4,2,2021-2022,Sesi Franca,Mogi,1,93.401,37.5,40.401,15.5,40.199,10.4,29.799,15.899000000000001,13.399000000000001,1.217,12.5,31.901,38.86000000000001,20.199,32.101,63.56699999999999,15.5,18.801,83.7,2.3009999999999997,6.1,0.4659999999999999,3.6990000000000003,15.7,0.262,13.399000000000001,1.7009999999999998,111.301,70.7,25.5,35.2,10.0,37.1,11.2,25.9,17.4,17.3,1.0550000000000002,8.5,28.2,30.406,17.6,34.2,51.46200000000001,10.0,15.9,62.94999999999999,2.5,7.2,0.45599999999999996,1.7,18.2,0.094,17.3,3.5,74.6
104,67,2022-02-15,4,2,2021-2022,Minas,Paulistano,1,87.1,32.7,41.8,12.6,39.6,10.1,29.5,18.0,12.6,1.51,10.9,29.8,36.415,20.9,34.7,60.080999999999996,12.6,18.4,68.627,3.1,7.4,0.6059999999999999,2.2,16.8,0.12999999999999998,12.6,3.2,103.2,78.8,25.8,40.2,12.8,39.4,10.5,28.9,14.9,14.4,1.073,8.6,25.7,33.681,20.1,39.7,50.56600000000001,12.8,17.3,72.71399999999998,1.2,7.0,0.48600000000000004,2.3,20.3,0.11699999999999999,14.4,3.4,86.8
92,98,2022-02-15,4,2,2021-2022,Pinheiros,São Paulo,0,81.8,28.5,40.6,12.7,40.4,14.1,26.3,16.9,14.4,1.1800000000000002,9.5,28.7,32.753,20.3,40.4,50.726,12.7,17.9,69.878,2.2,8.1,0.5439999999999999,2.6,17.1,0.15499999999999997,14.4,2.7,90.9,84.5,34.8,34.4,15.3,35.6,7.35,28.25,16.9,11.65,1.5399999999999998,11.6,29.9,39.035999999999994,17.2,30.95,55.318999999999996,15.3,20.35,74.94,1.85,6.85,0.609,2.45,17.9,0.14,11.65,2.4,97.55
77,75,2022-02-17,4,2,2021-2022,Pato Basquete,BRB/Brasília,1,73.2,32.1,30.2,10.9,35.2,11.3,23.9,12.8,13.0,1.0139999999999998,10.7,29.6,35.41600000000001,15.1,34.9,43.63,10.9,16.0,69.19800000000001,1.2,6.9,0.524,2.4,20.7,0.12200000000000003,13.0,3.5,73.7,77.367,23.8,39.267,14.3,43.067,13.932999999999998,29.133,15.232999999999999,16.3,0.9879999999999999,7.933,25.6,30.741000000000003,19.633,39.4,49.772,14.3,20.732999999999997,67.388,1.133,6.133,0.378,2.2670000000000003,19.732999999999997,0.118,16.3,2.7670000000000003,83.9
84,78,2022-02-17,4,2,2021-2022,Corinthians,Rio Claro,1,80.4,33.9,35.6,10.9,39.8,12.6,27.2,18.2,11.8,1.577,11.3,31.1,37.227,17.8,35.5,50.239,10.9,14.2,76.277,1.4,6.1,0.538,2.2,19.8,0.10600000000000002,11.8,3.1,94.1,80.6,23.7,40.0,16.9,36.0,11.2,24.8,13.6,12.3,1.1620000000000001,7.9,27.5,27.913000000000004,20.0,36.3,54.91700000000001,16.9,21.4,79.427,1.3,7.7,0.656,1.4,23.7,0.065,12.3,3.5,86.6
87,67,2022-02-17,4,2,2021-2022,Mogi,Cerrado,1,71.683,26.1,35.4,10.183,37.683,11.117,26.567,17.8,17.4,1.0740000000000003,8.7,28.55,30.764,17.7,34.467,51.33700000000001,10.183,15.983,63.82000000000001,2.533,6.983,0.43600000000000005,1.8170000000000002,18.532999999999998,0.098,17.4,3.4,76.15,76.5,26.4,40.0,10.1,40.5,12.1,28.4,14.5,14.1,1.076,8.8,32.1,26.789000000000005,20.0,39.3,50.693,10.1,14.2,73.61699999999999,2.5,6.9,0.531,3.4,18.1,0.188,14.1,2.6,81.0
102,87,2022-02-18,4,2,2021-2022,Bauru Basket,São Paulo,1,77.5,31.2,35.2,11.1,33.5,8.2,25.3,17.5,11.1,1.6239999999999999,10.4,29.6,35.177,17.6,34.6,50.961999999999996,11.1,15.6,71.016,1.5,6.5,0.597,1.7,18.4,0.099,11.1,1.6,84.9,85.15,35.1,34.4,15.65,35.75,7.4,28.35,16.7,11.75,1.4979999999999998,11.7,29.5,39.929,17.2,31.05,55.120999999999995,15.65,20.85,74.613,1.85,6.8,0.5980000000000001,2.7,18.5,0.14900000000000002,11.75,2.45,98.5
74,66,2022-02-18,4,2,2021-2022,Caxias do Sul Basquete,Fortaleza B. C. / CFO,1,70.6,21.0,38.4,11.2,31.8,7.1,24.7,16.0,13.6,1.25,7.0,22.3,31.119999999999997,19.2,38.7,49.906000000000006,11.2,16.0,69.39599999999999,1.5,5.9,0.44000000000000006,3.4,19.2,0.176,13.6,2.8,74.5,75.7,22.5,40.001000000000005,13.199000000000002,38.29899999999999,10.851,27.451000000000004,13.600999999999999,13.75,1.0430000000000004,7.5,26.651000000000003,28.255000000000006,19.998999999999995,41.551,48.794,13.199000000000002,19.600999999999996,65.95400000000001,1.399,6.55,0.49000000000000005,2.3489999999999993,19.748999999999995,0.125,13.75,2.7989999999999995,75.65
70,74,2022-02-18,4,2,2021-2022,União Corinthians,UNIFACISA,0,77.8,22.5,39.6,15.7,38.3,12.2,26.1,15.6,11.6,1.364,7.5,25.1,29.893000000000008,19.8,43.0,45.86299999999999,15.7,22.5,70.69200000000001,2.2,8.8,0.752,2.2,22.1,0.11100000000000002,11.6,1.7,83.5,82.9,33.6,37.4,11.9,36.7,9.5,27.2,13.9,10.3,1.4089999999999998,11.2,29.3,37.187,18.7,36.0,52.459,11.9,16.1,73.79299999999999,1.4,7.5,0.8,1.4,20.6,0.06800000000000002,10.3,1.7,92.5
65,81,2022-02-19,4,2,2021-2022,Corinthians,Sesi Franca,0,79.6,32.85,36.3,10.45,40.65,12.6,28.05,18.25,12.25,1.535,10.95,30.6,36.604,18.15,36.15,50.309,10.45,13.85,75.147,1.45,5.85,0.5040000000000001,2.4,19.75,0.11700000000000003,12.25,2.9,93.45,92.451,36.75,39.801,15.9,38.799,9.75,29.049,16.149,11.849,1.4769999999999999,12.25,31.500999999999998,38.458000000000006,19.899,32.351,62.485,15.9,19.351,82.5,2.651,5.85,0.5279999999999999,3.2990000000000004,16.15,0.19999999999999998,11.849,1.6009999999999998,109.551
83,72,2022-02-19,4,2,2021-2022,Mogi,BRB/Brasília,1,72.66600000000001,26.7,35.6,10.366,38.266,11.034,27.234,18.2,17.5,1.093,8.9,28.9,31.122000000000003,17.8,34.734,51.212,10.366,16.066000000000003,64.69000000000001,2.566,6.766,0.41600000000000004,1.9340000000000004,18.865999999999996,0.10200000000000001,17.5,3.3,77.7,77.75,24.0,39.1,14.65,43.15,13.9,29.25,15.4,16.7,0.977,8.0,25.9,30.662,19.55,39.15,49.894999999999996,14.65,20.9,68.531,1.1,6.35,0.383,2.25,20.0,0.11600000000000002,16.7,3.0,84.45
78,94,2022-02-19,4,2,2021-2022,Pato Basquete,Cerrado,0,74.2,33.75,30.0,10.45,34.1,10.9,23.2,13.25,12.55,1.077,11.25,30.2,36.796,15.0,34.6,43.705,10.45,15.0,70.469,1.1,6.75,0.5329999999999999,2.25,20.8,0.11500000000000003,12.55,3.5,74.9,77.75,25.65,40.6,11.5,41.75,12.45,29.3,14.65,13.95,1.1,8.55,31.2,26.78,20.3,40.05,50.565,11.5,15.75,74.548,2.2,6.5,0.5049999999999999,3.4,18.2,0.187,13.95,2.75,83.45
88,79,2022-02-20,4,2,2021-2022,Minas,Flamengo,1,86.6,32.4,41.8,12.4,39.9,10.0,29.9,18.05,12.8,1.489,10.8,29.15,36.892999999999994,20.9,34.75,59.997,12.4,18.35,67.639,2.9,7.1,0.574,2.6,16.95,0.15099999999999997,12.8,3.1,103.3,90.2,40.35,37.9,11.95,43.0,10.6,32.4,22.15,13.55,1.8189999999999997,13.45,35.1,38.819,18.95,31.05,61.858000000000004,11.95,15.75,76.538,1.85,6.05,0.501,2.55,14.6,0.183,13.55,1.85,112.85
86,78,2022-02-20,4,2,2021-2022,Paulistano,Rio Claro,1,78.433,25.0,40.167,13.267,37.917,10.133,27.782999999999998,14.767,13.866999999999999,1.1069999999999998,8.333,25.267000000000003,33.206,20.083,39.517,50.741,13.267,17.6,74.32399999999998,1.217,7.2170000000000005,0.53,2.25,20.617,0.11300000000000002,13.866999999999999,3.217,86.017,80.8,23.55,40.4,16.85,36.65,11.25,25.4,13.35,12.9,1.083,7.85,26.25,29.294,20.2,37.15,54.397000000000006,16.85,22.1,76.82600000000001,1.25,7.5,0.6140000000000001,1.6,23.65,0.074,12.9,3.65,86.4
60,79,2022-02-20,4,2,2021-2022,Caxias do Sul Basquete,UNIFACISA,0,69.65,20.55,37.9,11.2,31.85,7.35,24.5,15.55,13.6,1.2209999999999999,6.85,22.15,30.686,18.95,39.05,48.766000000000005,11.2,15.75,70.871,1.2,5.8,0.433,3.2,19.15,0.16699999999999998,13.6,2.75,72.5,82.1,33.15,37.1,11.85,37.1,9.15,27.95,13.9,11.05,1.3559999999999999,11.05,29.25,36.690000000000005,18.55,35.15,53.464,11.85,16.05,73.722,1.4,7.45,0.764,1.5,20.15,0.07700000000000001,11.05,1.9,92.0
80,86,2022-02-20,4,2,2021-2022,União Corinthians,Fortaleza B. C. / CFO,0,78.1,23.7,39.3,15.1,38.4,12.05,26.35,15.4,11.55,1.3539999999999999,7.9,26.0,30.259000000000004,19.65,42.25,46.411,15.1,21.5,70.866,1.85,8.0,0.7000000000000001,2.15,22.7,0.10200000000000001,11.55,1.65,83.4,75.8,22.95,38.801,14.049000000000001,37.748999999999995,10.951,26.801000000000005,14.151,13.45,1.1070000000000002,7.65,26.651000000000003,28.893000000000008,19.398999999999994,41.251000000000005,47.705,14.049000000000001,21.150999999999996,65.833,1.549,7.1,0.543,2.0490000000000004,19.498999999999995,0.11100000000000002,13.45,2.7489999999999997,75.45
91,82,2022-03-02,5,2,2021-2022,UNIFACISA,Mogi,1,81.3,32.7,36.8,11.8,37.5,8.8,28.7,13.9,11.8,1.3029999999999997,10.9,29.2,36.193000000000005,18.4,34.3,54.468999999999994,11.8,16.0,73.651,1.4,7.4,0.728,1.6,19.7,0.08600000000000001,11.8,2.1,91.5,72.799,26.1,36.3,10.399,38.648999999999994,11.101,27.551000000000005,19.2,17.1,1.183,8.7,29.1,30.151,18.15,35.251000000000005,51.419000000000004,10.399,15.649000000000001,66.651,2.6489999999999996,6.598999999999999,0.4149999999999999,2.101,19.048999999999996,0.11000000000000001,17.1,3.25,79.5
93,53,2022-03-02,5,2,2021-2022,São Paulo,Caxias do Sul Basquete,1,86.9,36.3,34.8,15.8,34.0,6.8,27.2,16.8,11.8,1.498,12.1,29.1,41.759,17.4,30.9,56.001,15.8,21.2,73.812,2.0,6.5,0.5650000000000001,2.7,19.0,0.143,11.8,2.4,99.2,68.7,20.1,37.4,11.2,31.9,7.6,24.3,15.1,13.6,1.1919999999999997,6.7,22.0,30.252000000000002,18.7,39.4,47.626000000000005,11.2,15.5,72.346,0.9,5.7,0.426,3.0,19.1,0.158,13.6,2.7,70.5
69,63,2022-03-02,5,2,2021-2022,Flamengo,Cerrado,1,90.0,41.55,36.5,11.95,42.55,10.7,31.85,22.1,13.75,1.793,13.85,35.65,39.399,18.25,30.4,60.394999999999996,11.95,15.2,78.953,1.8,6.1,0.497,2.85,14.2,0.205,13.75,1.9,112.65,79.0,24.9,41.2,12.9,43.0,12.8,30.2,14.8,13.8,1.1239999999999999,8.3,30.3,26.771000000000004,20.6,40.8,50.43699999999999,12.9,17.3,75.479,1.9,6.1,0.479,3.4,18.3,0.18599999999999997,13.8,2.9,85.9
78,84,2022-03-02,5,2,2021-2022,Fortaleza B. C. / CFO,Pato Basquete,0,76.0,24.0,38.20100000000001,13.799000000000001,38.29899999999999,11.201,27.101000000000006,14.001,12.9,1.139,8.0,26.501000000000005,30.51000000000001,19.099,41.70100000000001,46.347,13.799000000000001,21.900999999999996,62.789999999999985,1.599,7.4,0.5840000000000001,1.8990000000000002,19.099,0.10500000000000001,12.9,2.399,75.5,75.2,35.4,29.8,10.0,33.0,10.5,22.5,13.7,12.1,1.1400000000000001,11.8,30.8,38.176,14.9,34.3,43.78,10.0,14.0,71.74,1.0,6.6,0.5419999999999999,2.1,20.9,0.10800000000000003,12.1,3.5,76.1
98,89,2022-03-03,5,2,2021-2022,Sesi Franca,Minas,1,92.401,35.7,41.201,15.5,38.999,9.7,29.299,16.299,11.299000000000001,1.658,11.9,31.401,37.35600000000001,20.599,32.701,63.732000000000006,15.5,19.000999999999998,81.92499999999998,3.001,5.5,0.5459999999999999,2.999,15.3,0.189,11.299000000000001,1.6009999999999998,109.801,89.1,35.1,42.0,12.0,40.0,9.6,30.4,18.9,13.0,1.5350000000000001,11.7,29.6,39.617,21.0,34.7,60.348,12.0,17.3,69.488,2.9,7.2,0.575,2.9,17.0,0.16699999999999998,13.0,2.9,108.2
53,65,2022-03-04,5,2,2021-2022,Paulistano,Bauru Basket,0,78.066,24.2,40.134,13.734,36.434000000000005,9.766,26.665999999999997,14.633999999999997,13.334,1.1409999999999998,8.065999999999999,24.834000000000003,32.73100000000001,20.065999999999995,39.334,50.916,13.734,17.9,75.934,1.234,7.434,0.5740000000000001,2.2,20.934000000000005,0.10900000000000001,13.334,3.0340000000000003,85.234,80.0,31.8,36.0,12.2,33.5,8.4,25.1,18.0,11.0,1.69,10.6,30.2,34.927,18.0,34.3,52.70799999999999,12.2,16.7,71.862,1.5,6.4,0.5940000000000001,1.5,19.3,0.07999999999999999,11.0,1.7,88.0
87,78,2022-03-04,5,2,2021-2022,UNIFACISA,Pato Basquete,1,83.4,36.3,35.9,11.2,37.55,8.8,28.75,14.3,12.05,1.311,12.1,30.55,39.17100000000001,17.95,34.1,53.50699999999999,11.2,14.95,75.05999999999999,1.3,7.85,0.75,1.85,19.2,0.099,12.05,2.25,94.55,75.85,34.2,31.3,10.35,32.9,10.3,22.6,13.65,12.1,1.137,11.4,30.25,37.56699999999999,15.65,34.65,45.523,10.35,14.2,73.132,1.2,6.55,0.5379999999999999,1.75,21.35,0.08700000000000004,12.1,3.3,76.9
98,71,2022-03-04,5,2,2021-2022,São Paulo,União Corinthians,1,87.55,35.25,36.2,16.1,35.45,7.15,28.3,17.3,11.8,1.554,11.75,28.55,41.271,18.1,31.65,56.782,16.1,21.8,73.27,2.1,6.6,0.5760000000000001,2.75,18.55,0.14799999999999996,11.8,2.3,101.8,77.3,25.05,38.0,14.25,38.1,11.95,26.15,15.35,11.9,1.3159999999999998,8.35,26.6,31.207,19.0,41.55,45.7,14.25,20.4,70.18499999999999,1.8,7.4,0.6370000000000001,2.35,22.55,0.11100000000000002,11.9,1.7,81.65
82,75,2022-03-04,5,2,2021-2022,Fortaleza B. C. / CFO,Mogi,1,76.6,24.3,37.801,14.499,38.04899999999999,11.051,27.001000000000005,12.751000000000001,13.15,0.991,8.1,26.651000000000003,30.732000000000006,18.899,41.051,46.583000000000006,14.499,22.401,64.74699999999999,1.599,7.8,0.6020000000000001,1.8990000000000002,19.549,0.1,13.15,2.6990000000000003,75.35,72.749,25.35,36.8,10.599,38.648999999999994,11.051,27.601000000000006,19.9,17.35,1.209,8.45,28.85,29.546,18.4,35.301,52.077,10.599,15.649000000000001,67.732,2.8489999999999993,6.499,0.40499999999999997,2.5509999999999997,18.898999999999994,0.13699999999999998,17.35,3.05,80.65
90,85,2022-03-05,5,2,2021-2022,Sesi Franca,Flamengo,1,92.23400000000001,35.7,40.734,15.8,38.465999999999994,10.05,28.415999999999997,16.316,10.966,1.7029999999999998,11.9,31.534000000000002,37.2,20.366,32.484,63.410000000000004,15.8,19.434,81.78299999999999,3.034,5.25,0.5359999999999999,2.716,15.7,0.17099999999999999,10.966,1.634,108.63400000000001,90.8,41.4,37.0,12.4,42.1,10.2,31.9,22.0,13.75,1.782,13.8,34.8,39.914,18.5,31.05,59.991,12.4,16.0,77.49100000000001,1.7,5.9,0.47400000000000003,2.9,14.6,0.20200000000000004,13.75,1.9,112.8
75,78,2022-03-05,5,2,2021-2022,Rio Claro,Minas,0,79.95,22.5,40.5,16.95,36.95,11.5,25.45,13.2,13.55,1.006,7.5,25.0,29.675,20.25,38.35,52.892999999999994,16.95,22.6,75.79100000000001,1.35,7.3,0.5680000000000001,1.75,23.7,0.08,13.55,4.0,84.35,89.3,34.65,41.8,12.85,38.55,9.3,29.25,18.75,12.95,1.527,11.55,28.75,40.102,20.9,34.6,60.2,12.85,17.7,72.131,3.0,7.05,0.563,2.85,17.6,0.162,12.95,2.85,107.8
60,65,2022-03-06,5,2,2021-2022,Pinheiros,Bauru Basket,0,82.8,30.3,40.6,11.9,40.9,14.7,26.2,17.6,14.1,1.291,10.1,30.2,32.634,20.3,41.1,49.907,11.9,16.9,68.893,2.3,8.1,0.558,2.6,16.9,0.156,14.1,2.6,92.0,78.45,30.9,35.7,11.85,33.35,8.15,25.2,17.3,11.25,1.597,10.3,29.2,34.998,17.85,34.1,52.55499999999999,11.85,16.1,72.417,1.45,6.4,0.576,1.4,18.5,0.078,11.25,2.15,86.25
86,80,2022-03-06,5,2,2021-2022,Cerrado,Corinthians,1,78.95,25.5,40.4,13.05,44.0,12.95,31.05,14.65,13.65,1.1300000000000001,8.5,30.05,27.776,20.2,40.45,49.97899999999999,13.05,17.55,75.33399999999999,1.8,5.15,0.404,3.4,18.05,0.187,13.65,3.0,86.2,78.8,31.8,37.0,10.0,41.5,12.6,28.9,18.3,12.7,1.4929999999999999,10.6,30.1,35.981,18.5,36.8,50.379000000000005,10.0,13.5,74.017,1.5,5.6,0.4700000000000001,2.6,19.7,0.12800000000000006,12.7,2.7,92.8
79,99,2022-03-07,6,2,2021-2022,Rio Claro,Flamengo,0,78.8,22.5,40.4,15.9,36.5,11.9,24.6,13.2,13.6,0.998,7.5,25.1,29.568,20.2,38.2,53.024,15.9,21.7,72.57700000000001,1.6,7.2,0.554,1.6,23.3,0.073,13.6,4.1,82.3,89.6,40.35,37.9,11.35,42.75,10.6,32.15,21.9,13.25,1.8389999999999997,13.45,35.15,38.38099999999999,18.95,32.6,57.735,11.35,14.8,76.429,1.7,5.9,0.48900000000000005,3.25,15.2,0.21600000000000005,13.25,2.0,111.35
80,71,2022-03-07,6,2,2021-2022,São Paulo,Paulistano,1,88.2,34.2,37.6,16.4,36.9,7.5,29.4,17.8,11.8,1.61,11.4,28.0,40.783,18.8,32.4,57.563,16.4,22.4,72.728,2.2,6.7,0.587,2.8,18.1,0.15299999999999997,11.8,2.2,104.4,76.066,24.5,38.334,13.234,36.434000000000005,9.866,26.565999999999995,14.234,14.134,1.081,8.166,25.334000000000003,32.664,19.165999999999997,37.634,50.44500000000001,13.234,17.6,74.253,1.334,6.934,0.526,2.0,20.434000000000005,0.10200000000000001,14.134,2.8340000000000005,81.53399999999999
89,91,2022-03-08,6,2,2021-2022,BRB/Brasília,Corinthians,0,79.3,24.9,40.4,14.0,43.2,13.9,29.3,15.9,16.1,1.018,8.3,26.1,31.723000000000003,20.2,40.0,50.662000000000006,14.0,20.1,68.24300000000001,1.2,6.3,0.39099999999999996,2.4,19.5,0.12400000000000003,16.1,2.8,87.3,79.7,33.3,36.6,9.8,42.4,13.3,29.1,18.4,12.1,1.597,11.1,31.2,36.147999999999996,18.3,37.1,49.43300000000001,9.8,13.0,75.327,1.6,5.4,0.47700000000000004,2.5,19.1,0.13,12.1,2.7,94.2
74,66,2022-03-09,6,2,2021-2022,Minas,Cerrado,1,89.5,34.2,41.6,13.7,37.1,9.0,28.1,18.6,12.9,1.5189999999999997,11.4,27.9,40.587,20.8,34.5,60.052,13.7,18.1,74.774,3.1,6.9,0.551,2.8,18.2,0.157,12.9,2.8,107.4,74.2,22.8,39.8,11.6,42.1,12.6,29.5,14.1,11.9,1.203,7.6,28.7,26.421999999999997,19.9,39.6,50.321000000000005,11.6,15.4,75.18900000000001,1.8,5.0,0.41899999999999993,2.7,16.1,0.174,11.9,2.6,81.6
94,88,2022-03-10,6,2,2021-2022,Paulistano,Fortaleza B. C. / CFO,1,78.333,25.2,39.601000000000006,13.534,35.767,9.565999999999999,26.198999999999995,14.267000000000001,14.200999999999999,1.078,8.399,24.734,34.06,19.798999999999996,37.934000000000005,51.918000000000006,13.534,18.032999999999998,74.06099999999999,1.501,7.101000000000001,0.537,2.0,20.734,0.1,14.200999999999999,3.0340000000000003,84.30099999999999,75.1,24.45,37.001000000000005,13.649000000000001,37.449,10.751000000000001,26.701,12.651,13.15,0.983,8.15,26.201,31.45700000000001,18.499000000000002,39.551,47.154,13.649000000000001,21.151,64.803,1.549,7.85,0.6060000000000001,1.999,19.199,0.10600000000000001,13.15,2.899,75.3
78,102,2022-03-10,6,2,2021-2022,Rio Claro,Sesi Franca,0,77.55,20.25,41.5,15.8,35.8,11.1,24.7,13.35,13.55,1.018,6.75,23.5,29.110000000000003,20.75,38.6,53.996,15.8,21.35,73.56200000000001,1.6,6.5,0.492,1.55,23.05,0.071,13.55,4.15,81.05,92.06700000000001,35.7,40.267,16.1,37.933,10.4,27.532999999999998,16.333,10.633,1.7479999999999998,11.9,31.667,37.044000000000004,20.133,32.267,63.088,16.1,19.867,81.64099999999999,3.067,5.0,0.526,2.433,16.1,0.15300000000000002,10.633,1.6670000000000003,107.46700000000001
95,82,2022-03-11,6,2,2021-2022,Minas,BRB/Brasília,1,88.85,32.85,42.7,13.3,37.45,9.1,28.35,17.9,12.85,1.4739999999999998,10.95,27.75,38.978,21.35,34.75,61.176,13.3,17.65,74.661,3.35,6.4,0.5170000000000001,2.8,18.45,0.15500000000000003,12.85,2.75,106.0,79.95,25.35,40.0,14.6,42.75,14.0,28.75,16.15,16.1,1.036,8.45,26.45,31.816999999999997,20.0,39.05,51.46600000000001,14.6,21.1,67.851,1.1,6.25,0.38699999999999996,2.1,19.8,0.10800000000000001,16.1,3.15,87.55
79,70,2022-03-11,6,2,2021-2022,Pato Basquete,Mogi,1,76.5,33.0,32.8,10.7,32.8,10.1,22.7,13.6,12.1,1.134,11.0,29.7,36.958000000000006,16.4,35.0,47.266000000000005,10.7,14.4,74.524,1.4,6.5,0.534,1.4,21.8,0.06600000000000002,12.1,3.1,77.7,73.799,24.6,37.8,11.399,37.898999999999994,10.501000000000001,27.401000000000003,19.6,16.9,1.214,8.2,28.2,29.467000000000002,18.9,35.801,52.787,11.399,16.599,69.203,2.7990000000000004,6.2989999999999995,0.40199999999999997,2.501,18.799,0.136,16.9,3.0,81.1
81,65,2022-03-12,6,2,2021-2022,Corinthians,Fortaleza B. C. / CFO,1,81.8,34.2,37.0,10.6,41.95,12.9,29.05,18.65,12.3,1.6009999999999998,11.4,30.55,37.788,18.5,37.45,49.53600000000001,10.6,14.25,74.845,1.6,5.5,0.47800000000000004,2.75,19.3,0.14,12.3,2.35,96.6,73.25,24.0,37.001,12.248999999999999,37.299,10.851,26.451,13.350999999999999,13.45,1.009,8.0,25.551,31.569000000000006,18.499000000000002,38.650999999999996,47.959,12.248999999999999,19.651,63.024,1.499,7.5,0.567,2.099,18.749000000000002,0.11300000000000002,13.45,3.149,74.95
80,87,2022-03-12,6,2,2021-2022,Caxias do Sul Basquete,Pinheiros,0,66.85,20.1,35.9,10.85,32.55,8.0,24.55,15.3,13.5,1.2099999999999997,6.7,22.85,29.474,17.95,38.9,46.10600000000001,10.85,15.45,70.986,0.9,5.95,0.445,3.05,19.4,0.15900000000000003,13.5,2.85,68.5,82.25,29.25,40.9,12.1,41.55,14.8,26.75,17.7,14.25,1.285,9.75,30.7,31.163999999999998,20.45,40.6,50.782999999999994,12.1,17.05,69.614,2.05,7.85,0.5319999999999998,2.5,16.85,0.14900000000000002,14.25,2.65,91.55
83,64,2022-03-12,6,2,2021-2022,Paulistano,UNIFACISA,1,76.79999999999998,26.8,38.068000000000005,11.934000000000001,35.0,9.866,25.131999999999994,14.1,13.768,1.096,8.931999999999999,25.734,34.629,19.032,37.834,50.016,11.934000000000001,15.965999999999998,73.929,1.568,6.968000000000001,0.542,2.1,20.234,0.10699999999999998,13.768,2.934,81.56799999999998,84.3,37.05,35.7,11.55,37.4,8.9,28.5,14.85,12.5,1.311,12.35,30.5,39.973,17.85,34.1,53.22099999999999,11.55,15.2,76.35999999999999,1.35,7.9,0.727,2.25,19.25,0.118,12.5,2.35,96.15
77,82,2022-03-12,6,2,2021-2022,União Corinthians,Bauru Basket,0,76.1,24.6,37.6,13.9,37.6,11.8,25.8,15.7,11.6,1.4129999999999998,8.2,27.3,30.169999999999998,18.8,41.7,45.032999999999994,13.9,19.9,70.199,1.8,7.1,0.6340000000000001,2.4,22.4,0.11400000000000003,11.6,1.6,79.3,76.9,30.0,35.4,11.5,33.2,7.9,25.3,16.6,11.5,1.504,10.0,28.2,35.069,17.7,33.9,52.402,11.5,15.5,72.97200000000001,1.4,6.4,0.558,1.3,17.7,0.076,11.5,2.6,84.5
69,70,2022-03-14,7,2,2021-2022,Corinthians,UNIFACISA,0,81.5,34.2,36.0,11.3,41.45,12.9,28.55,18.0,12.7,1.5150000000000001,11.4,30.05,38.417,18.0,37.1,48.572,11.3,15.4,74.21600000000001,1.4,5.5,0.4640000000000001,2.9,19.6,0.145,12.7,2.25,94.8,82.7,36.0,35.0,11.7,36.8,9.0,27.8,14.7,13.0,1.263,12.0,30.0,39.4,17.5,33.9,52.46299999999999,11.7,15.2,77.86,1.3,7.6,0.6799999999999999,2.4,19.2,0.126,13.0,2.8,93.3
60,66,2022-03-14,7,2,2021-2022,Caxias do Sul Basquete,Bauru Basket,0,67.7,22.8,34.6,10.3,32.5,8.1,24.4,15.9,13.6,1.2409999999999999,7.6,23.8,31.738,17.3,38.1,45.319,10.3,14.9,70.206,0.8,6.2,0.458,3.0,19.9,0.15500000000000005,13.6,2.9,70.1,79.2,33.0,34.0,12.2,33.6,8.4,25.2,16.0,11.1,1.5,11.0,30.1,36.465999999999994,17.0,32.2,52.678,12.2,16.4,73.119,1.1,6.5,0.591,1.2,18.4,0.06799999999999999,11.1,2.7,86.9
83,87,2022-03-14,7,2,2021-2022,União Corinthians,Pinheiros,0,76.75,24.45,38.6,13.7,38.35,12.0,26.35,15.55,11.75,1.3779999999999997,8.15,27.3,30.008999999999997,19.3,41.4,46.70899999999999,13.7,19.85,69.24100000000001,1.85,6.65,0.5790000000000001,2.2,22.35,0.10400000000000001,11.75,1.65,80.35,84.4,29.4,41.8,13.2,40.2,13.6,26.6,18.2,14.7,1.284,9.8,29.8,32.578,20.9,39.8,52.830999999999996,13.2,18.2,71.49000000000001,1.9,8.3,0.549,2.7,17.3,0.155,14.7,2.5,95.2
87,77,2022-03-15,7,2,2021-2022,Paulistano,Sesi Franca,1,76.11699999999999,27.35,36.635000000000005,12.134,34.783,10.065999999999999,24.714999999999996,14.033000000000001,13.735,1.094,9.114999999999998,25.784000000000002,35.19799999999999,18.314999999999998,37.734,48.245999999999995,12.134,16.149,74.332,1.535,6.9350000000000005,0.5410000000000001,2.3,20.384,0.11600000000000002,13.735,2.9840000000000004,80.335,92.7,34.5,42.2,16.0,37.3,10.0,27.3,16.9,10.0,1.9649999999999999,11.5,31.0,36.526,21.1,33.1,64.181,16.0,19.9,81.042,3.1,5.2,0.61,2.0,16.5,0.12800000000000003,10.0,1.5,108.7
73,90,2022-03-16,7,2,2021-2022,Mogi,São Paulo,0,73.949,25.65,37.3,10.998999999999999,38.199,10.151,28.051,19.3,16.65,1.2109999999999999,8.55,28.8,30.015000000000004,18.65,35.501000000000005,52.45399999999999,10.998999999999999,15.899000000000001,69.442,2.749,6.199,0.39999999999999997,2.501,18.999000000000002,0.135,16.65,2.55,81.5,87.65,33.15,37.5,17.0,37.15,7.95,29.2,17.7,11.5,1.625,11.05,28.3,39.153000000000006,18.75,32.2,57.74400000000001,17.0,22.95,73.618,2.25,6.8,0.605,2.85,18.25,0.15499999999999997,11.5,1.8,104.0
73,70,2022-03-18,4,2,2021-2022,Flamengo,Paulistano,1,90.4,42.15,36.5,11.75,42.15,10.6,31.55,20.9,12.95,1.8059999999999998,14.05,35.95,39.086,18.25,31.3,58.039,11.75,15.3,76.65599999999999,1.7,5.9,0.5,3.45,15.0,0.229,12.95,1.7,111.35,75.86699999999999,26.0,37.33500000000001,12.534,34.733,10.166,24.564999999999998,14.633,13.335000000000003,1.2,8.665,25.334,34.013999999999996,18.665,37.834,48.985,12.534,16.599,74.73499999999999,1.335,6.835000000000001,0.551,2.4,20.034,0.123,13.335000000000003,2.734,81.23499999999999
76,71,2022-03-22,8,2,2021-2022,Flamengo,Corinthians,1,88.9,42.0,35.0,11.9,40.9,10.1,30.8,20.4,12.5,1.8099999999999998,14.0,36.3,38.611999999999995,17.5,30.2,57.169,11.9,14.7,79.942,1.5,6.0,0.516,3.6,15.4,0.23199999999999998,12.5,1.9,109.5,79.5,33.0,35.4,11.1,41.1,12.9,28.2,17.2,13.4,1.4060000000000001,11.0,29.0,38.313,17.7,37.3,47.412,11.1,15.4,73.04,1.4,5.3,0.43199999999999994,2.8,19.3,0.14200000000000002,13.4,2.5,90.6
62,82,2022-03-23,8,2,2021-2022,Pato Basquete,São Paulo,0,77.1,33.15,33.3,10.65,32.15,9.4,22.75,13.8,11.85,1.19,11.05,30.45,36.403,16.65,34.2,48.925,10.65,14.8,72.83600000000001,1.55,7.05,0.608,1.15,21.85,0.054000000000000006,11.85,2.8,78.3,88.1,33.9,37.4,16.8,36.5,7.7,28.8,17.8,11.1,1.6670000000000003,11.3,28.9,39.068,18.7,31.6,58.73700000000001,16.8,23.0,72.38,2.3,7.2,0.6529999999999999,3.0,18.4,0.16299999999999998,11.1,1.5,104.8
117,55,2022-03-24,8,2,2021-2022,Flamengo,União Corinthians,1,89.233,43.1,33.933,12.2,40.9,10.233,30.667,20.3,12.1,1.843,14.366999999999999,37.132999999999996,38.888,16.967,29.667,56.480999999999995,12.2,15.5,77.001,1.567,5.7,0.51,3.567,15.667000000000002,0.227,12.1,1.6670000000000003,108.833,78.0,25.5,39.0,13.5,38.6,12.1,26.5,15.8,11.9,1.3800000000000001,8.5,27.6,30.796,19.5,40.8,48.00299999999999,13.5,20.3,66.812,1.9,6.6,0.5610000000000002,2.2,22.8,0.10100000000000002,11.9,1.6,82.1
107,103,2022-03-24,8,2,2021-2022,Bauru Basket,Mogi,1,77.2,31.5,34.1,11.6,34.85,8.45,26.4,15.5,11.25,1.44,10.5,29.8,35.059999999999995,17.05,32.4,52.49399999999999,11.6,15.75,72.344,1.0,6.55,0.587,1.3,17.95,0.074,11.25,2.85,85.35,74.399,26.4,37.6,10.399,37.998999999999995,9.901,28.101,18.8,16.5,1.193,8.8,29.3,30.347999999999995,18.8,35.501000000000005,52.909000000000006,10.399,14.899000000000001,69.616,2.6990000000000003,6.098999999999999,0.39699999999999996,2.7009999999999996,19.299,0.14400000000000002,16.5,2.3,81.8
93,82,2022-03-24,8,2,2021-2022,Paulistano,Pinheiros,1,75.75,26.1,37.202000000000005,12.451,34.0,9.998999999999999,23.997999999999998,14.749999999999996,12.852,1.247,8.697999999999999,25.701,33.65400000000001,18.597999999999995,37.751000000000005,48.92100000000001,12.451,16.399,75.142,1.302,7.002000000000001,0.5900000000000001,2.35,20.201,0.12,12.852,2.5509999999999997,80.902,84.7,29.1,41.6,14.0,40.4,12.9,27.5,16.9,14.8,1.185,9.7,28.8,33.435,20.8,39.7,52.709,14.0,19.0,72.49,2.0,8.0,0.526,2.4,17.6,0.13799999999999998,14.8,2.5,94.6
73,79,2022-03-24,8,2,2021-2022,Cerrado,Rio Claro,0,73.4,21.9,39.6,11.9,41.5,12.7,28.8,14.1,11.4,1.267,7.3,28.7,25.453999999999997,19.8,39.3,50.491,11.9,16.1,74.40100000000001,1.9,5.4,0.479,2.7,16.4,0.168,11.4,2.6,80.6,77.4,21.9,40.1,15.4,35.4,10.65,24.75,13.95,13.2,1.095,7.3,23.5,31.402000000000005,20.05,38.6,52.289,15.4,20.5,74.84700000000001,1.5,5.95,0.462,1.4,22.55,0.06500000000000002,13.2,3.95,81.05
70,59,2022-03-25,8,2,2021-2022,UNIFACISA,Minas,1,80.9,35.7,33.0,12.2,35.7,8.2,27.5,15.3,13.4,1.2499999999999998,11.9,30.4,38.39,16.5,31.6,52.665,12.2,15.8,78.21700000000001,1.3,7.9,0.65,2.4,19.3,0.12500000000000003,13.4,2.7,91.6,88.3,31.35,43.3,13.65,36.7,9.0,27.7,17.9,12.5,1.5029999999999997,10.45,27.2,37.85900000000001,21.65,34.85,61.831999999999994,13.65,17.55,77.29,3.6,5.95,0.49700000000000005,2.55,18.55,0.13900000000000004,12.5,2.7,105.05
88,67,2022-03-26,8,2,2021-2022,São Paulo,Corinthians,1,87.9,32.7,38.3,16.9,36.9,7.95,28.95,17.8,10.9,1.7,10.9,28.5,38.204,19.15,32.4,58.65400000000001,16.9,22.65,74.73799999999999,2.75,7.35,0.6799999999999999,2.9,18.4,0.156,10.9,1.25,105.35,78.6,31.65,36.1,10.85,40.4,12.7,27.7,17.0,13.65,1.35,10.55,28.15,37.81400000000001,18.05,37.45,48.214000000000006,10.85,14.95,73.51500000000001,1.4,4.7,0.367,2.5,18.95,0.128,13.65,2.65,88.45
88,89,2022-03-26,8,2,2021-2022,Cerrado,Sesi Franca,0,72.85,21.45,39.1,12.3,42.25,12.3,29.95,13.85,11.3,1.259,7.15,27.95,25.766,19.55,39.3,49.815000000000005,12.3,17.0,72.24300000000001,1.85,5.35,0.4779999999999999,2.85,16.55,0.17400000000000002,11.3,2.3,80.6,90.45,31.2,43.7,15.55,36.9,10.05,26.85,16.5,9.55,1.9949999999999999,10.4,29.4,34.775999999999996,21.85,35.35,62.678999999999995,15.55,19.3,81.28299999999999,3.15,5.25,0.64,1.8,16.75,0.11300000000000002,9.55,1.35,105.1
79,80,2022-03-26,8,2,2021-2022,BRB/Brasília,Rio Claro,0,82.5,25.8,40.8,15.9,42.0,13.9,28.1,16.5,15.9,1.0710000000000002,8.6,26.2,32.794999999999995,20.4,38.7,53.022000000000006,15.9,22.9,68.96199999999999,1.1,6.4,0.40199999999999997,2.0,20.8,0.097,15.9,3.7,90.6,77.35,23.4,38.1,15.85,35.85,10.65,25.2,14.3,12.75,1.16,7.8,23.6,33.352000000000004,19.05,38.35,50.112,15.85,20.65,76.138,1.4,5.6,0.45699999999999996,1.4,22.4,0.066,12.75,3.75,81.85
75,85,2022-03-27,8,2,2021-2022,Fortaleza B. C. / CFO,Minas,0,73.4,23.1,38.001,12.299,36.999,10.800999999999998,26.201,13.700999999999999,13.5,1.028,7.7,24.401,31.633000000000003,18.999000000000002,39.501,48.14,12.299,20.201,61.479000000000006,1.499,7.9,0.592,2.2990000000000004,18.499000000000002,0.124,13.5,3.1990000000000003,75.7,86.5,30.0,42.3,14.2,36.4,9.2,27.2,17.25,12.45,1.467,10.0,27.05,36.458000000000006,21.15,34.15,61.565,14.2,17.95,78.849,3.65,5.65,0.4800000000000001,2.2,18.75,0.11700000000000002,12.45,2.95,101.75
74,60,2022-03-27,8,2,2021-2022,UNIFACISA,Flamengo,1,78.6,31.65,35.0,11.95,35.95,8.55,27.4,14.6,13.75,1.1560000000000001,10.55,29.0,35.834999999999994,17.5,32.7,54.010000000000005,11.95,15.55,77.684,1.4,8.4,0.676,2.2,19.05,0.11600000000000002,13.75,2.55,88.75,87.36600000000001,42.7,32.266,12.4,40.5,10.366,30.134000000000004,19.7,12.7,1.584,14.233999999999998,37.366,38.348,16.133999999999997,28.534000000000002,56.040000000000006,12.4,15.9,76.36800000000001,1.334,5.6,0.44299999999999995,3.2340000000000004,16.034000000000002,0.19699999999999998,12.7,1.8340000000000003,104.66600000000001
96,86,2022-03-28,9,2,2021-2022,BRB/Brasília,Sesi Franca,1,82.2,25.8,42.0,14.4,40.7,12.9,27.8,16.3,15.5,1.094,8.6,26.0,32.961,21.0,38.7,54.6,14.4,21.3,67.41499999999999,1.0,6.3,0.4149999999999999,1.6,20.6,0.079,15.5,3.3,89.6,89.4,29.1,44.8,15.5,37.1,10.1,27.0,16.1,9.3,1.9919999999999998,9.7,28.6,33.643,22.4,37.0,61.424,15.5,19.3,80.989,3.2,5.2,0.647,1.9,16.7,0.12100000000000002,9.3,1.1,103.1
91,94,2022-03-29,9,2,2021-2022,Fortaleza B. C. / CFO,Flamengo,0,74.1,22.8,38.201,13.099,36.199,10.700999999999999,25.500999999999998,13.001,13.1,1.001,7.6,25.500999999999998,30.3,19.099,38.900999999999996,49.39,13.099,20.901,63.847,1.099,8.2,0.651,1.999,19.199,0.10700000000000001,13.1,3.1990000000000003,74.9,86.799,42.0,31.798999999999996,13.0,39.6,10.199,29.401000000000003,18.6,12.3,1.554,14.001,37.699,37.443,15.901,27.801000000000005,56.621,13.0,16.6,77.427,1.301,5.2,0.43,3.4010000000000007,16.801000000000005,0.202,12.3,1.7009999999999998,102.09900000000002
84,70,2022-03-29,9,2,2021-2022,União Corinthians,Caxias do Sul Basquete,1,75.3,25.8,37.2,12.3,38.8,12.2,26.6,15.6,11.7,1.385,8.6,28.2,30.532,18.6,40.7,46.016,12.3,18.8,66.486,1.7,5.7,0.49700000000000005,1.9,22.9,0.086,11.7,1.4,77.4,67.85,23.4,34.1,10.35,33.25,8.4,24.85,16.0,13.2,1.291,7.8,24.55,31.766000000000002,17.05,36.9,46.152,10.35,15.0,69.998,0.75,5.85,0.442,2.9,19.9,0.15000000000000005,13.2,2.75,71.4
61,82,2022-03-31,9,2,2021-2022,Minas,São Paulo,0,83.6,27.6,41.6,14.4,36.4,9.6,26.8,16.9,13.5,1.276,9.2,26.9,33.849999999999994,20.8,33.6,61.472,14.4,18.1,79.32399999999998,3.4,5.7,0.43,2.2,18.9,0.11600000000000002,13.5,3.3,97.1,87.7,31.5,39.2,17.0,37.3,8.2,29.1,17.8,10.7,1.733,10.5,28.1,37.34,19.6,33.2,58.57099999999999,17.0,22.3,77.09599999999999,3.2,7.5,0.707,2.8,18.4,0.14900000000000002,10.7,1.0,105.9
84,74,2022-03-31,9,2,2021-2022,Bauru Basket,Pato Basquete,1,79.3,32.7,34.8,11.8,36.2,8.3,27.9,16.1,11.4,1.472,10.9,30.8,34.93599999999999,17.4,33.5,51.899,11.8,15.5,74.376,1.0,7.2,0.633,1.5,18.3,0.08199999999999999,11.4,2.8,89.2,76.0,30.9,33.8,11.3,31.7,8.9,22.8,13.3,12.4,1.1209999999999998,10.3,30.0,33.903000000000006,16.9,33.5,50.425000000000004,11.3,15.4,73.83000000000001,1.7,7.1,0.595,0.9,21.5,0.043,12.4,3.1,76.2
88,78,2022-04-02,9,2,2021-2022,Flamengo,São Paulo,1,85.39900000000002,41.4,30.898999999999994,13.1,39.75,11.049,28.701000000000004,17.7,11.55,1.568,13.800999999999998,38.498999999999995,35.937,15.450999999999999,27.851000000000006,55.061,13.1,16.8,77.10100000000001,1.351,5.25,0.461,3.3510000000000004,17.301,0.196,11.55,1.8009999999999997,99.09900000000002,86.9,31.5,38.8,16.6,37.9,8.6,29.3,18.4,10.7,1.783,10.5,28.65,36.584999999999994,19.4,32.9,58.563,16.6,21.85,76.61999999999999,2.95,6.95,0.662,2.9,18.55,0.153,10.7,1.0,105.45
76,80,2022-04-02,9,2,2021-2022,Cerrado,Paulistano,0,74.0,21.75,39.3,12.95,42.25,12.4,29.85,14.15,11.1,1.311,7.25,27.5,26.564999999999998,19.65,39.15,50.28,12.95,18.1,70.96000000000001,1.7,4.95,0.45,2.95,16.9,0.176,11.1,2.4,82.3,77.5,28.2,38.002,11.301,34.4,10.599,23.797999999999995,15.6,12.402000000000001,1.3569999999999998,9.398,26.701,34.837,18.997999999999998,38.001000000000005,49.56400000000001,11.301,15.299000000000001,71.26,1.702,6.802000000000001,0.5930000000000001,2.2,20.101,0.11300000000000002,12.402000000000001,2.401,83.80199999999999
82,69,2022-04-02,9,2,2021-2022,Pinheiros,Pato Basquete,1,84.9,29.85,40.8,14.25,40.2,12.95,27.25,17.05,14.3,1.2339999999999995,9.95,28.8,34.477000000000004,20.4,39.3,52.152,14.25,19.3,72.49,2.15,7.55,0.514,2.15,17.1,0.123,14.3,2.75,94.75,75.3,29.55,34.3,11.45,32.5,9.45,23.05,13.25,13.35,1.06,9.85,29.9,32.659,17.15,33.95,50.541000000000004,11.45,15.5,74.34900000000002,1.85,7.05,0.569,1.05,20.95,0.053000000000000005,13.35,3.5,74.9
85,75,2022-04-04,10,2,2021-2022,Mogi,União Corinthians,1,76.999,28.2,37.0,11.799,39.399,9.201,30.201,19.1,17.3,1.141,9.4,29.5,31.699,18.5,34.501,53.48,11.799,15.899000000000001,73.06899999999999,2.7990000000000004,5.398999999999999,0.322,2.901,19.299,0.15300000000000002,17.3,2.2,86.3,75.05,25.65,36.9,12.5,38.3,11.7,26.6,15.5,11.7,1.375,8.55,28.15,30.342999999999996,18.45,40.3,46.126999999999995,12.5,19.0,66.69300000000001,1.7,6.25,0.552,2.05,22.1,0.095,11.7,1.2,77.5
60,78,2022-04-04,10,2,2021-2022,BRB/Brasília,Paulistano,0,83.2,26.7,40.8,15.7,39.5,11.7,27.8,15.7,15.0,1.115,8.9,26.8,32.803999999999995,20.4,36.5,55.818,15.7,22.8,69.806,1.0,6.3,0.434,1.7,20.7,0.08399999999999999,15.0,3.2,90.3,78.4,27.0,38.80200000000001,12.601,35.6,10.899,24.697999999999997,15.3,12.002,1.439,8.998000000000001,27.101,32.626999999999995,19.398,38.401,49.998000000000005,12.601,16.899,72.51,2.202,7.302000000000001,0.729,2.2,20.701,0.10900000000000001,12.002,2.3009999999999997,85.402
79,83,2022-04-04,10,2,2021-2022,Corinthians,Pinheiros,0,77.7,30.3,36.8,10.6,39.7,12.5,27.2,16.8,13.9,1.294,10.1,27.3,37.315,18.4,37.6,49.016,10.6,14.5,73.99000000000001,1.4,4.1,0.30200000000000005,2.2,18.6,0.11400000000000002,13.9,2.8,86.3,85.1,30.0,41.6,13.5,42.0,13.9,28.1,17.6,13.9,1.3009999999999997,10.0,28.9,34.55200000000001,20.8,40.7,51.504000000000005,13.5,18.5,71.849,2.2,7.1,0.49899999999999994,2.5,17.2,0.14100000000000004,13.9,2.9,96.6
74,65,2022-04-05,10,2,2021-2022,Sesi Franca,UNIFACISA,1,89.6,28.95,45.5,15.15,37.35,10.1,27.25,16.5,8.8,2.157,9.65,28.45,33.629,22.75,38.4,60.24499999999999,15.15,18.9,80.93199999999999,3.1,5.2,0.678,1.8,17.25,0.11300000000000002,8.8,1.05,103.45,78.8,31.2,35.8,11.8,36.7,8.9,27.8,14.5,13.6,1.159,10.4,29.2,34.907,17.9,32.9,54.799,11.8,15.2,78.23400000000001,1.4,8.7,0.7000000000000001,2.2,18.9,0.11700000000000002,13.6,2.4,90.1
82,66,2022-04-05,10,2,2021-2022,Rio Claro,Fortaleza B. C. / CFO,1,77.7,23.25,38.3,16.15,36.6,11.2,25.4,14.05,12.25,1.186,7.75,23.3,33.516000000000005,19.15,39.2,49.23100000000001,16.15,20.95,76.33099999999999,1.35,5.8,0.4919999999999999,1.55,21.5,0.074,12.25,3.4,83.05,76.5,23.7,39.534000000000006,13.266,36.366,10.834,25.534,13.334,12.8,1.047,7.9,25.634000000000004,31.201,19.766,39.234,50.778999999999996,13.266,21.234,63.468999999999994,1.266,7.9,0.64,1.966,19.566,0.10300000000000002,12.8,3.066,78.1
90,89,2022-04-06,10,2,2021-2022,Pato Basquete,União Corinthians,1,74.6,28.2,34.8,11.6,33.3,10.0,23.3,13.2,14.3,0.999,9.4,29.8,31.415,17.4,34.4,50.657,11.6,15.6,74.86800000000001,2.0,7.0,0.5429999999999999,1.2,20.4,0.06300000000000001,14.3,3.9,73.6,74.6,27.3,35.8,11.5,37.95,10.75,27.2,15.9,12.35,1.344,9.1,29.35,31.014,17.9,39.2,46.126999999999995,11.5,17.1,68.18599999999999,1.5,6.75,0.5720000000000001,2.35,21.6,0.10900000000000001,12.35,1.25,78.05
86,65,2022-04-06,10,2,2021-2022,Mogi,Caxias do Sul Basquete,1,79.249,29.55,38.3,11.399,40.149,8.851,31.301,20.2,17.7,1.177,9.85,29.1,33.937,19.15,35.201,54.25300000000001,11.399,15.449000000000002,72.116,3.099,5.4990000000000006,0.318,3.151,18.849,0.17300000000000001,17.7,2.2,91.2,69.0,24.3,33.8,10.9,33.3,8.1,25.2,15.5,13.3,1.251,8.1,24.2,33.71300000000001,16.9,36.0,46.833,10.9,15.9,69.59400000000001,0.6,5.9,0.44299999999999995,2.6,20.8,0.13400000000000004,13.3,2.8,72.8
83,72,2022-04-07,10,2,2021-2022,Rio Claro,UNIFACISA,1,78.35,23.25,39.6,15.5,36.55,11.4,25.15,14.4,12.0,1.236,7.75,22.9,34.022000000000006,19.8,40.0,49.853,15.5,20.2,76.15799999999999,1.55,6.05,0.518,1.8,20.85,0.08499999999999999,12.0,3.15,85.1,76.7,30.3,34.9,11.5,36.85,9.65,27.2,14.3,14.05,1.082,10.1,28.8,34.419999999999995,17.45,33.2,52.81099999999999,11.5,15.05,77.161,1.35,8.2,0.624,2.1,18.65,0.11199999999999999,14.05,2.5,86.1
90,66,2022-04-07,10,2,2021-2022,Sesi Franca,Fortaleza B. C. / CFO,1,89.4,28.95,46.1,14.35,38.05,10.0,28.05,17.25,8.9,2.21,9.65,28.45,33.629000000000005,23.05,38.8,60.38399999999999,14.35,18.3,79.21900000000001,3.3,5.3,0.6839999999999999,1.75,17.15,0.11100000000000002,8.9,1.15,104.35,76.4,22.95,40.267,13.182999999999998,36.333,10.917,25.417,13.867,12.9,1.076,7.65,25.617,30.308999999999997,20.133,39.517,51.413,13.182999999999998,21.567,61.702,1.333,7.9,0.637,2.0829999999999997,19.633,0.10800000000000001,12.9,3.133,77.95
59,68,2022-04-08,10,2,2021-2022,Pato Basquete,Caxias do Sul Basquete,0,74.8,26.7,35.6,12.5,34.15,9.85,24.3,12.8,14.45,0.9620000000000001,8.9,29.45,29.970999999999997,17.8,35.05,50.814,12.5,16.8,74.986,2.25,7.25,0.5549999999999999,1.1,20.25,0.05800000000000001,14.45,3.9,73.55,68.0,23.4,34.3,10.3,33.25,8.1,25.15,15.5,13.5,1.236,7.8,24.85,31.935000000000002,17.15,36.0,47.568,10.3,15.35,68.028,0.4,6.15,0.45499999999999996,2.45,20.6,0.12700000000000003,13.5,2.75,70.9
86,90,2022-04-08,10,2,2021-2022,Cerrado,BRB/Brasília,0,74.7,21.3,39.0,14.4,42.9,12.9,30.0,13.9,11.3,1.277,7.1,26.4,27.241999999999997,19.5,39.6,49.428,14.4,20.1,70.33500000000001,1.7,4.5,0.4080000000000001,3.0,17.4,0.175,11.3,2.5,82.6,82.25,27.15,40.3,14.8,39.7,11.25,28.45,15.2,13.95,1.15,9.05,27.25,32.91,20.15,37.1,54.517999999999994,14.8,21.25,70.332,0.8,6.1,0.45499999999999996,1.75,20.4,0.08800000000000001,13.95,2.95,89.45
75,67,2022-04-09,10,2,2021-2022,Corinthians,Bauru Basket,1,77.3,30.75,36.3,10.25,39.9,12.65,27.25,16.65,14.1,1.257,10.25,28.65,35.59,18.15,37.0,49.111000000000004,10.25,13.95,74.4,1.15,3.95,0.28400000000000003,2.25,18.95,0.11600000000000002,14.1,2.8,85.0,79.2,31.95,35.2,12.05,35.8,8.15,27.65,15.3,12.15,1.3319999999999996,10.65,30.35,34.577,17.6,33.9,51.854000000000006,12.05,15.55,75.824,0.9,7.45,0.627,1.35,18.55,0.07300000000000001,12.15,3.35,87.45
69,90,2022-04-11,11,2,2021-2022,Pinheiros,Mogi,0,83.65,28.35,42.6,12.7,41.35,13.7,27.65,17.65,13.6,1.3329999999999997,9.45,27.5,34.695,21.3,41.1,52.197,12.7,17.8,69.94399999999999,2.3,6.3,0.45899999999999996,2.2,16.55,0.126,13.6,3.15,94.6,81.499,30.9,39.6,10.999,40.899,8.501,32.400999999999996,21.3,18.1,1.213,10.3,28.7,36.175,19.8,35.900999999999996,55.025999999999996,10.999,14.999,71.16299999999998,3.399,5.599,0.314,3.401,18.399,0.193,18.1,2.2,96.1
101,69,2022-04-12,11,2,2021-2022,Bauru Basket,Minas,1,77.4,30.9,34.4,12.1,34.4,7.3,27.1,14.9,12.7,1.2280000000000002,10.3,29.6,34.2,17.2,32.7,52.783,12.1,15.8,75.15400000000001,0.8,7.7,0.627,1.2,18.0,0.067,12.7,3.7,84.4,81.5,27.9,39.6,14.0,36.35,9.8,26.55,16.35,13.75,1.216,9.3,26.95,34.181999999999995,19.8,33.55,58.925,14.0,17.3,81.19899999999998,3.05,5.3,0.39299999999999996,2.1,18.75,0.11200000000000002,13.75,2.9,93.15
71,88,2022-04-12,11,2,2021-2022,União Corinthians,Paulistano,0,75.6,27.75,36.6,11.25,38.3,10.65,27.65,16.0,12.65,1.327,9.25,29.9,30.851999999999997,18.3,38.85,47.51299999999999,11.25,16.7,68.54299999999998,1.5,6.55,0.547,2.55,21.6,0.118,12.65,1.35,79.7,78.76700000000001,27.2,39.135000000000005,12.434000000000001,37.533,11.266,26.264999999999997,15.332999999999998,12.135000000000002,1.428,9.065000000000001,26.834000000000003,33.29,19.564999999999998,38.734,50.008,12.434000000000001,16.799,71.971,2.1350000000000002,7.034999999999999,0.696,2.1,19.734,0.10800000000000001,12.135000000000002,2.134,87.33500000000001
72,90,2022-04-13,11,2,2021-2022,UNIFACISA,BRB/Brasília,0,74.6,29.4,34.0,11.2,37.0,10.4,26.6,14.1,14.5,1.0050000000000001,9.8,28.4,33.933,17.0,33.5,50.82299999999999,11.2,14.9,76.088,1.3,7.7,0.548,2.0,18.4,0.10700000000000001,14.5,2.6,82.1,81.3,27.6,39.8,13.9,39.9,10.8,29.1,14.7,12.9,1.185,9.2,27.7,33.016,19.9,37.7,53.217999999999996,13.9,19.7,70.858,0.6,5.9,0.47599999999999987,1.8,20.1,0.092,12.9,2.7,88.6
96,69,2022-04-13,11,2,2021-2022,São Paulo,Rio Claro,1,87.6,31.2,41.2,15.2,37.3,8.1,29.2,19.0,10.6,1.8409999999999997,10.4,28.9,35.897,20.6,33.3,61.912,15.2,20.4,75.222,2.9,6.8,0.6539999999999999,2.7,18.7,0.13999999999999999,10.6,1.1,106.4,78.9,23.85,39.8,15.25,36.15,11.25,24.9,14.8,11.9,1.278,7.95,23.25,34.39300000000001,19.9,39.8,50.392,15.25,20.0,75.672,1.8,5.95,0.514,1.9,21.1,0.088,11.9,2.8,85.85
75,77,2022-04-13,11,2,2021-2022,Fortaleza B. C. / CFO,Cerrado,0,76.3,22.2,41.0,13.1,36.3,11.0,25.3,14.4,13.0,1.105,7.4,25.6,29.416999999999994,20.5,39.8,52.047000000000004,13.1,21.9,59.935,1.4,7.9,0.634,2.2,19.7,0.11299999999999999,13.0,3.2,77.8,76.6,21.75,40.2,14.65,43.2,12.6,30.6,14.75,11.15,1.366,7.25,26.15,28.004,20.1,41.05,49.282,14.65,20.4,70.574,1.85,4.4,0.4050000000000001,3.25,17.9,0.182,11.15,2.35,85.45
80,92,2022-04-14,11,2,2021-2022,Bauru Basket,Flamengo,0,79.65,33.0,34.6,12.05,34.55,7.55,27.0,15.7,12.35,1.3430000000000002,11.0,30.1,35.925,17.3,32.75,53.0,12.05,15.6,75.83500000000001,0.65,7.9,0.6599999999999999,1.1,18.7,0.059,12.35,3.6,88.45,83.999,40.8,29.998999999999995,13.2,39.9,11.899,28.001000000000005,16.8,10.8,1.582,13.600999999999999,39.29899999999999,34.431,15.001,27.901000000000003,53.501,13.2,17.0,76.775,1.401,5.3,0.4920000000000001,3.3010000000000006,17.801,0.19,10.8,1.9009999999999998,96.09900000000002
83,93,2022-04-14,11,2,2021-2022,Pinheiros,Minas,0,82.033,27.4,42.8,11.833,40.533,13.3,27.232999999999997,17.532999999999998,13.3,1.3519999999999999,9.133,27.232999999999997,34.057,21.4,40.9,52.673,11.833,16.733,69.422,2.3329999999999997,5.933,0.45200000000000007,2.2,16.467000000000002,0.127,13.3,2.967,92.433,81.4,28.5,38.3,14.6,35.85,9.7,26.15,16.05,13.95,1.176,9.5,27.15,34.709999999999994,19.15,33.05,57.952999999999996,14.6,17.65,83.04199999999999,2.85,5.35,0.388,2.05,18.4,0.11300000000000002,13.95,2.45,92.15
61,54,2022-04-14,11,2,2021-2022,Caxias do Sul Basquete,Paulistano,1,67.0,22.5,34.8,9.7,33.2,8.1,25.1,15.5,13.7,1.2209999999999999,7.5,25.5,30.157000000000004,17.4,36.0,48.303,9.7,14.8,66.46200000000002,0.2,6.4,0.46699999999999997,2.3,20.4,0.12000000000000002,13.7,2.7,69.0,78.434,27.1,38.768,12.567,38.566,11.333,27.232,14.916,13.118,1.346,9.032,26.767000000000003,33.234,19.381999999999998,38.017,50.519000000000005,12.567,17.099,71.43199999999999,2.118,6.718000000000001,0.637,1.95,19.317,0.10200000000000001,13.118,2.117,86.56800000000001
55,74,2022-04-14,11,2,2021-2022,União Corinthians,Corinthians,0,74.7,26.85,36.9,10.95,37.6,10.45,27.15,15.5,12.7,1.287,8.95,30.0,29.605,18.45,38.25,48.547,10.95,16.5,67.60599999999998,1.4,6.1,0.5130000000000001,2.55,21.75,0.11700000000000002,12.7,1.5,77.35,76.2,30.9,35.8,9.5,39.8,12.4,27.4,16.5,14.0,1.255,10.3,29.1,35.199,17.9,36.4,49.206,9.5,13.2,73.066,1.1,4.2,0.304,2.3,18.7,0.12,14.0,2.8,84.0
75,65,2022-04-15,11,2,2021-2022,UNIFACISA,Cerrado,1,74.3,29.1,34.4,10.8,36.85,10.8,26.05,14.15,13.85,1.051,9.7,28.6,33.315,17.2,34.65,49.558,10.8,14.4,75.859,1.35,8.0,0.6000000000000001,1.85,18.45,0.097,13.85,2.4,81.35,77.0,22.5,40.3,14.2,42.45,11.9,30.55,14.75,11.7,1.34,7.5,25.5,29.71,20.15,41.1,49.347,14.2,20.0,69.328,1.9,4.55,0.399,3.2,17.85,0.18,11.7,2.35,85.5
77,65,2022-04-15,11,2,2021-2022,Fortaleza B. C. / CFO,BRB/Brasília,1,76.3,21.9,42.2,12.2,36.0,10.6,25.4,14.2,13.4,1.06,7.3,25.5,29.133,21.1,39.85,53.459,12.2,20.5,59.181,1.4,8.3,0.641,2.55,19.8,0.13099999999999998,13.4,3.25,78.7,80.55,28.65,38.5,13.4,38.7,10.3,28.4,14.3,13.3,1.1320000000000001,9.55,27.55,34.63099999999999,19.25,36.75,52.8,13.4,19.35,69.045,0.5,6.0,0.47400000000000003,1.6,19.7,0.083,13.3,2.95,86.4
66,81,2022-04-16,11,2,2021-2022,São Paulo,Sesi Franca,0,86.45,29.7,41.5,15.25,38.15,8.0,30.15,18.5,11.05,1.748,9.9,28.3,34.89,20.75,33.55,61.90899999999999,15.25,20.6,74.71499999999999,2.65,6.65,0.627,2.65,18.7,0.13799999999999998,11.05,1.0,104.8,87.9,27.9,46.4,13.6,38.6,10.0,28.6,17.6,8.5,2.275,9.3,28.5,32.276,23.2,39.6,59.035000000000004,13.6,17.7,77.723,3.6,5.3,0.6950000000000001,1.7,17.3,0.10599999999999998,8.5,1.3,102.9
57,62,2022-04-16,11,2,2021-2022,Caxias do Sul Basquete,Corinthians,0,65.9,22.8,33.8,9.3,33.5,8.3,25.2,15.05,14.25,1.112,7.6,26.1,29.770999999999997,16.9,35.05,48.168,9.3,14.15,66.85400000000001,0.25,6.8,0.4739999999999999,2.05,20.55,0.10500000000000001,14.25,2.75,67.55,75.55,30.9,34.7,9.95,39.4,12.35,27.05,15.95,14.1,1.214,10.3,28.9,35.403000000000006,17.35,35.3,49.206,9.95,13.85,72.44500000000001,1.25,4.4,0.315,2.2,18.6,0.11500000000000002,14.1,3.15,82.95
92,80,2022-04-16,11,2,2021-2022,Pinheiros,Flamengo,1,81.86600000000001,27.8,42.5,11.565999999999999,39.866,13.0,26.865999999999996,17.715999999999998,13.15,1.379,9.266,27.415999999999997,34.283,21.25,41.25,51.782999999999994,11.565999999999999,16.266000000000002,69.852,2.2159999999999997,6.616,0.508,2.35,16.484,0.13499999999999998,13.15,2.5840000000000005,92.41600000000001,84.999,40.65,31.198999999999995,13.15,40.65,12.099,28.551000000000005,17.25,10.7,1.6280000000000001,13.550999999999998,39.248999999999995,34.351,15.600999999999999,28.301000000000005,55.112,13.15,17.4,74.617,1.451,5.2,0.488,3.0510000000000006,18.201,0.17099999999999999,10.7,1.8009999999999997,97.799
113,83,2022-04-18,7,2,2021-2022,Flamengo,BRB/Brasília,1,85.899,41.7,30.599,13.6,41.4,12.699,28.701,17.8,11.05,1.6219999999999999,13.901,39.898999999999994,34.717,15.300999999999998,27.651,55.330999999999996,13.6,18.0,74.921,1.6009999999999998,5.3,0.4840000000000001,2.8009999999999997,18.000999999999998,0.16100000000000003,11.05,1.8009999999999997,99.399,79.8,29.7,37.2,12.9,37.5,9.8,27.7,13.9,13.7,1.0790000000000002,9.9,27.4,36.245999999999995,18.6,35.8,52.382000000000005,12.9,19.0,67.232,0.4,6.1,0.4720000000000001,1.4,19.3,0.07400000000000002,13.7,3.2,84.2
64,73,2022-04-19,1,3,2021-2022,Caxias do Sul Basquete,UNIFACISA,0,64.8,23.1,32.8,8.9,33.8,8.5,25.3,14.6,14.8,1.003,7.7,26.7,29.385,16.4,34.1,48.033,8.9,13.5,67.24600000000001,0.3,7.2,0.48099999999999987,1.8,20.7,0.09,14.8,2.8,66.1,74.0,28.8,34.8,10.4,36.7,11.2,25.5,14.2,13.2,1.097,9.6,28.8,32.697,17.4,35.8,48.29299999999999,10.4,13.9,75.63,1.4,8.3,0.6520000000000001,1.7,18.5,0.08700000000000001,13.2,2.2,80.6
72,63,2022-04-19,1,3,2021-2022,Pato Basquete,Bauru Basket,1,75.0,25.2,36.4,13.4,35.0,9.7,25.3,12.4,14.6,0.925,8.4,29.1,28.526999999999997,18.2,35.7,50.971,13.4,18.0,75.104,2.5,7.5,0.567,1.0,20.1,0.053000000000000005,14.6,3.9,73.5,81.9,35.1,34.8,12.0,34.7,7.8,26.9,16.5,12.0,1.4580000000000002,11.7,30.6,37.65,17.4,32.8,53.217000000000006,12.0,15.4,76.51599999999999,0.5,8.1,0.6930000000000001,1.0,19.4,0.051000000000000004,12.0,3.5,92.5
67,65,2022-04-20,1,3,2021-2022,Rio Claro,Paulistano,1,78.1,24.0,39.6,14.5,35.9,11.5,24.4,14.7,12.0,1.263,8.0,23.5,34.265,19.8,40.5,49.397000000000006,14.5,19.6,72.77499999999999,1.8,5.8,0.49899999999999994,1.8,21.0,0.083,12.0,2.4,83.0,80.234,27.1,40.068,13.067000000000002,38.366,10.933,27.432,14.866000000000003,13.068000000000001,1.344,9.032,26.167,33.818,20.032,38.567,51.830000000000005,13.067000000000002,17.699,71.789,2.068,7.0680000000000005,0.655,1.8,19.767000000000003,0.091,13.068000000000001,2.2670000000000003,88.968
78,80,2022-04-20,1,3,2021-2022,Corinthians,Pinheiros,0,74.9,30.9,33.6,10.4,39.0,12.3,26.7,15.4,14.2,1.1729999999999996,10.3,28.7,35.607,16.8,34.2,49.206,10.4,14.5,71.82399999999998,1.4,4.6,0.32599999999999996,2.1,18.5,0.11000000000000001,14.2,3.5,81.9,81.69900000000001,28.2,42.2,11.299,39.199,12.7,26.498999999999995,17.898999999999994,13.0,1.4060000000000001,9.399,27.598999999999997,34.509,21.1,41.6,50.893,11.299,15.799000000000003,70.28200000000001,2.0989999999999993,7.2989999999999995,0.5640000000000001,2.5,16.500999999999998,0.143,13.0,2.2010000000000005,92.39900000000002
81,67,2022-04-22,2,3,2021-2022,UNIFACISA,Caxias do Sul Basquete,1,72.4,27.3,34.5,10.6,37.25,11.5,25.75,13.7,13.45,1.052,9.1,27.95,32.219,17.25,36.1,47.525999999999996,10.6,14.35,74.477,1.3,8.15,0.6340000000000001,1.25,18.7,0.06600000000000002,13.45,2.25,77.85,64.5,25.05,31.0,8.45,32.95,7.95,25.0,14.0,15.35,0.9480000000000001,8.35,27.35,30.951999999999998,15.5,32.4,47.631,8.45,13.55,63.152,0.3,6.95,0.457,1.6,20.6,0.081,15.35,2.95,63.65
82,71,2022-04-22,2,3,2021-2022,Bauru Basket,Pato Basquete,1,78.0,32.7,34.4,10.9,35.1,7.5,27.6,15.6,12.1,1.355,10.9,30.2,35.24,17.2,33.1,52.059000000000005,10.9,14.2,76.241,0.3,8.1,0.687,0.9,18.6,0.049,12.1,3.2,87.1,74.45,24.75,36.5,13.2,37.0,10.2,26.8,12.3,14.5,0.9269999999999999,8.25,30.4,26.859,18.25,35.0,52.181999999999995,13.2,17.95,74.02899999999998,2.45,7.4,0.563,1.2,19.55,0.064,14.5,3.7,74.2
89,78,2022-04-23,2,3,2021-2022,Pinheiros,Corinthians,1,80.49900000000001,26.4,42.2,11.899,38.099,12.1,25.998999999999995,17.499000000000002,13.4,1.31,8.799,26.398999999999994,34.092000000000006,21.1,40.9,51.712,11.899,16.099,73.116,2.099,7.499,0.562,2.7,16.601,0.156,13.4,2.4010000000000007,91.299,74.7,29.1,35.0,10.6,38.4,12.1,26.3,15.6,15.1,1.0659999999999996,9.7,27.5,35.19,17.5,34.4,50.79299999999999,10.6,14.7,72.45899999999999,1.4,5.0,0.32299999999999995,1.7,19.0,0.085,15.1,3.7,81.5
90,84,2022-04-23,2,3,2021-2022,Paulistano,Rio Claro,1,78.46700000000001,25.2,40.801,12.467,38.033,10.533,27.499000000000002,14.732999999999999,13.001,1.3400000000000003,8.399000000000001,25.167,32.723,20.399,38.467,52.972,12.467,16.966,71.289,2.101,6.5009999999999994,0.6140000000000001,1.6,19.367,0.083,13.001,2.467,87.001,77.0,22.65,40.2,14.15,34.95,10.95,24.0,14.05,11.1,1.286,7.55,23.35,31.801000000000005,20.1,40.05,50.636,14.15,18.4,75.715,2.05,5.5,0.5039999999999999,1.5,20.65,0.07,11.1,2.25,81.9
88,79,2022-04-24,3,3,2021-2022,Bauru Basket,Pato Basquete,1,79.7,32.85,35.4,11.45,35.2,7.65,27.55,16.05,11.9,1.416,10.95,30.0,35.668,17.7,33.35,53.224000000000004,11.45,14.9,76.519,0.5,7.5,0.6460000000000001,1.0,18.4,0.05700000000000001,11.9,2.85,89.4,73.8,24.6,36.6,12.6,37.6,10.4,27.2,12.5,14.7,0.924,8.2,31.3,25.725000000000005,18.3,34.2,53.589999999999996,12.6,17.3,72.95399999999998,2.6,7.5,0.5609999999999999,1.4,19.1,0.075,14.7,3.7,74.4
68,64,2022-04-25,3,3,2021-2022,Paulistano,Rio Claro,1,79.2,24.2,41.734,13.267000000000001,37.6,10.333,27.266,15.1,12.134,1.608,8.065999999999999,24.467000000000002,32.561,20.866,38.567,54.08400000000002,13.267000000000001,18.032999999999998,71.289,2.234,7.134,0.825,1.7,19.267000000000003,0.088,12.134,2.2670000000000003,89.73400000000001,77.6,24.0,39.2,14.4,34.6,10.9,23.7,14.0,11.1,1.283,8.0,24.3,32.16100000000001,19.6,38.4,51.538,14.4,18.1,77.63,2.1,5.2,0.485,1.4,21.0,0.06400000000000002,11.1,1.8,82.9
85,65,2022-04-27,1,4,2021-2022,Minas,UNIFACISA,1,79.9,27.3,37.6,15.0,34.8,9.5,25.3,15.35,14.0,1.122,9.1,26.85,33.721000000000004,18.8,32.75,57.448,15.0,18.05,83.373,2.8,5.6,0.404,1.9,17.95,0.10900000000000001,14.0,2.5,88.8,71.6,26.7,34.6,10.3,38.1,12.1,26.0,13.5,12.7,1.142,8.9,28.1,31.455000000000002,17.3,36.2,47.534000000000006,10.3,14.2,72.95,1.2,7.5,0.6160000000000001,1.0,18.2,0.05800000000000001,12.7,2.0,77.0
95,86,2022-04-27,1,4,2021-2022,Sesi Franca,Pinheiros,1,87.35,28.65,45.2,13.5,39.3,10.35,28.95,17.35,8.95,2.099,9.55,29.1,32.47500000000001,22.6,39.75,57.510000000000005,13.5,17.95,75.59,3.25,5.55,0.675,1.7,18.45,0.101,8.95,1.6,101.15,83.399,29.4,41.8,12.199,37.498999999999995,11.5,25.998999999999995,17.499000000000002,12.9,1.388,9.799,25.698999999999995,38.447,20.9,41.5,50.641000000000005,12.199,16.299,74.076,2.2990000000000004,7.898999999999999,0.631,2.7,16.500999999999998,0.158,12.9,2.401,95.49900000000001
90,65,2022-04-28,1,4,2021-2022,São Paulo,Bauru Basket,1,85.3,28.2,41.8,15.3,39.0,7.9,31.1,18.0,11.5,1.6549999999999998,9.4,27.7,33.882999999999996,20.9,33.8,61.90599999999999,15.3,20.8,74.208,2.4,6.5,0.5999999999999999,2.6,18.7,0.13599999999999998,11.5,0.9,103.2,82.0,34.5,35.0,12.5,34.0,7.4,26.6,16.2,11.5,1.482,11.5,30.0,37.564,17.5,33.1,52.95400000000001,12.5,15.8,78.74100000000001,0.6,7.0,0.625,1.3,19.1,0.068,11.5,2.3,91.6
74,68,2022-04-28,1,4,2021-2022,Flamengo,Paulistano,1,89.499,43.95,32.299,13.25,42.05,13.199000000000002,28.851,19.6,10.85,1.9300000000000002,14.651,41.049,35.583,16.151,28.201,56.732000000000006,13.25,17.6,73.939,1.7009999999999998,6.2,0.626,2.751,17.201,0.17100000000000004,10.85,1.7009999999999998,106.449,77.73299999999999,23.5,41.067,13.167000000000002,36.767,10.633,26.133,15.167000000000002,11.667,1.6740000000000002,7.833,24.367,31.879,20.532999999999998,37.967,53.86400000000001,13.167000000000002,17.6,73.02000000000001,2.2670000000000003,6.9670000000000005,0.8320000000000002,1.8,18.667,0.099,11.667,2.2670000000000003,88.367
84,92,2022-04-30,2,4,2021-2022,Pinheiros,Sesi Franca,0,83.299,31.8,39.6,11.899,39.099,12.6,26.498999999999995,17.099,12.7,1.375,10.599,27.999000000000002,38.418,19.8,41.3,48.015,11.899,15.399000000000001,75.928,2.1990000000000003,7.598999999999999,0.617,2.4,16.401,0.142,12.7,2.501,94.399,88.2,30.0,44.2,14.0,39.2,10.2,29.0,17.7,9.4,1.983,10.0,29.3,33.772000000000006,22.1,39.2,57.02600000000001,14.0,18.6,75.211,3.2,5.9,0.665,1.9,19.0,0.11000000000000001,9.4,1.7,102.5
