placar_casa,placar_visitante,data,round,stage,ano,equipe_casa,equipe_visitante,Pts_casa,3P_casa,2P_casa,LL_casa,RT_casa,RO_casa,RD_casa,AS_casa,ER_casa,IA%_casa,3PC_casa,3PT_casa,3P%_casa,2PC_casa,2PT_casa,2P%_casa,LLC_casa,LLT_casa,LL%_casa,EN_casa,BR_casa,B/E_casa,TO_casa,FC_casa,T/FC_casa,ET_casa,VI_casa,EF_casa,Pts_visitante,3P_visitante,2P_visitante,LL_visitante,RT_visitante,RO_visitante,RD_visitante,AS_visitante,ER_visitante,IA%_visitante,3PC_visitante,3PT_visitante,3P%_visitante,2PC_visitante,2PT_visitante,2P%_visitante,LLC_visitante,LLT_visitante,LL%_visitante,EN_visitante,BR_visitante,B/E_visitante,TO_visitante,FC_visitante,T/FC_visitante,ET_visitante,VI_visitante,EF_visitante
61,106,2013-01-19,16,1,2012-2013,Palmeiras,Flamengo,75.35714285714286,56.142857142857146,37.42857142857143,15.0,28.0,9.5,18.5,11.428571428571429,11.928571428571429,1.0992857142857144,7.642857142857143,22.714285714285715,33.74785714285714,18.714285714285715,40.214285714285715,46.88142857142857,15.0,21.785714285714285,67.71428571428571,1.5,7.714285714285714,0.6985714285714286,1.2857142857142858,23.428571428571427,0.054285714285714305,11.928571428571429,2.857142857142857,78.14285714285714,90.53333333333333,61.4,49.06666666666667,20.266666666666666,32.333333333333336,7.866666666666666,24.466666666666665,13.6,11.2,1.5253333333333332,7.066666666666666,19.533333333333335,37.04933333333334,24.533333333333335,41.0,60.323999999999984,20.266666666666666,26.266666666666666,77.98733333333332,2.0,7.6,0.8153333333333334,1.6666666666666667,20.533333333333335,0.08266666666666667,11.2,1.8666666666666667,107.46666666666667
80,76,2013-01-19,16,1,2012-2013,Coop/São José Basketball,Uberlândia,80.73333333333333,59.4,41.2,14.933333333333334,31.533333333333335,8.066666666666666,23.466666666666665,16.666666666666668,14.4,1.2046666666666668,8.2,23.6,34.57266666666666,20.6,36.333333333333336,56.512666666666654,14.933333333333334,18.866666666666667,78.52799999999999,0.6,6.733333333333333,0.4833333333333333,2.4,19.666666666666668,0.128,14.4,1.6,94.13333333333334,81.73333333333333,59.6,41.06666666666667,14.666666666666666,30.466666666666665,7.066666666666666,23.4,17.0,13.533333333333333,1.3153333333333335,8.666666666666666,23.066666666666666,37.67933333333333,20.533333333333335,35.266666666666666,58.72533333333333,14.666666666666666,18.066666666666666,80.71933333333335,3.066666666666667,5.466666666666667,0.4306666666666666,1.4666666666666666,19.6,0.07933333333333334,13.533333333333333,2.6666666666666665,96.13333333333334
76,74,2013-01-19,16,1,2012-2013,Minas,Fortaleza B. C. / CFO,81.86666666666666,58.2,43.333333333333336,16.133333333333333,25.333333333333332,7.2,18.133333333333333,13.333333333333334,13.4,1.1366666666666665,7.466666666666667,20.666666666666668,35.71000000000001,21.666666666666668,38.13333333333333,57.174,16.133333333333333,20.133333333333333,80.05533333333332,0.6666666666666666,7.6,0.6120000000000001,1.8,21.533333333333335,0.08466666666666668,13.4,3.1333333333333333,90.0,78.64285714285714,66.21428571428571,44.142857142857146,13.928571428571429,30.785714285714285,8.857142857142858,21.928571428571427,12.928571428571429,11.928571428571429,1.2,6.857142857142857,20.642857142857142,33.87285714285714,22.071428571428573,41.57142857142857,53.396428571428565,13.928571428571429,19.071428571428573,72.10857142857144,1.2857142857142858,7.071428571428571,0.6857142857142858,2.4285714285714284,20.428571428571427,0.1207142857142857,11.928571428571429,2.7142857142857144,89.35714285714286
73,74,2013-01-19,16,1,2012-2013,Pinheiros,Bauru Basket,88.73333333333333,55.6,37.733333333333334,18.8,28.333333333333332,6.4,21.933333333333334,16.4,14.333333333333334,1.2566666666666668,10.733333333333333,26.466666666666665,41.86666666666667,18.866666666666667,33.46666666666667,56.790000000000006,18.8,25.0,74.60733333333333,1.6,6.666666666666667,0.512,2.6,21.8,0.12400000000000003,14.333333333333334,1.8666666666666667,99.93333333333334,83.0,59.0,42.13333333333333,14.866666666666667,32.8,10.533333333333333,22.266666666666666,14.466666666666667,12.466666666666667,1.2326666666666666,8.666666666666666,23.266666666666666,38.553333333333335,21.066666666666666,41.266666666666666,51.822,14.866666666666667,19.8,75.714,1.6,7.0,0.622,1.6,19.0,0.09000000000000001,12.466666666666667,2.8666666666666667,94.46666666666667
86,79,2013-01-19,16,1,2012-2013,Suzano,Tijuca,73.85714285714286,58.5,39.0,13.0,26.857142857142858,9.142857142857142,17.714285714285715,10.642857142857142,17.214285714285715,0.6357142857142858,7.285714285714286,22.285714285714285,32.551428571428566,19.5,39.0,50.424285714285716,13.0,19.642857142857142,66.04214285714285,0.5,7.285714285714286,0.45428571428571424,2.2857142857142856,19.0,0.12428571428571429,17.214285714285715,3.142857142857143,72.35714285714286,68.2,51.6,37.06666666666667,14.933333333333334,26.733333333333334,7.333333333333333,19.4,10.0,11.6,0.9613333333333334,5.4,18.333333333333332,28.381999999999998,18.533333333333335,39.46666666666667,47.163333333333334,14.933333333333334,20.4,72.126,0.7333333333333333,6.2,0.6246666666666667,1.7333333333333334,19.333333333333332,0.096,11.6,3.1333333333333333,70.53333333333333
94,85,2013-01-19,16,1,2012-2013,Espírito Santo,Brasília,78.73333333333333,51.8,34.4,16.933333333333334,28.0,8.866666666666667,19.133333333333333,11.4,14.066666666666666,0.876,9.133333333333333,25.0,36.92333333333333,17.2,36.2,47.471333333333334,16.933333333333334,21.866666666666667,76.43400000000001,1.2666666666666666,8.466666666666667,0.6346666666666667,1.7333333333333334,20.4,0.08466666666666667,14.066666666666666,4.066666666666666,83.46666666666667,87.13333333333334,52.4,39.46666666666667,18.066666666666666,31.466666666666665,9.2,22.266666666666666,16.933333333333334,12.4,1.5833333333333335,9.866666666666667,26.933333333333334,36.781333333333336,19.733333333333334,35.93333333333333,55.282666666666664,18.066666666666666,22.133333333333333,82.70866666666667,0.8666666666666667,7.933333333333334,0.7459999999999999,3.4,22.6,0.15799999999999997,12.4,2.8666666666666667,104.06666666666666
86,75,2013-01-21,6,1,2012-2013,Brasília,L. Sorocabana,85.8,53.8,38.8,17.4,30.8,9.133333333333333,21.666666666666668,17.0,11.933333333333334,1.6260000000000001,9.866666666666667,27.066666666666666,36.62266666666667,19.4,35.13333333333333,55.61333333333334,17.4,21.6,81.93666666666668,0.8666666666666667,8.0,0.7726666666666665,3.2666666666666666,22.466666666666665,0.15399999999999997,11.933333333333334,3.0,103.0,75.8,62.6,42.666666666666664,16.733333333333334,27.066666666666666,8.2,18.866666666666667,10.0,11.333333333333334,0.9166666666666665,5.466666666666667,18.6,30.148666666666667,21.333333333333332,40.666666666666664,52.18866666666667,16.733333333333334,23.0,72.758,2.066666666666667,8.6,0.7986666666666669,1.7333333333333334,19.4,0.088,11.333333333333334,2.066666666666667,81.46666666666667
90,105,2013-01-21,2,1,2012-2013,Minas,Flamengo,81.86666666666666,60.8,43.333333333333336,16.933333333333334,25.533333333333335,7.2,18.333333333333332,13.4,13.466666666666667,1.1379999999999997,7.2,20.333333333333332,34.73800000000001,21.666666666666668,38.06666666666667,57.23066666666667,16.933333333333334,20.933333333333334,80.5,0.7333333333333333,7.333333333333333,0.5913333333333334,1.9333333333333333,21.466666666666665,0.09,13.466666666666667,3.0,90.06666666666666,91.53333333333333,66.0,49.06666666666667,20.666666666666668,33.0,7.6,25.4,14.133333333333333,10.866666666666667,1.6273333333333333,7.266666666666667,19.6,37.96133333333333,24.533333333333335,41.266666666666666,59.95399999999999,20.666666666666668,26.933333333333334,77.22933333333334,1.8,7.666666666666667,0.8493333333333335,1.6,20.466666666666665,0.07933333333333333,10.866666666666667,1.7333333333333334,109.73333333333333
64,73,2013-01-24,17,1,2012-2013,Tijuca,Pinheiros,68.53333333333333,55.4,36.93333333333333,15.0,27.0,7.266666666666667,19.733333333333334,10.733333333333333,12.066666666666666,0.99,5.533333333333333,18.666666666666668,28.832666666666668,18.466666666666665,38.86666666666667,47.726666666666674,15.0,20.8,71.42200000000001,0.7333333333333333,6.066666666666666,0.5673333333333335,1.8,19.0,0.09933333333333336,12.066666666666666,2.933333333333333,71.46666666666667,89.06666666666666,57.8,38.53333333333333,17.933333333333334,28.933333333333334,6.2,22.733333333333334,16.6,14.2,1.2913333333333334,10.866666666666667,26.333333333333332,42.40133333333333,19.266666666666666,33.8,57.53333333333334,17.933333333333334,23.933333333333334,73.77400000000002,1.8,6.466666666666667,0.5000000000000001,2.6,21.333333333333332,0.12666666666666668,14.2,1.8,101.26666666666667
94,67,2013-01-24,17,1,2012-2013,Brasília,Mogi,86.13333333333334,55.8,39.333333333333336,17.4,31.8,9.733333333333333,22.066666666666666,16.933333333333334,12.0,1.6180000000000005,9.8,27.466666666666665,35.669999999999995,19.666666666666668,35.666666666666664,55.45466666666667,17.4,21.333333333333332,82.982,0.8,7.933333333333334,0.7666666666666667,3.6666666666666665,22.333333333333332,0.17266666666666666,12.0,2.7333333333333334,103.53333333333333,73.53333333333333,56.8,37.86666666666667,17.666666666666668,32.46666666666667,9.466666666666667,23.0,12.266666666666667,14.933333333333334,1.0273333333333332,6.0,19.0,31.45733333333333,18.933333333333334,41.53333333333333,45.778666666666666,17.666666666666668,23.666666666666668,74.01866666666668,0.4666666666666667,5.666666666666667,0.4366666666666667,1.1333333333333333,22.933333333333334,0.052000000000000005,14.933333333333334,2.6,77.13333333333334
75,60,2013-01-24,17,1,2012-2013,Joinville,Palmeiras,74.8,65.4,43.6,14.8,32.733333333333334,10.8,21.933333333333334,12.266666666666667,16.733333333333334,0.7760000000000001,5.466666666666667,20.466666666666665,26.991333333333333,21.8,43.53333333333333,49.897333333333336,14.8,20.8,72.62133333333333,1.5333333333333334,8.333333333333334,0.512,3.0,21.8,0.144,16.733333333333334,3.533333333333333,81.2,74.4,55.6,37.06666666666667,14.933333333333334,28.0,9.266666666666667,18.733333333333334,11.2,12.2,1.0593333333333335,7.466666666666667,22.333333333333332,33.458666666666666,18.533333333333335,40.666666666666664,46.025333333333336,14.933333333333334,21.666666666666668,67.86666666666666,1.4,7.6,0.6773333333333335,1.2666666666666666,23.733333333333334,0.05333333333333335,12.2,2.8666666666666667,76.13333333333334
96,65,2013-01-24,17,1,2012-2013,Limeira,Suzano,82.26666666666667,58.2,38.8,12.066666666666666,29.733333333333334,8.2,21.533333333333335,16.666666666666668,12.666666666666666,1.3599999999999999,10.466666666666667,25.133333333333333,42.541333333333334,19.4,37.86666666666667,51.285333333333334,12.066666666666666,15.866666666666667,75.92266666666666,1.3333333333333333,6.2,0.532,1.1333333333333333,21.066666666666666,0.05266666666666667,12.666666666666666,2.6,93.0,74.66666666666667,59.6,39.733333333333334,13.533333333333333,27.2,9.266666666666667,17.933333333333334,11.066666666666666,17.066666666666666,0.6686666666666667,7.133333333333334,22.0,32.233333333333334,19.866666666666667,39.86666666666667,50.26800000000001,13.533333333333333,19.8,68.00266666666667,0.7333333333333333,7.333333333333333,0.4593333333333333,2.3333333333333335,19.533333333333335,0.12333333333333334,17.066666666666666,3.1333333333333333,73.8
94,70,2013-01-24,17,1,2012-2013,Flamengo,Paulistano,92.4,70.2,49.333333333333336,20.266666666666666,33.8,8.333333333333334,25.466666666666665,14.0,11.2,1.5413333333333332,7.6,19.933333333333334,38.928000000000004,24.666666666666668,41.86666666666667,59.36266666666667,20.266666666666666,26.533333333333335,76.92933333333332,1.7333333333333334,7.0,0.7380000000000001,1.3333333333333333,20.0,0.06733333333333333,11.2,1.8666666666666667,109.66666666666667,80.06666666666666,68.8,45.86666666666667,14.6,36.06666666666667,12.8,23.266666666666666,13.866666666666667,15.266666666666667,0.9420000000000001,6.533333333333333,18.933333333333334,35.45733333333333,22.933333333333334,45.4,50.79866666666667,14.6,22.333333333333332,64.83266666666667,3.2,6.733333333333333,0.4493333333333333,2.2666666666666666,22.133333333333333,0.10666666666666667,15.266666666666667,2.6,91.46666666666667
82,84,2013-01-24,17,1,2012-2013,L. Sorocabana,Minas,75.86666666666666,64.2,42.8,16.466666666666665,27.2,8.466666666666667,18.733333333333334,10.2,11.466666666666667,0.9213333333333332,5.533333333333333,19.266666666666666,29.23333333333333,21.4,41.333333333333336,51.63933333333333,16.466666666666665,22.533333333333335,72.90133333333333,2.1333333333333333,9.133333333333333,0.8420000000000002,1.7333333333333334,19.666666666666668,0.08733333333333335,11.466666666666667,2.1333333333333333,81.13333333333334,82.86666666666666,64.8,43.2,16.266666666666666,25.266666666666666,7.0,18.266666666666666,13.866666666666667,13.266666666666667,1.2066666666666668,7.8,21.066666666666666,36.48133333333333,21.6,38.0,57.16066666666666,16.266666666666666,20.066666666666666,80.616,0.6666666666666666,7.266666666666667,0.6006666666666667,2.0,21.333333333333332,0.09466666666666666,13.266666666666667,3.1333333333333333,91.46666666666667
85,70,2013-01-24,17,1,2012-2013,Bauru Basket,Espírito Santo,82.73333333333333,60.8,42.13333333333333,14.8,32.666666666666664,10.133333333333333,22.533333333333335,14.533333333333333,12.266666666666667,1.256,8.6,22.866666666666667,39.082,21.066666666666666,41.0,52.022666666666666,14.8,19.733333333333334,75.66466666666669,1.8,6.733333333333333,0.6093333333333333,1.6,18.733333333333334,0.09133333333333334,12.266666666666667,2.8666666666666667,94.66666666666667,80.6,53.4,35.6,18.0,28.2,9.133333333333333,19.066666666666666,11.666666666666666,13.866666666666667,0.9073333333333333,9.0,24.866666666666667,36.59533333333333,17.8,36.666666666666664,48.67266666666667,18.0,22.933333333333334,77.39666666666668,1.2666666666666666,8.4,0.636,1.6,21.133333333333333,0.07733333333333334,13.866666666666667,4.0,85.86666666666666
91,87,2013-01-24,17,1,2012-2013,Uberlândia,Sesi Franca,82.66666666666667,61.8,41.2,14.666666666666666,30.6,7.333333333333333,23.266666666666666,17.6,13.666666666666666,1.3553333333333333,8.933333333333334,23.466666666666665,38.23533333333333,20.6,35.2,59.00066666666667,14.666666666666666,18.0,81.1,2.933333333333333,5.666666666666667,0.44199999999999995,1.6,19.6,0.08733333333333333,13.666666666666666,2.466666666666667,97.8,81.53333333333333,75.8,50.53333333333333,13.8,31.8,8.8,23.0,16.533333333333335,14.4,1.371333333333333,5.733333333333333,16.666666666666668,34.5,25.266666666666666,45.13333333333333,56.021333333333345,13.8,21.133333333333333,64.82866666666665,3.7333333333333334,9.866666666666667,0.8166666666666667,3.4,18.533333333333335,0.1873333333333333,14.4,2.8666666666666667,100.8
73,63,2013-01-24,17,1,2012-2013,Fortaleza B. C. / CFO,Coop/São José Basketball,78.33333333333333,65.2,43.46666666666667,14.866666666666667,31.333333333333332,8.933333333333334,22.4,13.133333333333333,12.333333333333334,1.1793333333333333,6.666666666666667,20.133333333333333,33.666000000000004,21.733333333333334,42.06666666666667,52.14933333333333,14.866666666666667,19.866666666666667,73.32266666666668,1.2,6.933333333333334,0.6586666666666667,2.6,20.733333333333334,0.126,12.333333333333334,2.8666666666666667,89.06666666666666,81.93333333333334,62.6,41.733333333333334,15.0,31.733333333333334,8.2,23.533333333333335,17.733333333333334,14.133333333333333,1.2953333333333332,8.4,23.533333333333335,35.54733333333333,20.866666666666667,36.733333333333334,56.68933333333333,15.0,18.733333333333334,79.45666666666666,0.6666666666666666,6.933333333333334,0.5033333333333333,2.3333333333333335,19.533333333333335,0.12466666666666668,14.133333333333333,1.6,97.13333333333334
71,74,2013-01-26,18,1,2012-2013,Fortaleza B. C. / CFO,Mogi,78.46666666666667,65.0,43.333333333333336,14.733333333333333,31.933333333333334,9.0,22.933333333333334,13.0,12.6,1.1346666666666667,6.8,20.666666666666668,33.608666666666664,21.666666666666668,41.2,52.897333333333336,14.733333333333333,19.733333333333334,73.15200000000002,1.2,6.466666666666667,0.5806666666666666,2.533333333333333,20.533333333333335,0.12399999999999999,12.6,3.1333333333333333,89.53333333333333,73.26666666666667,58.0,38.666666666666664,17.2,32.0,9.466666666666667,22.533333333333335,11.6,15.2,0.9766666666666666,5.8,19.133333333333333,30.115333333333332,19.333333333333332,42.6,45.63733333333333,17.2,23.533333333333335,72.45333333333333,0.4,5.933333333333334,0.4466666666666667,1.0,22.933333333333334,0.04533333333333333,15.2,2.8,74.8
52,74,2013-01-26,18,1,2012-2013,Tijuca,Paulistano,68.13333333333334,56.0,37.333333333333336,15.2,27.733333333333334,7.666666666666667,20.066666666666666,10.2,11.8,0.9646666666666667,5.2,18.533333333333335,26.67866666666667,18.666666666666668,39.2,47.808,15.2,21.333333333333332,70.49933333333335,0.6666666666666666,6.0,0.5673333333333335,1.8666666666666667,18.866666666666667,0.10400000000000001,11.8,2.7333333333333334,71.0,79.0,68.4,45.6,14.2,36.0,12.8,23.2,13.466666666666667,14.933333333333334,0.9506666666666668,6.4,18.933333333333334,34.71666666666667,22.8,45.6,50.248666666666665,14.2,21.8,64.33000000000001,3.1333333333333333,6.466666666666667,0.45399999999999996,2.3333333333333335,22.0,0.11066666666666666,14.933333333333334,2.7333333333333334,89.73333333333333
90,57,2013-01-26,18,1,2012-2013,Brasília,Coop/São José Basketball,87.2,59.8,39.86666666666667,17.133333333333333,32.46666666666667,9.466666666666667,23.0,17.2,12.466666666666667,1.5900000000000003,10.066666666666666,27.6,36.51199999999999,19.933333333333334,35.666666666666664,56.19533333333334,17.133333333333333,21.266666666666666,81.76199999999999,0.8666666666666667,7.933333333333334,0.7393333333333333,3.6,22.533333333333335,0.1693333333333333,12.466666666666667,2.933333333333333,105.6,82.0,62.0,41.333333333333336,14.666666666666666,31.866666666666667,8.0,23.866666666666667,18.0,14.866666666666667,1.2719999999999998,8.666666666666666,24.0,35.89533333333334,20.666666666666668,36.06666666666667,56.955999999999996,14.666666666666666,18.533333333333335,77.72466666666668,0.6,7.133333333333334,0.5013333333333333,2.533333333333333,19.733333333333334,0.13333333333333333,14.866666666666667,2.0,97.93333333333334
79,67,2013-01-26,18,1,2012-2013,Joinville,Suzano,74.0,66.6,44.4,13.8,33.733333333333334,11.066666666666666,22.666666666666668,12.666666666666666,16.866666666666667,0.7926666666666669,5.266666666666667,19.866666666666667,26.494666666666667,22.2,43.93333333333333,50.26533333333334,13.8,19.4,72.336,1.8666666666666667,8.466666666666667,0.514,3.466666666666667,21.0,0.17933333333333332,16.866666666666667,3.466666666666667,82.6,73.26666666666667,59.4,39.6,13.666666666666666,26.6,9.133333333333333,17.466666666666665,11.0,17.2,0.6626666666666667,6.666666666666667,21.6,30.45333333333333,19.8,39.53333333333333,50.47200000000001,13.666666666666666,19.6,69.36466666666666,0.7333333333333333,7.933333333333334,0.48466666666666663,2.3333333333333335,19.466666666666665,0.12333333333333335,17.2,3.2,72.46666666666667
102,85,2013-01-26,18,1,2012-2013,Flamengo,Pinheiros,92.66666666666667,74.4,49.6,20.066666666666666,33.93333333333333,8.133333333333333,25.8,13.533333333333333,11.533333333333333,1.4346666666666663,7.666666666666667,19.8,39.43933333333334,24.8,41.333333333333336,60.37800000000001,20.066666666666666,26.466666666666665,76.19933333333333,1.7333333333333334,7.4,0.7519999999999999,1.3333333333333333,19.533333333333335,0.06866666666666667,11.533333333333333,1.9333333333333333,110.6,88.06666666666666,56.6,37.733333333333334,16.933333333333334,28.8,6.266666666666667,22.533333333333335,16.733333333333334,13.466666666666667,1.3573333333333333,11.133333333333333,26.666666666666668,42.97933333333333,18.866666666666667,33.8,56.28333333333334,16.933333333333334,22.733333333333334,73.03333333333333,1.6666666666666667,6.866666666666666,0.5506666666666667,2.6,21.066666666666666,0.12733333333333335,13.466666666666667,2.0,101.13333333333334
82,76,2013-01-26,18,1,2012-2013,L. Sorocabana,Espírito Santo,77.4,65.2,43.46666666666667,16.733333333333334,27.133333333333333,8.2,18.933333333333334,10.4,11.466666666666667,0.9413333333333331,5.733333333333333,19.4,29.93466666666666,21.733333333333334,41.6,52.124,16.733333333333334,22.466666666666665,74.266,2.066666666666667,9.2,0.8486666666666668,1.6666666666666667,19.666666666666668,0.084,11.466666666666667,1.9333333333333333,82.73333333333333,81.2,52.4,34.93333333333333,18.466666666666665,28.866666666666667,9.266666666666667,19.6,11.8,13.866666666666667,0.9173333333333332,9.266666666666667,25.066666666666666,37.705999999999996,17.466666666666665,36.46666666666667,48.09066666666668,18.466666666666665,23.066666666666666,79.154,1.3333333333333333,8.266666666666667,0.6266666666666667,1.6,20.6,0.07866666666666666,13.866666666666667,4.066666666666666,87.13333333333334
91,59,2013-01-26,18,1,2012-2013,Bauru Basket,Minas,82.33333333333333,64.0,42.666666666666664,13.866666666666667,32.6,9.933333333333334,22.666666666666668,15.0,12.466666666666667,1.2713333333333334,8.6,22.866666666666667,39.08200000000001,21.333333333333332,40.4,53.54066666666666,13.866666666666667,18.733333333333334,74.872,1.8,6.8,0.6033333333333334,1.8,18.733333333333334,0.102,12.466666666666667,3.0,95.73333333333333,83.33333333333333,64.8,43.2,17.533333333333335,25.0,6.666666666666667,18.333333333333332,13.666666666666666,13.733333333333333,1.18,7.533333333333333,20.2,37.056000000000004,21.6,37.86666666666667,57.39666666666665,17.533333333333335,21.6,80.37400000000001,0.6,7.6,0.6093333333333334,2.066666666666667,21.2,0.09799999999999999,13.733333333333333,3.2666666666666666,92.26666666666667
75,65,2013-01-26,18,1,2012-2013,Limeira,Palmeiras,83.2,59.6,39.733333333333334,12.666666666666666,30.066666666666666,8.533333333333333,21.533333333333335,17.0,12.6,1.383333333333333,10.266666666666667,24.8,42.382666666666665,19.866666666666667,38.6,51.504000000000005,12.666666666666666,16.8,75.632,1.5333333333333334,6.266666666666667,0.5380000000000001,1.3333333333333333,20.866666666666667,0.06333333333333332,12.6,2.7333333333333334,94.93333333333334,72.06666666666666,54.8,36.53333333333333,14.333333333333334,27.733333333333334,9.266666666666667,18.466666666666665,10.6,12.533333333333333,0.9686666666666667,7.066666666666666,22.066666666666666,32.153333333333336,18.266666666666666,40.86666666666667,45.07933333333334,14.333333333333334,21.133333333333333,66.33999999999999,1.3333333333333333,7.333333333333333,0.6293333333333334,1.0666666666666667,23.133333333333333,0.04866666666666667,12.533333333333333,2.8666666666666667,71.53333333333333
80,60,2013-01-28,5,1,2012-2013,Brasília,Bauru Basket,88.13333333333334,62.0,41.333333333333336,17.2,32.8,10.0,22.8,16.866666666666667,11.533333333333333,1.6440000000000003,9.866666666666667,27.4,36.11066666666667,20.666666666666668,36.53333333333333,57.05266666666667,17.2,21.266666666666666,82.36799999999998,0.8,8.0,0.8013333333333333,3.2,22.466666666666665,0.14933333333333332,11.533333333333333,2.7333333333333334,106.8,82.93333333333334,62.6,41.733333333333334,14.0,31.8,9.133333333333333,22.666666666666668,15.533333333333333,12.533333333333333,1.3099999999999998,9.066666666666666,22.533333333333335,41.07333333333334,20.866666666666667,39.733333333333334,53.312,14.0,18.933333333333334,74.912,1.9333333333333333,7.333333333333333,0.6466666666666667,1.8,19.2,0.09999999999999999,12.533333333333333,2.933333333333333,97.46666666666667
78,87,2013-01-28,5,1,2012-2013,Uberlândia,Flamengo,83.13333333333334,62.8,41.86666666666667,15.266666666666667,31.133333333333333,7.733333333333333,23.4,17.333333333333332,13.6,1.3419999999999999,8.666666666666666,22.8,38.34066666666668,20.933333333333334,35.86666666666667,58.91266666666666,15.266666666666667,18.733333333333334,81.04133333333333,2.8666666666666667,5.4,0.4266666666666667,1.6,20.0,0.08600000000000002,13.6,2.6,98.53333333333333,94.0,73.8,49.2,20.4,34.6,8.466666666666667,26.133333333333333,13.6,11.0,1.455333333333333,8.133333333333333,20.266666666666666,40.87533333333334,24.6,41.8,59.053333333333335,20.4,26.8,76.53466666666667,1.7333333333333334,7.266666666666667,0.7559999999999999,1.2,19.466666666666665,0.06200000000000001,11.0,1.9333333333333333,112.26666666666667
65,75,2013-01-31,1,2,2012-2013,Tijuca,Minas,67.86666666666666,54.0,36.0,15.866666666666667,26.733333333333334,7.4,19.333333333333332,10.266666666666667,11.866666666666667,0.9660000000000001,5.333333333333333,18.4,27.84133333333333,18.0,38.2,47.27066666666666,15.866666666666667,22.2,71.35666666666665,0.5333333333333333,5.866666666666666,0.5546666666666668,1.7333333333333334,19.133333333333333,0.09066666666666667,11.866666666666667,2.8,70.13333333333334,83.6,65.8,43.86666666666667,17.333333333333332,25.4,7.133333333333334,18.266666666666666,13.933333333333334,13.333333333333334,1.2113333333333334,7.466666666666667,19.866666666666667,36.92733333333334,21.933333333333334,38.93333333333333,56.99266666666665,17.333333333333332,21.466666666666665,79.91866666666667,0.6666666666666666,7.6,0.6193333333333334,2.066666666666667,21.533333333333335,0.09600000000000002,13.333333333333334,2.933333333333333,92.8
93,77,2013-01-31,1,2,2012-2013,Brasília,Sesi Franca,87.53333333333333,62.4,41.6,16.933333333333334,34.13333333333333,10.6,23.533333333333335,16.6,11.733333333333333,1.5853333333333335,9.666666666666666,27.533333333333335,35.34733333333333,20.8,36.733333333333334,57.147999999999996,16.933333333333334,20.733333333333334,82.97133333333333,0.8,8.066666666666666,0.7913333333333334,3.4,21.933333333333334,0.16066666666666665,11.733333333333333,2.533333333333333,106.73333333333333,81.33333333333333,76.0,50.666666666666664,14.266666666666667,30.466666666666665,8.466666666666667,22.0,16.0,13.8,1.382,5.466666666666667,16.933333333333334,32.254666666666665,25.333333333333332,44.333333333333336,57.076666666666675,14.266666666666667,21.733333333333334,64.90933333333332,3.8,9.866666666666667,0.8646666666666667,3.2,18.6,0.17866666666666664,13.8,2.2666666666666666,98.86666666666666
87,82,2013-01-31,1,2,2012-2013,Bauru Basket,Coop/São José Basketball,81.6,61.4,40.93333333333333,14.066666666666666,32.0,9.066666666666666,22.933333333333334,15.333333333333334,12.4,1.3053333333333332,8.866666666666667,21.933333333333334,40.809999999999995,20.466666666666665,39.93333333333333,52.01466666666666,14.066666666666666,19.2,74.28666666666666,1.9333333333333333,7.666666666666667,0.6726666666666667,1.8,19.666666666666668,0.09733333333333333,12.4,2.8666666666666667,96.33333333333333,80.66666666666667,62.2,41.46666666666667,14.2,32.0,8.0,24.0,17.466666666666665,14.6,1.254,8.333333333333334,23.666666666666668,35.06866666666667,20.733333333333334,36.666666666666664,56.27733333333333,14.2,18.2,76.39666666666668,0.5333333333333333,7.2,0.5106666666666666,2.533333333333333,19.6,0.13466666666666663,14.6,1.9333333333333333,95.93333333333334
81,74,2013-01-31,1,2,2012-2013,L. Sorocabana,Mogi,78.0,64.6,43.06666666666667,16.933333333333334,26.6,7.666666666666667,18.933333333333334,10.466666666666667,11.4,0.9473333333333332,6.0,19.866666666666667,30.459999999999997,21.533333333333335,41.13333333333333,52.25266666666666,16.933333333333334,22.533333333333335,75.19733333333333,2.0,9.2,0.8493333333333335,1.6666666666666667,19.533333333333335,0.08466666666666668,11.4,2.066666666666667,83.13333333333334,73.33333333333333,57.4,38.266666666666666,17.666666666666668,32.4,9.2,23.2,11.533333333333333,14.933333333333334,0.9846666666666665,5.8,18.933333333333334,30.560000000000002,19.133333333333333,42.333333333333336,45.47266666666667,17.666666666666668,23.733333333333334,74.31733333333334,0.26666666666666666,5.6,0.4286666666666667,1.0,23.0,0.04533333333333333,14.933333333333334,2.6666666666666665,75.26666666666667
89,68,2013-01-31,1,2,2012-2013,Limeira,Paulistano,82.33333333333333,58.6,39.06666666666667,12.066666666666666,30.733333333333334,8.8,21.933333333333334,17.2,12.666666666666666,1.390666666666667,10.4,24.733333333333334,43.071333333333335,19.533333333333335,39.266666666666666,49.69466666666666,12.066666666666666,16.266666666666666,74.41000000000001,1.6666666666666667,6.466666666666667,0.554,1.3333333333333333,20.2,0.06666666666666667,12.666666666666666,2.933333333333333,94.46666666666667,77.6,68.2,45.46666666666667,13.133333333333333,35.8,12.6,23.2,12.533333333333333,14.533333333333333,0.9153333333333334,6.333333333333333,18.4,35.571333333333335,22.733333333333334,45.86666666666667,49.712,13.133333333333333,20.533333333333335,63.349333333333334,2.6666666666666665,5.8,0.42533333333333334,2.3333333333333335,21.866666666666667,0.11066666666666666,14.533333333333333,2.7333333333333334,87.06666666666666
