placar_casa,placar_visitante,data,round,stage,ano,equipe_casa,equipe_visitante,Pts_casa,3P_casa,2P_casa,LL_casa,RT_casa,RO_casa,RD_casa,AS_casa,ER_casa,IA%_casa,3PC_casa,3PT_casa,3P%_casa,2PC_casa,2PT_casa,2P%_casa,LLC_casa,LLT_casa,LL%_casa,EN_casa,BR_casa,B/E_casa,TO_casa,FC_casa,T/FC_casa,ET_casa,VI_casa,EF_casa,Pts_visitante,3P_visitante,2P_visitante,LL_visitante,RT_visitante,RO_visitante,RD_visitante,AS_visitante,ER_visitante,IA%_visitante,3PC_visitante,3PT_visitante,3P%_visitante,2PC_visitante,2PT_visitante,2P%_visitante,LLC_visitante,LLT_visitante,LL%_visitante,EN_visitante,BR_visitante,B/E_visitante,TO_visitante,FC_visitante,T/FC_visitante,ET_visitante,VI_visitante,EF_visitante
82,77,2009-12-06,7,1,2009-2010,Flamengo,Pinheiros,86.6,26.8,40.4,19.4,32.4,8.4,24.0,13.733333333333333,13.133333333333333,1.1226666666666667,8.933333333333334,26.4,34.29533333333334,20.2,36.06666666666667,56.53666666666666,19.4,26.133333333333333,75.54866666666666,2.0,8.866666666666667,0.7246666666666667,1.5333333333333334,19.866666666666667,0.06866666666666667,13.133333333333333,0.4666666666666667,89.46666666666667,86.2,29.8,39.333333333333336,17.066666666666666,31.933333333333334,9.4,22.533333333333335,14.133333333333333,13.8,1.1113333333333335,9.933333333333334,25.933333333333334,38.794000000000004,19.666666666666668,37.4,52.56333333333334,17.066666666666666,22.2,76.76066666666665,2.8666666666666667,7.933333333333334,0.5933333333333334,1.8666666666666667,19.733333333333334,0.10066666666666668,13.8,0.9333333333333333,89.4
71,91,2009-12-08,8,1,2009-2010,Saldanha,Assis,72.0,22.0,37.2,12.8,28.4,9.2,19.2,11.0,13.933333333333334,0.8119999999999999,7.333333333333333,24.733333333333334,29.699333333333332,18.6,38.0,48.982,12.8,21.0,60.92866666666667,2.466666666666667,8.866666666666667,0.6739999999999999,1.7333333333333334,20.066666666666666,0.08933333333333335,13.933333333333334,1.4,63.06666666666667,69.66666666666667,20.4,33.733333333333334,15.533333333333333,29.933333333333334,8.2,21.733333333333334,9.666666666666666,13.4,0.7933333333333333,6.8,21.066666666666666,32.321333333333335,16.866666666666667,34.733333333333334,48.40533333333334,15.533333333333333,22.933333333333334,67.77333333333334,1.6666666666666667,5.266666666666667,0.39866666666666656,3.3333333333333335,19.666666666666668,0.1753333333333333,13.4,0.9333333333333333,64.93333333333334
69,67,2009-12-08,8,1,2009-2010,Espírito Santo,Bauru Basket,71.8,19.2,38.4,14.2,34.06666666666667,10.333333333333334,23.733333333333334,12.4,16.066666666666666,0.868,6.4,20.8,30.154,19.2,38.6,50.152,14.2,21.8,64.20400000000001,1.8666666666666667,9.066666666666666,0.6366666666666666,2.3333333333333335,20.666666666666668,0.11533333333333336,16.066666666666666,1.6666666666666667,72.2,77.66666666666667,26.4,40.13333333333333,11.133333333333333,32.266666666666666,10.2,22.066666666666666,13.4,9.666666666666666,1.598,8.8,23.4,37.721999999999994,20.066666666666666,38.86666666666667,52.10133333333335,11.133333333333333,16.666666666666668,68.15466666666666,1.7333333333333334,6.533333333333333,0.7533333333333333,2.4,16.2,0.16066666666666668,9.666666666666666,1.1333333333333333,83.66666666666667
89,91,2009-12-12,7,1,2009-2010,Minas,Brasília,83.73333333333333,24.4,42.4,16.933333333333334,31.866666666666667,8.8,23.066666666666666,17.066666666666666,14.0,1.4260000000000006,8.133333333333333,22.6,35.73266666666667,21.2,38.8,54.94533333333332,16.933333333333334,23.266666666666666,72.762,1.0666666666666667,6.2,0.5113333333333333,2.066666666666667,19.4,0.10333333333333335,14.0,0.7333333333333333,88.53333333333333,85.46666666666667,21.4,45.46666666666667,18.6,34.53333333333333,9.6,24.933333333333334,16.066666666666666,15.2,1.1833333333333333,7.133333333333334,23.8,30.435999999999996,22.733333333333334,38.333333333333336,59.10799999999999,18.6,24.466666666666665,76.20733333333332,1.8666666666666667,6.733333333333333,0.5033333333333334,3.1333333333333333,21.866666666666667,0.15600000000000003,15.2,1.1333333333333333,94.2
83,98,2009-12-14,12,1,2009-2010,Londrina,Brasília,77.33333333333333,23.5,35.333333333333336,18.5,31.0,12.833333333333334,18.166666666666668,14.666666666666666,17.166666666666668,0.8633333333333333,7.833333333333333,26.5,29.045,17.666666666666668,37.833333333333336,47.123333333333335,18.5,23.666666666666668,77.56333333333333,0.5,7.666666666666667,0.445,3.5,18.833333333333332,0.19333333333333336,17.166666666666668,2.8333333333333335,73.0,87.73333333333333,22.0,46.13333333333333,19.6,33.93333333333333,9.066666666666666,24.866666666666667,16.866666666666667,15.0,1.2593333333333334,7.333333333333333,23.533333333333335,31.658,23.066666666666666,38.333333333333336,60.008666666666656,19.6,25.533333333333335,76.43933333333334,1.7333333333333334,6.466666666666667,0.4980000000000001,2.8,22.0,0.13733333333333334,15.0,1.2666666666666666,97.0
82,78,2010-01-08,8,1,2009-2010,Londrina,Araraquara,78.0,22.714285714285715,36.857142857142854,18.428571428571427,31.142857142857142,12.857142857142858,18.285714285714285,14.571428571428571,16.714285714285715,0.8828571428571428,7.571428571428571,25.857142857142858,28.791428571428575,18.428571428571427,37.57142857142857,49.51857142857143,18.428571428571427,24.714285714285715,74.77714285714286,0.42857142857142855,7.857142857142857,0.47285714285714286,3.7142857142857144,18.428571428571427,0.21000000000000002,16.714285714285715,2.5714285714285716,74.85714285714286,71.6,21.2,37.733333333333334,12.666666666666666,27.866666666666667,7.6,20.266666666666666,14.066666666666666,15.333333333333334,0.97,7.066666666666666,23.466666666666665,30.424666666666667,18.866666666666667,37.333333333333336,51.15666666666667,12.666666666666666,16.733333333333334,74.25466666666667,2.6666666666666665,7.8,0.5493333333333333,3.0,21.666666666666668,0.142,15.333333333333334,0.4,70.06666666666666
85,74,2010-01-15,9,1,2009-2010,Bauru Basket,Londrina,77.6,26.4,39.6,11.6,32.266666666666666,10.533333333333333,21.733333333333334,13.4,9.466666666666667,1.6980000000000002,8.8,23.8,37.048,19.8,39.266666666666666,50.85266666666667,11.6,17.0,69.222,1.8666666666666667,6.466666666666667,0.8006666666666666,2.2666666666666666,16.0,0.154,9.466666666666667,1.3333333333333333,82.66666666666667,77.5,22.125,38.25,17.125,31.625,12.75,18.875,13.875,16.25,0.8587499999999999,7.375,25.625,28.317500000000003,19.125,38.125,50.47125,17.125,23.25,73.1225,0.375,7.0,0.42375,3.75,18.375,0.21125000000000002,16.25,2.625,74.125
72,71,2010-01-15,9,1,2009-2010,Sesi Franca,Flamengo,82.66666666666667,27.6,37.46666666666667,17.6,28.4,7.6,20.8,14.733333333333333,11.933333333333334,1.5686666666666664,9.2,25.0,36.64066666666667,18.733333333333334,37.333333333333336,50.522666666666666,17.6,23.266666666666666,76.08733333333333,0.2,7.133333333333334,0.6586666666666667,2.3333333333333335,22.066666666666666,0.11666666666666667,11.933333333333334,0.5333333333333333,83.26666666666667,85.2,26.4,39.733333333333334,19.066666666666666,32.93333333333333,8.733333333333333,24.2,13.4,12.866666666666667,1.1273333333333333,8.8,26.466666666666665,33.67333333333333,19.866666666666667,36.46666666666667,54.936,19.066666666666666,25.666666666666668,75.54866666666666,2.066666666666667,8.933333333333334,0.762,1.5333333333333334,20.0,0.068,12.866666666666667,0.6,87.8
104,85,2010-01-15,9,1,2009-2010,Pinheiros,Paulistano,87.06666666666666,29.6,40.0,17.466666666666665,32.8,9.733333333333333,23.066666666666666,14.666666666666666,13.933333333333334,1.134666666666667,9.866666666666667,25.6,39.101333333333336,20.0,38.06666666666667,52.39666666666667,17.466666666666665,23.333333333333332,75.192,2.7333333333333334,8.066666666666666,0.5973333333333334,1.8,19.866666666666667,0.09533333333333334,13.933333333333334,1.0666666666666667,90.8,75.4,19.8,40.0,15.6,31.2,10.4,20.8,12.333333333333334,14.933333333333334,0.9453333333333334,6.6,23.133333333333333,29.365333333333336,20.0,39.4,50.98866666666666,15.6,22.733333333333334,68.75733333333334,1.2666666666666666,7.733333333333333,0.6146666666666666,2.8,22.333333333333332,0.132,14.933333333333334,0.8666666666666667,71.46666666666667
102,85,2010-01-15,9,1,2009-2010,Minas,Saldanha,84.2,24.6,43.06666666666667,16.533333333333335,32.0,8.933333333333334,23.066666666666666,17.266666666666666,14.466666666666667,1.4020000000000001,8.2,22.733333333333334,35.79333333333333,21.533333333333335,39.46666666666667,54.73133333333333,16.533333333333335,22.333333333333332,74.21666666666667,0.8666666666666667,6.066666666666666,0.49066666666666664,1.8666666666666667,18.933333333333334,0.09866666666666667,14.466666666666667,0.8,88.66666666666667,71.8,21.2,38.4,12.2,27.266666666666666,8.533333333333333,18.733333333333334,10.533333333333333,13.6,0.8033333333333333,7.066666666666666,23.933333333333334,29.583999999999996,19.2,38.46666666666667,49.824,12.2,19.666666666666668,61.595333333333336,2.1333333333333333,8.6,0.6833333333333332,1.6,18.666666666666668,0.08533333333333334,13.6,1.4,62.6
80,56,2010-01-15,9,1,2009-2010,Araraquara,Coop/São José Basketball,72.26666666666667,22.2,37.86666666666667,12.2,28.466666666666665,7.866666666666666,20.6,14.733333333333333,14.933333333333334,1.0319999999999998,7.4,23.8,31.28666666666667,18.933333333333334,37.53333333333333,51.02200000000001,12.2,16.133333333333333,75.088,2.6666666666666665,7.8,0.5653333333333334,2.933333333333333,21.266666666666666,0.14133333333333334,14.933333333333334,0.8,72.33333333333333,73.26666666666667,21.6,37.333333333333336,14.333333333333334,31.933333333333334,10.666666666666666,21.266666666666666,13.733333333333333,15.266666666666667,0.9700000000000001,7.2,23.266666666666666,30.66666666666667,18.666666666666668,35.4,53.66266666666666,14.333333333333334,19.933333333333334,71.72000000000001,1.4,6.666666666666667,0.44933333333333336,1.0666666666666667,19.4,0.05200000000000001,15.266666666666667,0.5333333333333333,73.0
88,75,2010-01-15,9,1,2009-2010,Brasília,Espírito Santo,88.4,22.2,46.53333333333333,19.666666666666668,34.4,9.533333333333333,24.866666666666667,17.2,15.0,1.2813333333333337,7.4,23.133333333333333,32.766666666666666,23.266666666666666,39.266666666666666,59.181999999999995,19.666666666666668,25.8,75.68933333333334,1.8666666666666667,6.933333333333334,0.5293333333333334,2.8,21.933333333333334,0.138,15.0,1.4,98.46666666666667,72.53333333333333,19.8,38.0,14.733333333333333,34.2,10.533333333333333,23.666666666666668,11.866666666666667,16.266666666666666,0.8006666666666666,6.6,21.066666666666666,30.654,19.0,38.6,49.626000000000005,14.733333333333333,22.6,64.62533333333333,1.6666666666666667,9.0,0.6159999999999999,2.6,20.8,0.12733333333333335,16.266666666666666,1.8,72.0
96,85,2010-01-17,10,1,2009-2010,Brasília,Saldanha,87.93333333333334,21.8,46.666666666666664,19.466666666666665,34.266666666666666,9.266666666666667,25.0,17.066666666666666,15.266666666666667,1.2386666666666668,7.266666666666667,23.266666666666666,32.04,23.333333333333332,39.266666666666666,59.34866666666667,19.466666666666665,25.533333333333335,75.74466666666667,1.8666666666666667,6.933333333333334,0.5166666666666667,2.8666666666666667,21.466666666666665,0.14666666666666667,15.266666666666667,1.4666666666666666,97.4,72.53333333333333,22.2,38.4,11.933333333333334,27.4,8.466666666666667,18.933333333333334,10.4,13.466666666666667,0.802,7.4,24.133333333333333,30.732666666666663,19.2,39.266666666666666,48.900666666666666,11.933333333333334,19.733333333333334,59.54,1.6,9.0,0.7173333333333333,1.4,18.6,0.07600000000000001,13.466666666666667,1.6,62.666666666666664
72,74,2010-01-17,10,1,2009-2010,Araraquara,Flamengo,72.8,22.8,38.53333333333333,11.466666666666667,29.0,8.466666666666667,20.533333333333335,14.8,14.4,1.0833333333333333,7.6,24.2,31.62,19.266666666666666,38.8,50.04600000000001,11.466666666666667,15.266666666666667,75.08799999999998,2.7333333333333334,8.133333333333333,0.6166666666666666,3.0,20.866666666666667,0.15,14.4,0.8,73.4,84.0,25.8,39.333333333333336,18.866666666666667,32.93333333333333,8.866666666666667,24.066666666666666,12.6,13.133333333333333,1.0513333333333332,8.6,25.933333333333334,33.816,19.666666666666668,37.06666666666667,53.50733333333333,18.866666666666667,25.266666666666666,76.29733333333333,1.6666666666666667,9.2,0.7706666666666666,1.9333333333333333,19.933333333333334,0.09533333333333334,13.133333333333333,0.8,85.93333333333334
105,80,2010-01-17,10,1,2009-2010,Minas,Espírito Santo,86.46666666666667,25.6,43.06666666666667,17.8,31.933333333333334,8.6,23.333333333333332,17.4,14.466666666666667,1.4106666666666667,8.533333333333333,23.066666666666666,36.952,21.533333333333335,39.06666666666667,55.30533333333333,17.8,23.333333333333332,76.15266666666666,0.8666666666666667,6.333333333333333,0.5073333333333333,1.9333333333333333,18.933333333333334,0.10200000000000002,14.466666666666667,0.8,92.0,72.2,20.6,38.53333333333333,13.066666666666666,34.06666666666667,10.466666666666667,23.6,11.733333333333333,16.533333333333335,0.7806666666666667,6.866666666666666,21.066666666666666,31.866,19.266666666666666,39.266666666666666,49.45933333333334,13.066666666666666,21.066666666666666,62.741333333333344,1.6666666666666667,9.066666666666666,0.6099999999999999,2.6,20.933333333333334,0.1266666666666667,16.533333333333335,1.9333333333333333,70.93333333333334
88,93,2010-01-17,10,1,2009-2010,Assis,Londrina,71.0,21.2,34.0,15.8,29.866666666666667,7.8,22.066666666666666,9.866666666666667,13.6,0.7966666666666667,7.066666666666666,21.866666666666667,31.926000000000002,17.0,33.93333333333333,49.865333333333325,15.8,23.266666666666666,67.88333333333335,1.8666666666666667,5.4,0.4006666666666666,3.2666666666666666,19.666666666666668,0.1726666666666667,13.6,1.2,66.6,79.22222222222223,23.666666666666668,37.77777777777778,17.77777777777778,30.77777777777778,11.777777777777779,19.0,13.222222222222221,15.777777777777779,0.8377777777777777,7.888888888888889,25.88888888888889,29.933333333333337,18.88888888888889,37.22222222222222,51.16,17.77777777777778,24.22222222222222,72.98444444444445,0.4444444444444444,7.111111111111111,0.4511111111111112,3.3333333333333335,19.11111111111111,0.1877777777777778,15.777777777777779,2.4444444444444446,75.11111111111111
79,76,2010-01-18,10,1,2009-2010,Bauru Basket,Joinville,76.93333333333334,26.0,40.0,10.933333333333334,32.2,10.133333333333333,22.066666666666666,13.2,9.4,1.6806666666666668,8.666666666666666,23.333333333333332,37.574,20.0,40.0,50.628000000000014,10.933333333333334,16.2,68.856,1.8666666666666667,6.466666666666667,0.8073333333333333,2.3333333333333335,15.6,0.162,9.4,1.4,81.8,82.8,31.2,37.86666666666667,13.733333333333333,33.6,11.2,22.4,15.733333333333333,13.0,1.3773333333333333,10.4,27.733333333333334,37.52066666666667,18.933333333333334,38.06666666666667,49.77133333333333,13.733333333333333,17.933333333333334,75.356,1.3333333333333333,8.333333333333334,0.702,2.6,19.266666666666666,0.148,13.0,0.8666666666666667,89.4
91,85,2010-01-19,3,1,2009-2010,Minas,Araraquara,87.13333333333334,25.8,44.0,17.333333333333332,31.8,8.533333333333333,23.266666666666666,17.333333333333332,13.733333333333333,1.4453333333333338,8.6,23.666666666666668,36.318666666666665,22.0,39.13333333333333,56.24266666666666,17.333333333333332,22.466666666666665,76.95,0.8666666666666667,6.133333333333334,0.5146666666666666,1.9333333333333333,18.866666666666667,0.10266666666666667,13.733333333333333,1.0,93.26666666666667,73.66666666666667,23.6,39.2,10.866666666666667,29.0,8.333333333333334,20.666666666666668,14.8,14.266666666666667,1.0906666666666667,7.866666666666666,25.4,30.970000000000006,19.6,38.93333333333333,50.86066666666667,10.866666666666667,14.6,74.82133333333333,2.7333333333333334,8.066666666666666,0.616,2.933333333333333,20.466666666666665,0.15,14.266666666666667,1.2,73.6
92,90,2010-01-20,9,1,2009-2010,Assis,Joinville,73.2,22.6,34.666666666666664,15.933333333333334,30.533333333333335,7.8,22.733333333333334,9.933333333333334,12.8,0.8553333333333335,7.533333333333333,22.666666666666668,32.878,17.333333333333332,33.86666666666667,51.154,15.933333333333334,23.466666666666665,67.83933333333336,1.8666666666666667,4.933333333333334,0.3873333333333333,3.2666666666666666,19.533333333333335,0.17333333333333334,12.8,1.4666666666666666,69.86666666666666,83.13333333333334,30.4,38.8,13.933333333333334,33.93333333333333,11.2,22.733333333333334,16.066666666666666,12.2,1.4506666666666668,10.133333333333333,27.533333333333335,36.78000000000001,19.4,39.06666666666667,49.502666666666656,13.933333333333334,18.466666666666665,74.26066666666667,1.3333333333333333,7.866666666666666,0.6953333333333334,2.6,20.133333333333333,0.1406666666666667,12.2,1.2,89.8
93,84,2010-01-22,11,1,2009-2010,Pinheiros,Araraquara,88.2,30.8,39.333333333333336,18.066666666666666,32.86666666666667,9.4,23.466666666666665,14.666666666666666,14.066666666666666,1.1219999999999999,10.266666666666667,24.933333333333334,41.93266666666667,19.666666666666668,37.46666666666667,52.30133333333334,18.066666666666666,24.0,75.256,2.8666666666666667,7.6,0.5560000000000002,2.1333333333333333,19.266666666666666,0.132,14.066666666666666,1.2,93.0,73.93333333333334,24.4,39.46666666666667,10.066666666666666,28.866666666666667,8.266666666666667,20.6,15.333333333333334,14.533333333333333,1.1173333333333333,8.133333333333333,25.933333333333334,30.926,19.733333333333334,39.333333333333336,50.73266666666666,10.066666666666666,13.666666666666666,74.21000000000001,2.6666666666666665,8.333333333333334,0.6206666666666667,3.1333333333333333,20.466666666666665,0.15866666666666665,14.533333333333333,1.4,74.06666666666666
76,60,2010-01-22,11,1,2009-2010,Espírito Santo,Saldanha,72.6,20.8,38.4,13.4,35.2,10.6,24.6,11.866666666666667,16.4,0.7906666666666666,6.933333333333334,21.2,31.982666666666667,19.2,38.666666666666664,49.989333333333335,13.4,21.866666666666667,62.268,1.8,8.8,0.6,2.7333333333333334,21.066666666666666,0.13133333333333336,16.4,2.3333333333333335,72.6,73.26666666666667,21.6,39.333333333333336,12.333333333333334,27.933333333333334,8.6,19.333333333333332,10.266666666666667,13.133333333333333,0.8019999999999999,7.2,23.2,31.019999999999996,19.666666666666668,39.93333333333333,49.557333333333325,12.333333333333334,21.2,58.029333333333334,1.7333333333333334,9.666666666666666,0.7686666666666666,1.5333333333333334,19.066666666666666,0.08133333333333334,13.133333333333333,1.8,64.4
78,87,2010-01-22,11,1,2009-2010,Londrina,Minas,79.1,23.7,37.4,18.0,30.6,11.5,19.1,13.5,15.2,0.9139999999999999,7.9,25.9,30.017000000000003,18.7,37.2,50.638999999999996,18.0,25.0,71.936,0.6,7.1,0.4760000000000001,3.1,19.2,0.17400000000000002,15.2,2.4,74.7,87.6,25.6,44.53333333333333,17.466666666666665,32.4,8.866666666666667,23.533333333333335,17.466666666666665,13.533333333333333,1.4673333333333336,8.533333333333333,22.8,37.285999999999994,22.266666666666666,39.733333333333334,56.10466666666666,17.466666666666665,22.6,77.11733333333333,0.8666666666666667,5.866666666666666,0.5020000000000001,1.9333333333333333,19.266666666666666,0.10266666666666667,13.533333333333333,1.1333333333333333,94.86666666666666
107,90,2010-01-22,11,1,2009-2010,Flamengo,Bauru Basket,85.33333333333333,26.8,39.733333333333334,18.8,32.4,8.733333333333333,23.666666666666668,12.866666666666667,13.066666666666666,1.0726666666666667,8.933333333333334,25.933333333333334,35.668,19.866666666666667,36.733333333333334,54.452,18.8,25.333333333333332,75.79733333333333,1.4666666666666666,9.0,0.76,2.1333333333333333,20.4,0.10400000000000001,13.066666666666666,0.8666666666666667,87.8,77.0,26.8,38.93333333333333,11.266666666666667,31.133333333333333,10.133333333333333,21.0,13.133333333333333,9.8,1.544,8.933333333333334,23.666666666666668,38.17333333333333,19.466666666666665,39.333333333333336,50.102,11.266666666666667,16.666666666666668,68.88733333333333,1.7333333333333334,6.6,0.7706666666666666,2.2666666666666666,15.466666666666667,0.15866666666666668,9.8,1.4,80.33333333333333
98,95,2010-01-24,12,1,2009-2010,Pinheiros,Sesi Franca,88.4,31.0,39.333333333333336,18.066666666666666,32.266666666666666,9.133333333333333,23.133333333333333,15.0,14.2,1.134,10.333333333333334,24.666666666666668,42.609333333333325,19.666666666666668,37.733333333333334,51.91666666666667,18.066666666666666,23.8,75.76266666666666,2.8666666666666667,7.866666666666666,0.5746666666666667,2.3333333333333335,19.6,0.138,14.2,1.3333333333333333,93.53333333333333,83.33333333333333,28.4,36.93333333333333,18.0,28.133333333333333,7.8,20.333333333333332,14.533333333333333,11.733333333333333,1.5693333333333332,9.466666666666667,25.466666666666665,37.11,18.466666666666665,37.2,50.07533333333334,18.0,23.666666666666668,76.42399999999999,0.13333333333333333,7.2,0.668,2.3333333333333335,21.866666666666667,0.11733333333333333,11.733333333333333,0.8,83.4
104,74,2010-01-24,12,1,2009-2010,Flamengo,Assis,86.4,27.8,40.53333333333333,18.066666666666666,32.4,8.866666666666667,23.533333333333335,13.466666666666667,12.6,1.2346666666666666,9.266666666666667,26.0,36.77,20.266666666666666,37.666666666666664,53.88533333333333,18.066666666666666,24.733333333333334,74.03999999999999,1.3333333333333333,9.066666666666666,0.8126666666666666,2.3333333333333335,20.4,0.116,12.6,0.9333333333333333,89.8,73.93333333333334,23.2,34.93333333333333,15.8,31.066666666666666,8.133333333333333,22.933333333333334,9.8,12.933333333333334,0.84,7.733333333333333,23.133333333333333,33.071333333333335,17.466666666666665,34.333333333333336,50.94333333333334,15.8,23.333333333333332,67.63733333333334,1.8666666666666667,4.733333333333333,0.3706666666666667,3.0,19.2,0.1593333333333333,12.933333333333334,1.8,69.8
67,84,2010-01-24,12,1,2009-2010,Joinville,Minas,82.8,30.4,38.13333333333333,14.266666666666667,33.266666666666666,11.133333333333333,22.133333333333333,15.466666666666667,12.533333333333333,1.392666666666667,10.133333333333333,27.2,37.403999999999996,19.066666666666666,38.93333333333333,48.772,14.266666666666667,19.266666666666666,73.32266666666668,1.3333333333333333,7.533333333333333,0.6606666666666666,2.466666666666667,19.933333333333334,0.13333333333333333,12.533333333333333,1.4,87.06666666666666,87.66666666666667,25.0,46.0,16.666666666666668,32.6,9.0,23.6,17.6,13.866666666666667,1.3886666666666665,8.333333333333334,22.0,38.178666666666665,23.0,41.06666666666667,56.08866666666667,16.666666666666668,21.733333333333334,75.88733333333333,0.9333333333333333,6.066666666666666,0.4800000000000001,2.0,19.266666666666666,0.10600000000000001,13.866666666666667,1.4,95.26666666666667
65,63,2010-01-26,8,1,2009-2010,Joinville,Sesi Franca,83.13333333333334,29.6,39.2,14.333333333333334,33.833333333333336,11.3,22.533333333333335,14.933333333333334,12.166666666666666,1.3793333333333335,9.866666666666667,27.166666666666668,36.52066666666667,19.6,39.36666666666667,49.82133333333333,14.333333333333334,19.533333333333335,72.89066666666668,1.3,7.633333333333334,0.6786666666666666,2.433333333333333,19.766666666666666,0.132,12.166666666666666,1.4666666666666666,87.53333333333333,81.8,27.8,36.93333333333333,17.066666666666666,27.933333333333334,7.6,20.333333333333332,13.466666666666667,11.533333333333333,1.492,9.266666666666667,25.733333333333334,35.85266666666667,18.466666666666665,37.333333333333336,49.88999999999999,17.066666666666666,23.0,74.53600000000002,0.13333333333333333,7.066666666666666,0.6733333333333335,2.2666666666666666,21.933333333333334,0.11400000000000002,11.533333333333333,0.8,79.73333333333333
94,83,2010-01-29,13,1,2009-2010,Sesi Franca,Araraquara,82.66666666666667,27.4,37.86666666666667,17.4,27.866666666666667,7.6,20.266666666666666,13.466666666666667,11.866666666666667,1.4306666666666668,9.133333333333333,24.866666666666667,36.49933333333333,18.933333333333334,37.6,50.72333333333333,17.4,23.466666666666665,74.31400000000002,0.13333333333333333,7.2,0.658,2.533333333333333,21.333333333333332,0.126,11.866666666666667,1.0666666666666667,81.4,74.86666666666666,25.4,39.2,10.266666666666667,28.333333333333332,7.933333333333334,20.4,15.866666666666667,14.2,1.1773333333333333,8.466666666666667,25.8,32.35466666666667,19.6,38.8,51.065999999999995,10.266666666666667,13.8,74.916,2.8666666666666667,8.266666666666667,0.6286666666666665,3.066666666666667,20.733333333333334,0.15333333333333335,14.2,1.4666666666666666,76.13333333333334
77,68,2010-01-29,13,1,2009-2010,Espírito Santo,Londrina,73.2,21.2,38.4,13.6,35.266666666666666,10.733333333333333,24.533333333333335,12.466666666666667,15.733333333333333,0.8706666666666666,7.066666666666666,21.266666666666666,32.67733333333333,19.2,39.06666666666667,49.486666666666665,13.6,21.866666666666667,63.138,1.8666666666666667,8.866666666666667,0.6266666666666666,2.8,20.933333333333334,0.13466666666666668,15.733333333333333,2.6,74.53333333333333,78.0909090909091,23.181818181818183,37.09090909090909,17.818181818181817,30.818181818181817,11.454545454545455,19.363636363636363,12.818181818181818,15.363636363636363,0.8627272727272726,7.7272727272727275,26.09090909090909,29.236363636363638,18.545454545454547,36.54545454545455,51.18727272727272,17.818181818181817,24.636363636363637,72.32272727272726,0.6363636363636364,6.818181818181818,0.45454545454545464,2.909090909090909,19.363636363636363,0.16272727272727275,15.363636363636363,2.5454545454545454,72.9090909090909
63,82,2010-01-29,13,1,2009-2010,Saldanha,Joinville,72.4,20.4,40.13333333333333,11.866666666666667,27.866666666666667,8.066666666666666,19.8,10.0,12.6,0.7893333333333333,6.8,23.266666666666666,29.232666666666663,20.066666666666666,39.86666666666667,50.714000000000006,11.866666666666667,20.6,57.184666666666665,1.8,9.4,0.788,1.5333333333333334,19.2,0.08066666666666668,12.6,2.066666666666667,63.6,82.93333333333334,30.2,38.13333333333333,14.6,32.833333333333336,10.9,21.933333333333334,14.533333333333333,11.9,1.366666666666667,10.066666666666666,27.233333333333334,37.32866666666667,19.066666666666666,38.3,49.861999999999995,14.6,19.933333333333334,72.73066666666666,1.3666666666666667,7.633333333333334,0.6859999999999999,2.3666666666666667,19.366666666666667,0.13,11.9,1.8666666666666667,86.66666666666667
85,64,2010-01-29,13,1,2009-2010,Brasília,Coop/São José Basketball,87.66666666666667,21.6,47.2,18.866666666666667,35.2,9.666666666666666,25.533333333333335,17.0,15.333333333333334,1.2266666666666666,7.2,23.6,31.306666666666665,23.6,39.4,59.87199999999999,18.866666666666667,25.066666666666666,74.97800000000001,1.8666666666666667,6.533333333333333,0.4806666666666667,2.8666666666666667,20.666666666666668,0.15600000000000003,15.333333333333334,1.6,97.13333333333334,72.33333333333333,22.0,36.666666666666664,13.666666666666666,31.333333333333332,10.733333333333333,20.6,14.133333333333333,15.466666666666667,0.9846666666666667,7.333333333333333,24.2,30.23533333333334,18.333333333333332,34.93333333333333,53.471999999999994,13.666666666666666,18.866666666666667,71.87866666666667,1.4,7.2,0.478,1.1333333333333333,19.466666666666665,0.05466666666666667,15.466666666666667,0.6666666666666666,72.0
106,73,2010-01-29,13,1,2009-2010,Bauru Basket,Paulistano,79.2,27.6,40.13333333333333,11.466666666666667,32.2,10.333333333333334,21.866666666666667,13.666666666666666,9.733333333333333,1.6119999999999997,9.2,23.4,40.065333333333335,20.066666666666666,39.6,51.214000000000006,11.466666666666667,17.2,67.64333333333333,2.1333333333333333,6.8,0.7966666666666666,2.4,15.4,0.17200000000000004,9.733333333333333,1.4,85.06666666666666,75.86666666666666,19.6,41.2,15.066666666666666,30.266666666666666,10.2,20.066666666666666,12.2,15.066666666666666,0.9233333333333333,6.533333333333333,22.533333333333335,29.75466666666667,20.6,39.93333333333333,51.773999999999994,15.066666666666666,21.933333333333334,69.03533333333331,1.3333333333333333,7.4,0.5793333333333333,2.6,21.533333333333335,0.12666666666666668,15.066666666666666,1.1333333333333333,71.06666666666666
94,92,2010-01-29,13,1,2009-2010,Assis,Pinheiros,76.0,24.0,35.86666666666667,16.133333333333333,31.066666666666666,8.533333333333333,22.533333333333335,10.6,12.666666666666666,1.0046666666666666,8.0,24.066666666666666,33.04600000000001,17.933333333333334,34.86666666666667,51.372,16.133333333333333,23.733333333333334,67.70066666666668,1.9333333333333333,5.0,0.4286666666666667,2.8666666666666667,19.133333333333333,0.15133333333333335,12.666666666666666,1.8666666666666667,72.26666666666667,87.8,32.4,38.13333333333333,17.266666666666666,31.466666666666665,9.0,22.466666666666665,14.933333333333334,14.133333333333333,1.1366666666666665,10.8,24.866666666666667,44.333999999999996,19.066666666666666,37.266666666666666,51.14066666666667,17.266666666666666,23.0,74.77533333333334,2.6666666666666665,6.933333333333334,0.504,2.1333333333333333,19.866666666666667,0.12533333333333335,14.133333333333333,1.4666666666666666,91.13333333333334
94,101,2010-01-29,13,1,2009-2010,Minas,Flamengo,89.0,26.4,46.266666666666666,16.333333333333332,32.06666666666667,9.133333333333333,22.933333333333334,18.4,14.133333333333333,1.4199999999999997,8.8,22.4,39.520666666666656,23.133333333333333,41.46666666666667,55.84133333333334,16.333333333333332,21.6,74.34466666666667,0.9333333333333333,6.333333333333333,0.4906666666666667,2.066666666666667,20.2,0.10600000000000001,14.133333333333333,1.4666666666666666,96.53333333333333,87.0,28.4,40.666666666666664,17.933333333333334,32.4,8.866666666666667,23.533333333333335,13.333333333333334,11.733333333333333,1.278,9.466666666666667,26.733333333333334,36.568000000000005,20.333333333333332,37.8,53.85600000000001,17.933333333333334,24.933333333333334,73.15466666666666,1.3333333333333333,9.2,0.8573333333333334,2.533333333333333,20.533333333333335,0.12933333333333333,11.733333333333333,1.0,90.53333333333333
105,70,2010-02-02,8,1,2009-2010,Flamengo,Paulistano,86.73333333333333,27.6,41.333333333333336,17.8,32.53333333333333,9.133333333333333,23.4,12.533333333333333,11.4,1.2586666666666666,9.2,26.266666666666666,36.49066666666667,20.666666666666668,38.733333333333334,53.448,17.8,24.6,73.43599999999998,1.6666666666666667,9.4,0.914,2.8,20.8,0.14333333333333334,11.4,1.0,90.2,74.13333333333334,18.8,41.333333333333336,14.0,29.2,9.733333333333333,19.466666666666665,12.133333333333333,14.2,0.9533333333333333,6.266666666666667,21.8,29.62466666666667,20.666666666666668,39.6,52.46733333333332,14.0,20.8,67.84666666666666,1.2,7.066666666666666,0.5753333333333334,2.6666666666666665,21.0,0.13266666666666668,14.2,1.2,69.73333333333333
79,100,2010-02-05,1,2,2009-2010,Espírito Santo,Flamengo,74.2,21.0,38.93333333333333,14.266666666666667,35.93333333333333,11.266666666666667,24.666666666666668,12.2,15.266666666666667,0.8679999999999999,7.0,21.0,32.733333333333334,19.466666666666665,39.6,49.56133333333333,14.266666666666667,23.133333333333333,62.249333333333325,2.1333333333333333,8.533333333333333,0.6199999999999999,2.8666666666666667,20.8,0.1386666666666667,15.266666666666667,3.0,75.46666666666667,88.0,28.4,42.13333333333333,17.466666666666665,32.46666666666667,9.266666666666667,23.2,12.6,11.733333333333333,1.2366666666666668,9.466666666666667,25.733333333333334,38.34933333333333,21.066666666666666,39.13333333333333,53.86,17.466666666666665,24.466666666666665,72.35066666666665,1.6666666666666667,9.2,0.8759999999999999,2.6666666666666665,21.133333333333333,0.13533333333333333,11.733333333333333,1.2,91.4
91,84,2010-02-05,1,2,2009-2010,Minas,Paulistano,90.06666666666666,26.0,47.2,16.866666666666667,32.06666666666667,9.533333333333333,22.533333333333335,19.333333333333332,14.066666666666666,1.502,8.666666666666666,21.933333333333334,39.60933333333334,23.6,42.333333333333336,55.83333333333334,16.866666666666667,22.2,74.528,0.9333333333333333,6.666666666666667,0.52,2.2,20.4,0.11333333333333333,14.066666666666666,1.6666666666666667,98.93333333333334,74.73333333333333,19.2,41.46666666666667,14.066666666666666,29.266666666666666,9.666666666666666,19.6,12.0,14.2,0.9446666666666667,6.4,22.2,29.71133333333334,20.733333333333334,39.666666666666664,52.54266666666667,14.066666666666666,20.533333333333335,68.84933333333333,1.2,6.8,0.558,2.6,20.533333333333335,0.13133333333333336,14.2,1.3333333333333333,70.0
65,72,2010-02-05,1,2,2009-2010,Assis,Sesi Franca,74.06666666666666,23.0,36.266666666666666,14.8,31.466666666666665,8.8,22.666666666666668,10.466666666666667,12.4,1.0186666666666668,7.666666666666667,24.133333333333333,31.38666666666667,18.133333333333333,35.266666666666666,51.330000000000005,14.8,22.066666666666666,66.748,1.9333333333333333,4.733333333333333,0.4066666666666666,2.8,18.733333333333334,0.15133333333333335,12.4,2.0,70.26666666666667,80.66666666666667,26.8,36.93333333333333,16.933333333333334,27.733333333333334,7.6,20.133333333333333,12.733333333333333,11.6,1.396666666666667,8.933333333333334,25.2,34.654,18.466666666666665,37.333333333333336,49.93666666666666,16.933333333333334,22.2,76.14733333333334,0.3333333333333333,6.933333333333334,0.6493333333333333,2.2,21.066666666666666,0.11133333333333335,11.6,1.2666666666666666,78.26666666666667
63,59,2010-02-05,1,2,2009-2010,Bauru Basket,Araraquara,77.06666666666666,26.4,39.06666666666667,11.6,31.2,9.8,21.4,13.533333333333333,9.6,1.6113333333333335,8.8,22.733333333333334,39.38333333333333,19.533333333333335,39.0,50.724,11.6,17.133333333333333,69.20933333333333,1.8666666666666667,6.533333333333333,0.7853333333333333,2.2,15.4,0.15866666666666668,9.6,1.6,82.0,74.66666666666667,25.6,38.93333333333333,10.133333333333333,29.2,8.0,21.2,15.666666666666666,14.533333333333333,1.1506666666666667,8.533333333333333,25.066666666666666,34.297333333333334,19.466666666666665,38.8,50.635999999999996,10.133333333333333,13.533333333333333,75.43533333333333,2.8,8.333333333333334,0.6213333333333332,3.066666666666667,21.0,0.152,14.533333333333333,1.6,77.13333333333334
79,83,2010-02-05,1,2,2009-2010,Londrina,Joinville,78.16666666666667,23.5,36.666666666666664,18.0,30.916666666666668,11.416666666666666,19.5,13.083333333333334,14.833333333333334,0.9391666666666665,7.833333333333333,26.25,29.478333333333335,18.333333333333332,36.75,50.34083333333333,18.0,24.833333333333332,72.46833333333332,0.6666666666666666,6.916666666666667,0.4908333333333334,2.9166666666666665,19.916666666666668,0.15916666666666668,14.833333333333334,2.4166666666666665,73.5,83.33333333333333,29.4,38.266666666666666,15.666666666666666,32.43333333333333,10.433333333333334,22.0,14.066666666666666,11.5,1.3646666666666671,9.8,26.9,36.72866666666666,19.133333333333333,38.166666666666664,50.217333333333336,15.666666666666666,21.133333333333333,73.35799999999999,1.3,7.3,0.6733333333333333,2.3,19.833333333333332,0.12400000000000003,11.5,2.0,86.33333333333333
105,77,2010-02-05,1,2,2009-2010,Brasília,Pinheiros,87.93333333333334,23.0,47.333333333333336,17.6,36.333333333333336,10.2,26.133333333333333,17.333333333333332,15.2,1.2633333333333332,7.666666666666667,24.4,32.10466666666667,23.666666666666668,40.13333333333333,59.065333333333335,17.6,23.333333333333332,75.42733333333334,2.066666666666667,6.6,0.4913333333333334,2.933333333333333,20.266666666666666,0.16066666666666668,15.2,1.7333333333333334,98.6,88.13333333333334,31.4,39.46666666666667,17.266666666666666,31.133333333333333,8.733333333333333,22.4,14.933333333333334,13.666666666666666,1.1513333333333333,10.466666666666667,25.066666666666666,42.49333333333333,19.733333333333334,37.8,52.217999999999996,17.266666666666666,22.866666666666667,75.18133333333336,2.8,6.8,0.5079999999999999,2.1333333333333333,19.333333333333332,0.132,13.666666666666666,1.7333333333333334,91.2
60,90,2010-02-05,1,2,2009-2010,Saldanha,Coop/São José Basketball,71.66666666666667,19.2,40.93333333333333,11.533333333333333,27.133333333333333,8.0,19.133333333333333,9.266666666666667,11.933333333333334,0.7759999999999999,6.4,22.533333333333335,28.61933333333333,20.466666666666665,40.0,51.755333333333326,11.533333333333333,20.466666666666665,55.57733333333333,1.7333333333333334,9.266666666666667,0.8046666666666666,1.4,19.0,0.07466666666666667,11.933333333333334,2.3333333333333335,62.2,73.26666666666667,24.2,36.266666666666666,12.8,31.4,10.2,21.2,14.066666666666666,14.666666666666666,1.0233333333333334,8.066666666666666,25.066666666666666,31.814000000000004,18.133333333333333,34.06666666666667,54.32666666666666,12.8,18.2,70.10733333333333,1.2,6.866666666666666,0.4966666666666667,1.3333333333333333,18.866666666666667,0.06866666666666667,14.666666666666666,0.7333333333333333,73.93333333333334
73,61,2010-02-07,2,2,2009-2010,Espírito Santo,Coop/São José Basketball,73.2,20.4,38.0,14.8,35.6,11.4,24.2,11.133333333333333,14.933333333333334,0.802,6.8,21.133333333333333,31.724666666666664,19.0,39.06666666666667,49.114000000000004,14.8,23.866666666666667,62.35733333333333,2.1333333333333333,8.733333333333333,0.6673333333333333,3.066666666666667,20.333333333333332,0.15066666666666667,14.933333333333334,3.1333333333333333,73.33333333333333,72.53333333333333,24.6,35.333333333333336,12.6,31.866666666666667,10.333333333333334,21.533333333333335,14.133333333333333,14.866666666666667,1.0186666666666666,8.2,25.0,32.559999999999995,17.666666666666668,33.266666666666666,54.118666666666655,12.6,18.6,68.21266666666666,1.2666666666666666,6.733333333333333,0.4853333333333334,1.4,18.8,0.07200000000000001,14.866666666666667,0.8666666666666667,73.4
65,90,2010-02-07,2,2,2009-2010,Saldanha,Flamengo,70.86666666666666,18.6,41.2,11.066666666666666,27.666666666666668,8.2,19.466666666666665,8.333333333333334,11.733333333333333,0.7293333333333333,6.2,22.266666666666666,28.18733333333333,20.6,40.266666666666666,51.792666666666676,11.066666666666666,20.133333333333333,54.14866666666667,1.8,9.2,0.8066666666666666,1.5333333333333334,18.733333333333334,0.08266666666666668,11.733333333333333,2.4,61.06666666666667,89.26666666666667,29.6,42.266666666666666,17.4,33.06666666666667,8.933333333333334,24.133333333333333,12.6,11.4,1.2886666666666668,9.866666666666667,25.733333333333334,39.68266666666667,21.133333333333333,38.4,55.13466666666667,17.4,24.2,72.97599999999998,1.7333333333333334,9.533333333333333,0.9473333333333332,2.7333333333333334,20.466666666666665,0.14333333333333334,11.4,1.2666666666666666,95.4
109,80,2010-02-07,2,2,2009-2010,Brasília,Paulistano,90.26666666666667,22.6,49.733333333333334,17.933333333333334,36.13333333333333,10.333333333333334,25.8,18.6,14.733333333333333,1.4020000000000001,7.533333333333333,23.8,32.15533333333333,24.866666666666667,41.333333333333336,60.232,17.933333333333334,23.866666666666667,75.156,2.1333333333333333,7.0,0.5393333333333333,3.0,19.866666666666667,0.16533333333333333,14.733333333333333,1.7333333333333334,103.2,75.53333333333333,18.8,42.8,13.933333333333334,29.466666666666665,9.733333333333333,19.733333333333334,12.333333333333334,14.0,0.9666666666666667,6.266666666666667,22.266666666666666,28.97533333333333,21.4,40.4,53.35400000000001,13.933333333333334,20.733333333333334,67.292,1.2,7.0,0.5713333333333334,2.4,20.8,0.12133333333333336,14.0,1.6666666666666667,70.93333333333334
72,68,2010-02-07,2,2,2009-2010,Assis,Araraquara,73.8,23.4,35.6,14.8,31.733333333333334,9.266666666666667,22.466666666666665,10.133333333333333,12.066666666666666,1.0166666666666666,7.8,24.466666666666665,31.43066666666667,17.8,35.6,49.707333333333324,14.8,21.866666666666667,67.16733333333335,1.7333333333333334,5.0,0.4486666666666667,2.7333333333333334,18.933333333333334,0.14533333333333334,12.066666666666666,2.3333333333333335,69.8,74.6,25.4,38.8,10.4,29.333333333333332,8.0,21.333333333333332,15.133333333333333,14.2,1.1333333333333333,8.466666666666667,24.6,34.742,19.4,38.666666666666664,50.635999999999996,10.4,13.666666666666666,76.666,2.3333333333333335,7.933333333333334,0.6053333333333334,3.0,21.6,0.14866666666666667,14.2,1.8666666666666667,77.13333333333334
92,87,2010-02-07,2,2,2009-2010,Minas,Pinheiros,90.13333333333334,26.0,47.2,16.933333333333334,32.4,10.266666666666667,22.133333333333333,18.933333333333334,14.666666666666666,1.316,8.666666666666666,22.066666666666666,39.37733333333333,23.6,42.666666666666664,55.359333333333346,16.933333333333334,22.0,75.59933333333333,0.8666666666666667,6.866666666666666,0.49,2.4,21.066666666666666,0.11800000000000001,14.666666666666666,1.7333333333333334,98.53333333333333,87.46666666666667,30.4,39.333333333333336,17.733333333333334,30.933333333333334,9.0,21.933333333333334,14.933333333333334,13.8,1.1366666666666665,10.133333333333333,24.933333333333334,41.416666666666664,19.666666666666668,37.8,52.022000000000006,17.733333333333334,23.133333333333333,76.23533333333333,2.6666666666666665,7.0,0.5166666666666667,2.2,19.2,0.1366666666666667,13.8,2.0,90.4
105,97,2010-02-07,2,2,2009-2010,Bauru Basket,Sesi Franca,78.93333333333334,27.2,39.333333333333336,12.4,32.4,10.333333333333334,22.066666666666666,13.733333333333333,9.733333333333333,1.5979999999999996,9.066666666666666,23.0,40.14533333333333,19.666666666666668,39.4,50.53533333333333,12.4,17.866666666666667,70.11866666666667,1.5333333333333334,6.0,0.6826666666666666,2.1333333333333333,15.866666666666667,0.15200000000000002,9.733333333333333,1.8,84.33333333333333,82.06666666666666,26.4,38.4,17.266666666666666,28.333333333333332,7.8,20.533333333333335,12.133333333333333,11.6,1.3426666666666667,8.8,24.2,35.63533333333333,19.2,38.6,50.266,17.266666666666666,22.333333333333332,76.94066666666667,0.26666666666666666,6.466666666666667,0.6066666666666668,2.1333333333333333,21.733333333333334,0.10600000000000001,11.6,1.4666666666666666,79.66666666666667
91,75,2010-02-09,10,1,2009-2010,Sesi Franca,Coop/São José Basketball,81.13333333333334,26.8,37.733333333333334,16.6,27.333333333333332,7.733333333333333,19.6,12.466666666666667,11.333333333333334,1.3933333333333335,8.933333333333334,23.933333333333334,36.84733333333334,18.866666666666667,37.666666666666664,50.61933333333332,16.6,21.533333333333335,76.94066666666667,0.26666666666666666,6.4,0.6206666666666667,2.2,21.266666666666666,0.11066666666666668,11.333333333333334,1.5333333333333334,79.46666666666667,73.66666666666667,25.2,35.733333333333334,12.733333333333333,32.4,10.533333333333333,21.866666666666667,14.466666666666667,15.333333333333334,1.0159999999999998,8.4,25.133333333333333,33.378,17.866666666666667,33.0,55.041999999999994,12.733333333333333,18.8,68.05933333333333,1.4,6.933333333333334,0.4846666666666668,1.4666666666666666,18.933333333333334,0.07466666666666667,15.333333333333334,1.0,75.66666666666667
68,79,2010-02-10,12,1,2009-2010,Paulistano,Araraquara,74.86666666666666,18.4,42.53333333333333,13.933333333333334,28.933333333333334,9.733333333333333,19.2,12.666666666666666,13.8,1.0026666666666668,6.133333333333334,22.466666666666665,27.602666666666668,21.266666666666666,40.333333333333336,53.11066666666668,13.933333333333334,21.133333333333333,65.36666666666666,1.2666666666666666,6.933333333333334,0.5733333333333335,2.466666666666667,21.266666666666666,0.12000000000000002,13.8,1.8,69.46666666666667,75.26666666666667,26.4,38.0,10.866666666666667,29.4,8.0,21.4,14.933333333333334,14.666666666666666,1.0686666666666667,8.8,24.666666666666668,36.058,19.0,37.8,50.52466666666667,10.866666666666667,13.8,78.52066666666668,2.1333333333333333,8.133333333333333,0.5886666666666667,2.933333333333333,21.266666666666666,0.14800000000000002,14.666666666666666,2.3333333333333335,78.4
79,100,2010-02-10,8,1,2009-2010,Coop/São José Basketball,Pinheiros,74.93333333333334,26.0,36.266666666666666,12.666666666666666,32.06666666666667,10.466666666666667,21.6,14.8,15.533333333333333,1.0233333333333332,8.666666666666666,26.133333333333333,33.066,18.133333333333333,33.0,55.782666666666664,12.666666666666666,18.666666666666668,68.19,1.4666666666666666,6.866666666666666,0.47200000000000014,1.4666666666666666,18.866666666666667,0.07466666666666667,15.533333333333333,1.0,76.26666666666667,87.73333333333333,31.4,39.46666666666667,16.866666666666667,29.8,8.866666666666667,20.933333333333334,14.666666666666666,13.533333333333333,1.141333333333333,10.466666666666667,25.266666666666666,42.147333333333336,19.733333333333334,37.53333333333333,52.548,16.866666666666667,22.133333333333333,75.966,2.6,7.066666666666666,0.5313333333333332,2.2,18.8,0.14,13.533333333333333,2.0,90.06666666666666
74,68,2010-02-12,11,1,2009-2010,Coop/São José Basketball,Assis,75.26666666666667,25.8,36.8,12.666666666666666,32.53333333333333,10.666666666666666,21.866666666666667,15.2,14.8,1.0806666666666664,8.6,26.066666666666666,32.89,18.4,33.53333333333333,55.57066666666667,12.666666666666666,18.933333333333334,67.29333333333334,1.4,6.866666666666666,0.4986666666666667,1.5333333333333334,18.533333333333335,0.08066666666666666,14.8,1.0,77.73333333333333,73.53333333333333,24.4,35.333333333333336,13.8,31.666666666666668,9.533333333333333,22.133333333333333,10.0,12.466666666666667,0.9726666666666667,8.133333333333333,24.6,32.742,17.666666666666668,35.266666666666666,49.76599999999999,13.8,20.933333333333334,64.94466666666668,1.6,5.133333333333334,0.44599999999999995,2.6,18.8,0.13999999999999999,12.466666666666667,2.3333333333333335,69.26666666666667
104,109,2010-02-12,11,1,2009-2010,Paulistano,Sesi Franca,77.13333333333334,19.0,43.6,14.533333333333333,30.2,10.066666666666666,20.133333333333333,12.933333333333334,14.133333333333333,1.0073333333333332,6.333333333333333,22.466666666666665,28.602666666666668,21.8,41.53333333333333,52.987333333333346,14.533333333333333,22.066666666666666,65.16133333333332,1.3333333333333333,7.066666666666666,0.574,2.2666666666666666,22.0,0.10733333333333334,14.133333333333333,1.8666666666666667,72.06666666666666,83.73333333333333,28.0,38.4,17.333333333333332,28.266666666666666,7.8,20.466666666666665,13.066666666666666,11.533333333333333,1.4226666666666665,9.333333333333334,24.466666666666665,37.68866666666668,19.2,37.93333333333333,51.10466666666666,17.333333333333332,22.6,76.77399999999999,0.26666666666666666,7.066666666666666,0.6553333333333333,2.2666666666666666,21.333333333333332,0.11266666666666668,11.533333333333333,1.8,83.73333333333333
90,74,2010-02-17,12,1,2009-2010,Coop/São José Basketball,Bauru Basket,75.4,27.0,36.53333333333333,11.866666666666667,32.13333333333333,10.6,21.533333333333335,16.0,14.6,1.16,9.0,26.2,34.233333333333334,18.266666666666666,33.266666666666666,55.70133333333333,11.866666666666667,18.066666666666666,66.852,1.3333333333333333,7.0,0.514,1.4666666666666666,18.466666666666665,0.07800000000000001,14.6,1.0,79.0,78.0,26.6,38.8,12.6,31.066666666666666,10.0,21.066666666666666,13.266666666666667,10.0,1.5233333333333332,8.866666666666667,22.4,40.47866666666666,19.4,39.266666666666666,49.98133333333332,12.6,18.533333333333335,68.64399999999999,1.4,6.333333333333333,0.702,2.066666666666667,15.4,0.14866666666666667,10.0,1.8,81.4
87,78,2010-02-26,3,2,2009-2010,Paulistano,Espírito Santo,77.66666666666667,20.2,43.06666666666667,14.4,30.0,10.0,20.0,13.266666666666667,14.066666666666666,1.0393333333333332,6.733333333333333,22.666666666666668,29.868000000000002,21.533333333333335,41.333333333333336,52.550666666666665,14.4,22.066666666666666,64.45933333333333,1.2,7.0,0.5713333333333332,2.2666666666666666,21.8,0.10733333333333334,14.066666666666666,2.066666666666667,72.73333333333333,73.33333333333333,20.4,38.266666666666666,14.666666666666666,35.46666666666667,11.6,23.866666666666667,10.933333333333334,14.933333333333334,0.782,6.8,21.733333333333334,30.77266666666667,19.133333333333333,38.86666666666667,49.76,14.666666666666666,23.466666666666665,62.99199999999999,2.2666666666666666,8.333333333333334,0.6273333333333333,3.0,20.133333333333333,0.14733333333333337,14.933333333333334,3.2666666666666666,72.66666666666667
98,89,2010-02-26,3,2,2009-2010,Sesi Franca,Brasília,85.0,28.2,38.4,18.4,28.333333333333332,7.733333333333333,20.6,13.0,11.333333333333334,1.4666666666666666,9.4,24.466666666666665,37.97866666666667,19.2,37.6,51.532666666666664,18.4,24.133333333333333,76.084,0.4,6.866666666666666,0.6553333333333333,2.0,21.466666666666665,0.0986666666666667,11.333333333333334,1.9333333333333333,84.66666666666667,90.8,21.4,51.333333333333336,18.066666666666666,36.13333333333333,10.933333333333334,25.2,18.533333333333335,14.0,1.444,7.133333333333334,23.466666666666665,30.780666666666665,25.666666666666668,43.06666666666667,59.87,18.066666666666666,23.866666666666667,75.79066666666668,2.3333333333333335,7.0,0.5459999999999999,2.933333333333333,19.533333333333335,0.16466666666666666,14.0,1.8666666666666667,103.46666666666667
98,85,2010-02-26,3,2,2009-2010,Pinheiros,Saldanha,88.46666666666667,29.8,40.8,17.866666666666667,29.6,8.8,20.8,14.533333333333333,13.733333333333333,1.1126666666666667,9.933333333333334,24.666666666666668,40.693333333333335,20.4,38.13333333333333,53.36266666666666,17.866666666666667,22.733333333333334,77.872,2.6,6.933333333333334,0.5133333333333333,2.7333333333333334,18.8,0.16333333333333336,13.733333333333333,2.066666666666667,91.2,71.53333333333333,18.0,42.13333333333333,11.4,28.266666666666666,8.2,20.066666666666666,8.6,11.733333333333333,0.7486666666666667,6.0,21.266666666666666,28.404666666666664,21.066666666666666,41.6,51.244,11.4,20.933333333333334,54.11199999999999,1.8,9.0,0.7926666666666666,1.4,19.266666666666666,0.07400000000000001,11.733333333333333,2.8666666666666667,61.733333333333334
93,80,2010-02-26,3,2,2009-2010,Assis,Bauru Basket,77.46666666666667,25.8,37.2,14.466666666666667,31.666666666666668,9.533333333333333,22.133333333333333,10.466666666666667,12.066666666666666,1.0206666666666666,8.6,24.0,36.25866666666666,18.6,36.2,51.48933333333333,14.466666666666667,20.933333333333334,68.11866666666667,1.6666666666666667,5.4,0.4793333333333333,2.466666666666667,18.733333333333334,0.134,12.066666666666666,2.466666666666667,75.93333333333334,78.06666666666666,27.0,38.53333333333333,12.533333333333333,29.8,9.466666666666667,20.333333333333332,13.133333333333333,10.266666666666667,1.4679999999999997,9.0,22.266666666666666,41.44866666666666,19.266666666666666,38.4,50.788666666666664,12.533333333333333,18.666666666666668,67.82533333333332,1.3333333333333333,6.266666666666667,0.682,2.0,15.8,0.14466666666666667,10.266666666666667,1.9333333333333333,80.46666666666667
98,92,2010-02-26,3,2,2009-2010,Araraquara,Minas,76.6,26.6,38.0,12.0,29.533333333333335,8.133333333333333,21.4,14.6,14.0,1.1173333333333335,8.866666666666667,25.2,35.571999999999996,19.0,37.0,51.539333333333325,12.0,15.066666666666666,78.77133333333333,1.8666666666666667,7.933333333333334,0.6093333333333334,2.7333333333333334,21.333333333333332,0.14,14.0,2.4,80.0,91.2,27.0,47.2,17.0,33.0,10.466666666666667,22.533333333333335,19.266666666666666,14.733333333333333,1.3353333333333335,9.0,22.8,39.87266666666667,23.6,42.53333333333333,55.53333333333334,17.0,22.0,75.856,0.8,6.866666666666666,0.4886666666666667,2.3333333333333335,21.4,0.114,14.733333333333333,1.8,100.2
95,56,2010-02-26,3,2,2009-2010,Coop/São José Basketball,Londrina,76.26666666666667,27.2,37.06666666666667,12.0,32.53333333333333,10.933333333333334,21.6,16.266666666666666,14.333333333333334,1.2133333333333336,9.066666666666666,26.6,33.931999999999995,18.533333333333335,33.6,55.98733333333334,12.0,18.533333333333335,65.84866666666666,1.4666666666666666,7.6,0.5780000000000001,1.4666666666666666,18.6,0.07733333333333334,14.333333333333334,1.0,80.66666666666667,76.46153846153847,22.846153846153847,35.69230769230769,17.923076923076923,30.615384615384617,11.307692307692308,19.307692307692307,12.461538461538462,15.153846153846153,0.8869230769230767,7.615384615384615,26.0,28.883076923076924,17.846153846153847,36.30769230769231,49.44615384615384,17.923076923076923,24.846153846153847,72.12461538461538,0.6153846153846154,6.923076923076923,0.4815384615384616,3.0,20.23076923076923,0.16,15.153846153846153,2.230769230769231,70.53846153846153
100,87,2010-02-26,3,2,2009-2010,Flamengo,Joinville,89.33333333333333,30.8,42.266666666666666,16.266666666666666,32.86666666666667,8.933333333333334,23.933333333333334,12.133333333333333,11.333333333333334,1.2453333333333334,10.266666666666667,26.466666666666665,39.816,21.133333333333333,37.93333333333333,55.80733333333333,16.266666666666666,22.666666666666668,73.12066666666666,1.8,9.666666666666666,0.9706666666666666,2.6666666666666665,19.666666666666668,0.14266666666666664,11.333333333333334,1.3333333333333333,95.46666666666667,82.8,30.6,37.46666666666667,14.733333333333333,33.03333333333333,10.633333333333333,22.4,14.466666666666667,12.166666666666666,1.3306666666666664,10.2,27.9,36.64933333333333,18.733333333333334,37.03333333333333,50.73266666666667,14.733333333333333,20.466666666666665,71.06333333333333,1.3,7.3,0.646,2.2333333333333334,19.633333333333333,0.12133333333333335,12.166666666666666,2.2666666666666666,85.93333333333334
76,66,2010-02-28,4,2,2009-2010,Sesi Franca,Minas,86.13333333333334,28.8,38.8,18.533333333333335,27.866666666666667,7.333333333333333,20.533333333333335,12.8,11.4,1.4506666666666668,9.6,23.866666666666667,39.599333333333334,19.4,37.8,51.83333333333333,18.533333333333335,24.4,75.38933333333333,0.5333333333333333,7.533333333333333,0.6933333333333334,2.066666666666667,20.933333333333334,0.11200000000000002,11.4,2.066666666666667,86.46666666666667,90.33333333333333,27.2,47.06666666666667,16.066666666666666,33.733333333333334,10.8,22.933333333333334,19.4,15.133333333333333,1.3286666666666667,9.066666666666666,22.6,40.5,23.533333333333335,43.13333333333333,54.44666666666667,16.066666666666666,20.533333333333335,75.80066666666669,0.8,7.333333333333333,0.5046666666666667,2.4,20.8,0.11999999999999998,15.133333333333333,2.2,100.46666666666667
95,72,2010-02-28,4,2,2009-2010,Flamengo,Londrina,90.46666666666667,30.4,43.6,16.466666666666665,32.4,8.266666666666667,24.133333333333333,12.933333333333334,11.333333333333334,1.3019999999999998,10.133333333333333,25.333333333333332,40.27466666666667,21.8,38.6,56.532000000000004,16.466666666666665,22.866666666666667,73.25333333333333,1.8666666666666667,10.2,1.0086666666666666,2.7333333333333334,19.333333333333332,0.1473333333333333,11.333333333333334,1.4666666666666666,98.53333333333333,76.14285714285714,22.714285714285715,35.285714285714285,18.142857142857142,30.428571428571427,11.214285714285714,19.214285714285715,12.357142857142858,15.214285714285714,0.8728571428571427,7.571428571428571,26.357142857142858,28.43285714285714,17.642857142857142,36.214285714285715,48.97571428571428,18.142857142857142,24.714285714285715,73.49428571428571,0.6428571428571429,7.142857142857143,0.49214285714285716,2.857142857142857,20.571428571428573,0.15142857142857144,15.214285714285714,2.142857142857143,69.78571428571429
91,80,2010-02-28,4,2,2009-2010,Pinheiros,Espírito Santo,88.86666666666666,28.8,42.13333333333333,17.933333333333334,28.733333333333334,8.0,20.733333333333334,14.266666666666667,14.2,1.0406666666666669,9.6,23.466666666666665,41.404666666666664,21.066666666666666,37.93333333333333,55.06133333333333,17.933333333333334,22.933333333333334,77.55333333333333,2.533333333333333,6.866666666666666,0.48666666666666664,2.933333333333333,19.066666666666666,0.17200000000000001,14.2,2.2666666666666666,91.73333333333333,74.13333333333334,20.2,38.53333333333333,15.4,35.53333333333333,12.0,23.533333333333335,10.466666666666667,14.666666666666666,0.7633333333333333,6.733333333333333,21.4,30.862000000000002,19.266666666666666,39.666666666666664,48.93,15.4,24.666666666666668,62.872666666666674,2.2666666666666666,8.466666666666667,0.6413333333333333,2.933333333333333,20.4,0.14266666666666666,14.666666666666666,3.6,72.53333333333333
85,91,2010-02-28,4,2,2009-2010,Paulistano,Saldanha,77.53333333333333,20.6,43.06666666666667,13.866666666666667,29.333333333333332,9.866666666666667,19.466666666666665,13.066666666666666,13.333333333333334,1.0726666666666664,6.866666666666666,23.666666666666668,28.886666666666663,21.533333333333335,41.333333333333336,52.550666666666665,13.866666666666667,21.133333333333333,65.00666666666667,1.1333333333333333,7.6,0.6346666666666666,2.4,21.733333333333334,0.11333333333333333,13.333333333333334,2.066666666666667,72.73333333333333,72.53333333333333,17.8,43.06666666666667,11.666666666666666,29.266666666666666,8.6,20.666666666666668,9.0,12.8,0.7080000000000001,5.933333333333334,20.333333333333332,30.36933333333333,21.533333333333335,42.46666666666667,51.30666666666666,11.666666666666666,20.533333333333335,56.10799999999999,1.6666666666666667,9.333333333333334,0.7919999999999999,1.4666666666666666,19.4,0.07600000000000001,12.8,3.066666666666667,64.6
95,90,2010-02-28,4,2,2009-2010,Araraquara,Brasília,78.26666666666667,27.8,38.53333333333333,11.933333333333334,29.6,8.066666666666666,21.533333333333335,15.133333333333333,14.4,1.124,9.266666666666667,25.0,37.86866666666666,19.266666666666666,36.6,52.645999999999994,11.933333333333334,15.333333333333334,77.408,1.6666666666666667,7.933333333333334,0.5966666666666666,2.7333333333333334,21.533333333333335,0.14,14.4,2.7333333333333334,82.8,91.6,21.8,51.6,18.2,35.06666666666667,10.666666666666666,24.4,18.2,14.266666666666667,1.4093333333333333,7.266666666666667,23.466666666666665,31.386666666666667,25.8,43.0,60.30133333333333,18.2,23.4,77.35266666666668,2.066666666666667,7.666666666666667,0.5780000000000001,2.7333333333333334,19.0,0.158,14.266666666666667,2.2,104.0
93,76,2010-02-28,4,2,2009-2010,Coop/São José Basketball,Joinville,76.2,26.2,37.733333333333334,12.266666666666667,32.46666666666667,10.466666666666667,22.0,16.8,14.533333333333333,1.2293333333333334,8.733333333333333,25.933333333333334,33.76866666666667,18.866666666666667,33.4,57.169999999999995,12.266666666666667,18.933333333333334,65.67799999999998,1.4,7.733333333333333,0.5833333333333334,1.5333333333333334,18.866666666666667,0.08066666666666668,14.533333333333333,1.0,81.8,82.13333333333334,29.6,37.2,15.333333333333334,32.166666666666664,10.166666666666666,22.0,13.666666666666666,12.1,1.2693333333333334,9.866666666666667,27.233333333333334,36.23,18.6,37.166666666666664,50.14466666666667,15.333333333333334,20.8,72.92866666666667,1.3666666666666667,7.233333333333333,0.644,2.3,19.766666666666666,0.12466666666666669,12.1,2.2666666666666666,84.0
82,76,2010-03-05,5,2,2009-2010,Minas,Assis,89.8,26.4,48.0,15.4,34.733333333333334,10.866666666666667,23.866666666666667,19.6,15.2,1.3373333333333335,8.8,22.133333333333333,39.74466666666667,24.0,43.8,54.696,15.4,19.666666666666668,75.962,0.8,7.333333333333333,0.5033333333333333,2.3333333333333335,20.6,0.11800000000000001,15.2,2.3333333333333335,101.2,77.26666666666667,25.0,37.46666666666667,14.8,31.2,9.266666666666667,21.933333333333334,10.466666666666667,11.866666666666667,1.0373333333333332,8.333333333333334,24.333333333333332,34.50066666666667,18.733333333333334,36.06666666666667,52.12799999999999,14.8,21.0,69.47533333333334,1.5333333333333334,5.733333333333333,0.5273333333333333,2.466666666666667,18.933333333333334,0.13266666666666668,11.866666666666667,2.6,75.73333333333333
100,76,2010-03-05,5,2,2009-2010,Brasília,Bauru Basket,92.8,23.2,51.733333333333334,17.866666666666667,35.06666666666667,10.8,24.266666666666666,18.533333333333335,13.933333333333334,1.4826666666666668,7.733333333333333,23.333333333333332,33.48533333333334,25.866666666666667,43.06666666666667,60.35333333333334,17.866666666666667,22.733333333333334,78.13266666666668,2.2666666666666666,7.8,0.6,3.2,18.133333333333333,0.212,13.933333333333334,2.2666666666666666,107.4,80.0,27.4,39.733333333333334,12.866666666666667,30.066666666666666,9.533333333333333,20.533333333333335,12.933333333333334,10.2,1.4520000000000002,9.133333333333333,22.466666666666665,41.69599999999999,19.866666666666667,38.666666666666664,51.954666666666654,12.866666666666667,19.2,67.27,1.4,6.466666666666667,0.714,1.9333333333333333,15.4,0.14066666666666666,10.2,2.0,82.73333333333333
105,107,2010-03-05,5,2,2009-2010,Londrina,Pinheiros,78.06666666666666,23.8,35.333333333333336,18.933333333333334,30.933333333333334,11.066666666666666,19.866666666666667,12.866666666666667,15.333333333333334,0.8933333333333331,7.933333333333334,26.333333333333332,29.87066666666667,17.666666666666668,36.53333333333333,48.63733333333333,18.933333333333334,25.466666666666665,74.14999999999999,0.8,7.133333333333334,0.4866666666666667,2.6666666666666665,20.866666666666667,0.14133333333333334,15.333333333333334,2.1333333333333333,72.53333333333333,90.4,28.2,43.46666666666667,18.733333333333334,28.933333333333334,8.066666666666666,20.866666666666667,14.6,13.8,1.1193333333333335,9.4,23.2,41.007333333333335,21.733333333333334,38.666666666666664,55.60466666666666,18.733333333333334,23.933333333333334,77.938,2.533333333333333,7.266666666666667,0.5513333333333333,3.066666666666667,19.533333333333335,0.17533333333333337,13.8,2.3333333333333335,94.53333333333333
62,95,2010-03-05,5,2,2009-2010,Saldanha,Sesi Franca,72.06666666666666,17.6,43.333333333333336,11.133333333333333,29.466666666666665,8.8,20.666666666666668,8.666666666666666,12.533333333333333,0.6966666666666668,5.866666666666666,19.266666666666666,30.93333333333333,21.666666666666668,43.53333333333333,50.41599999999999,11.133333333333333,19.866666666666667,55.87,1.6,9.0,0.7786666666666666,1.5333333333333334,19.066666666666666,0.08266666666666667,12.533333333333333,3.2,64.2,87.53333333333333,31.0,37.86666666666667,18.666666666666668,27.6,7.0,20.6,12.4,11.466666666666667,1.2393333333333336,10.333333333333334,24.466666666666665,41.76733333333334,18.933333333333334,36.666666666666664,52.433333333333344,18.666666666666668,24.8,74.946,0.6666666666666666,8.066666666666666,0.81,2.0,20.866666666666667,0.10866666666666666,11.466666666666667,2.1333333333333333,88.13333333333334
74,79,2010-03-05,5,2,2009-2010,Joinville,Paulistano,81.33333333333333,29.4,36.0,15.933333333333334,32.3,10.166666666666666,22.133333333333333,12.8,11.9,1.218,9.8,26.766666666666666,36.626666666666665,18.0,37.03333333333333,48.806000000000004,15.933333333333334,21.933333333333334,73.59533333333334,1.5,6.833333333333333,0.6286666666666666,2.2333333333333334,19.5,0.12400000000000003,11.9,2.466666666666667,81.6,76.6,21.2,41.46666666666667,13.933333333333334,29.533333333333335,9.666666666666666,19.866666666666667,12.933333333333334,13.2,1.0693333333333332,7.066666666666666,24.066666666666666,29.15666666666667,20.733333333333334,40.333333333333336,51.74466666666667,13.933333333333334,21.066666666666666,65.47866666666667,1.0,7.8,0.65,2.1333333333333333,21.466666666666665,0.10200000000000001,13.2,2.2666666666666666,72.06666666666666
73,68,2010-03-05,5,2,2009-2010,Espírito Santo,Araraquara,73.73333333333333,20.6,37.733333333333334,15.4,35.2,11.8,23.4,10.466666666666667,14.666666666666666,0.7633333333333333,6.866666666666666,22.133333333333333,30.346,18.866666666666667,38.8,49.074666666666666,15.4,24.4,63.90200000000001,2.1333333333333333,8.333333333333334,0.6313333333333335,2.933333333333333,20.4,0.14266666666666666,14.666666666666666,3.8666666666666667,71.8,77.73333333333333,27.8,38.0,11.933333333333334,29.733333333333334,8.066666666666666,21.666666666666668,15.0,14.466666666666667,1.1073333333333333,9.266666666666667,24.733333333333334,38.326,19.0,36.86666666666667,51.392,11.933333333333334,15.6,75.95333333333333,1.6,7.6,0.5666666666666667,2.7333333333333334,22.0,0.13333333333333333,14.466666666666667,2.7333333333333334,81.33333333333333
64,85,2010-03-07,6,2,2009-2010,Espírito Santo,Sesi Franca,73.33333333333333,19.8,38.266666666666666,15.266666666666667,34.733333333333334,11.6,23.133333333333333,10.133333333333333,14.6,0.7486666666666667,6.6,21.466666666666665,30.229333333333333,19.133333333333333,38.93333333333333,49.662666666666674,15.266666666666667,24.666666666666668,62.23533333333334,2.066666666666667,8.466666666666667,0.6393333333333333,3.066666666666667,20.333333333333332,0.15000000000000002,14.6,3.8,71.06666666666666,87.86666666666666,29.8,38.93333333333333,19.133333333333333,27.8,6.933333333333334,20.866666666666667,12.733333333333333,11.6,1.2553333333333332,9.933333333333334,23.8,41.448,19.466666666666665,36.86666666666667,53.54200000000001,19.133333333333333,25.066666666666666,76.764,0.7333333333333333,8.066666666666666,0.802,2.066666666666667,21.066666666666666,0.11,11.6,2.066666666666667,89.73333333333333
61,70,2010-03-07,6,2,2009-2010,Saldanha,Araraquara,71.33333333333333,16.4,43.6,11.333333333333334,30.066666666666666,9.266666666666667,20.8,8.4,12.466666666666667,0.6780000000000002,5.466666666666667,18.8,29.471999999999994,21.8,43.93333333333333,50.26466666666666,11.333333333333334,19.733333333333334,57.71533333333335,1.6,9.666666666666666,0.84,1.6,19.266666666666666,0.08466666666666665,12.466666666666667,3.4,64.73333333333333,77.4,28.0,37.06666666666667,12.333333333333334,29.466666666666665,7.666666666666667,21.8,14.533333333333333,14.0,1.0906666666666667,9.333333333333334,24.133333333333333,39.27066666666666,18.533333333333335,35.6,52.10733333333334,12.333333333333334,16.533333333333335,74.77600000000001,1.6,7.6,0.5833333333333335,2.3333333333333335,21.8,0.114,14.0,2.7333333333333334,81.26666666666667
63,75,2010-03-07,6,2,2009-2010,Joinville,Pinheiros,79.26666666666667,27.2,36.53333333333333,15.533333333333333,32.833333333333336,10.5,22.333333333333332,12.0,12.1,1.1193333333333333,9.066666666666666,26.033333333333335,35.236,18.266666666666666,37.36666666666667,49.13933333333333,15.533333333333333,21.933333333333334,70.262,1.5666666666666667,6.633333333333334,0.6053333333333334,1.9,19.366666666666667,0.10866666666666669,12.1,2.6666666666666665,78.06666666666666,89.26666666666667,27.4,43.2,18.666666666666668,29.266666666666666,7.933333333333334,21.333333333333332,14.0,14.066666666666666,1.0613333333333332,9.133333333333333,22.4,40.826666666666675,21.6,38.86666666666667,54.947333333333326,18.666666666666668,23.866666666666667,77.88533333333334,2.3333333333333335,7.066666666666666,0.5253333333333334,3.066666666666667,19.066666666666666,0.17666666666666667,14.066666666666666,2.466666666666667,92.86666666666666
75,64,2010-03-07,6,2,2009-2010,Londrina,Paulistano,78.0,25.4,33.6,19.0,31.4,11.133333333333333,20.266666666666666,12.8,15.133333333333333,0.9033333333333331,8.466666666666667,27.0,31.497333333333334,16.8,36.06666666666667,47.09133333333334,19.0,25.133333333333333,75.728,0.8,7.8,0.5453333333333333,2.4,20.933333333333334,0.12333333333333334,15.133333333333333,2.0,73.33333333333333,75.2,21.2,40.266666666666666,13.733333333333333,29.733333333333334,9.733333333333333,20.0,12.133333333333333,13.733333333333333,0.9493333333333333,7.066666666666666,24.333333333333332,28.839333333333332,20.133333333333333,39.93333333333333,50.75333333333333,13.733333333333333,20.6,66.72466666666666,1.0,7.666666666666667,0.6039999999999999,2.2,21.466666666666665,0.10533333333333333,13.733333333333333,2.466666666666667,69.26666666666667
114,113,2010-03-07,6,2,2009-2010,Minas,Bauru Basket,91.53333333333333,25.4,50.13333333333333,16.0,35.06666666666667,10.866666666666667,24.2,20.4,15.133333333333333,1.3886666666666667,8.466666666666667,22.2,38.21133333333332,25.066666666666666,44.53333333333333,56.03999999999999,16.0,20.2,76.93666666666667,0.8,7.4,0.508,2.466666666666667,21.266666666666666,0.12333333333333334,15.133333333333333,2.2666666666666666,104.33333333333333,82.6,27.6,41.333333333333336,13.666666666666666,29.6,9.733333333333333,19.866666666666667,13.333333333333334,9.8,1.5686666666666667,9.2,22.133333333333333,42.32466666666666,20.666666666666668,39.93333333333333,52.23733333333333,13.666666666666666,20.4,67.12733333333333,1.4666666666666666,6.6,0.7639999999999999,2.066666666666667,16.0,0.14266666666666666,9.8,2.066666666666667,85.46666666666667
101,62,2010-03-07,6,2,2009-2010,Brasília,Assis,95.0,24.8,52.93333333333333,17.266666666666666,35.53333333333333,10.733333333333333,24.8,19.133333333333333,13.133333333333333,1.5599999999999998,8.266666666666667,24.133333333333333,34.30533333333333,26.466666666666665,43.13333333333333,62.02333333333333,17.266666666666666,22.2,76.57733333333336,2.466666666666667,7.933333333333334,0.6166666666666667,3.2666666666666666,17.533333333333335,0.21866666666666665,13.133333333333333,2.466666666666667,110.26666666666667,76.86666666666666,24.2,37.733333333333334,14.933333333333334,31.133333333333333,9.133333333333333,22.0,10.666666666666666,11.6,1.1193333333333333,8.066666666666666,24.466666666666665,33.07666666666667,18.866666666666667,36.4,52.080666666666666,14.933333333333334,21.266666666666666,69.196,1.6,5.6,0.5359999999999999,2.4,18.666666666666668,0.13,11.6,2.7333333333333334,74.8
101,89,2010-03-07,5,2,2009-2010,Flamengo,Coop/São José Basketball,92.13333333333334,33.2,42.93333333333333,16.0,32.06666666666667,7.6,24.466666666666665,13.533333333333333,11.466666666666667,1.3453333333333333,11.066666666666666,26.4,42.052666666666674,21.466666666666665,37.666666666666664,56.879333333333335,16.0,21.733333333333334,74.62599999999999,2.0,10.266666666666667,1.0013333333333334,2.8,19.266666666666666,0.15066666666666664,11.466666666666667,1.6666666666666667,102.06666666666666,77.2,27.2,37.333333333333336,12.666666666666666,32.0,10.466666666666667,21.533333333333335,17.2,14.333333333333334,1.2766666666666666,9.066666666666666,27.133333333333333,32.98466666666666,18.666666666666668,32.266666666666666,57.99066666666667,12.666666666666666,19.333333333333332,66.24933333333334,1.4,7.4,0.5640000000000001,1.6,19.266666666666666,0.08466666666666668,14.333333333333334,1.2666666666666666,82.73333333333333
77,96,2010-03-12,7,2,2009-2010,Brasília,Minas,93.6,23.8,52.93333333333333,16.866666666666667,35.2,10.8,24.4,18.8,12.333333333333334,1.6673333333333331,7.933333333333334,24.2,32.63133333333334,26.466666666666665,43.06666666666667,62.107333333333344,16.866666666666667,21.733333333333334,76.31466666666665,2.066666666666667,8.066666666666666,0.6906666666666668,3.6,17.533333333333335,0.23666666666666666,12.333333333333334,2.2,109.2,91.2,26.0,49.733333333333334,15.466666666666667,34.53333333333333,10.333333333333334,24.2,20.933333333333334,15.333333333333334,1.4060000000000001,8.666666666666666,21.4,40.75800000000001,24.866666666666667,44.333333333333336,55.818,15.466666666666667,19.333333333333332,77.50800000000001,0.8666666666666667,7.0,0.47,2.3333333333333335,21.266666666666666,0.11666666666666667,15.333333333333334,2.466666666666667,104.6
81,73,2010-03-12,7,2,2009-2010,Sesi Franca,Londrina,86.2,27.6,39.2,19.4,28.0,7.2,20.8,12.8,11.333333333333334,1.2853333333333332,9.2,23.2,39.756,19.6,37.4,53.118,19.4,25.066666666666666,78.03333333333333,0.8666666666666667,8.4,0.8420000000000001,2.2,20.8,0.11866666666666666,11.333333333333334,2.0,88.8,78.26666666666667,26.4,33.46666666666667,18.4,30.266666666666666,10.333333333333334,19.933333333333334,12.666666666666666,14.866666666666667,0.9073333333333332,8.8,27.466666666666665,32.212,16.733333333333334,35.46666666666667,47.53866666666667,18.4,24.466666666666665,75.46133333333333,0.8666666666666667,7.8,0.5519999999999999,2.4,21.066666666666666,0.12199999999999998,14.866666666666667,2.0,73.06666666666666
94,72,2010-03-12,7,2,2009-2010,Bauru Basket,Saldanha,84.26666666666667,28.2,42.13333333333333,13.933333333333334,29.733333333333334,9.866666666666667,19.866666666666667,13.733333333333333,9.733333333333333,1.6106666666666667,9.4,22.2,43.035999999999994,21.066666666666666,40.13333333333333,52.94533333333333,13.933333333333334,20.733333333333334,67.36533333333333,1.6,6.266666666666667,0.7386666666666666,1.9333333333333333,16.533333333333335,0.12266666666666666,9.733333333333333,2.2,87.53333333333333,71.13333333333334,15.4,44.4,11.333333333333334,30.2,9.266666666666667,20.933333333333334,8.466666666666667,12.066666666666666,0.7180000000000001,5.133333333333334,18.066666666666666,29.027333333333335,22.2,44.93333333333333,49.97666666666666,11.333333333333334,19.533333333333335,58.30733333333334,1.6,9.333333333333334,0.8320000000000001,1.8,19.466666666666665,0.09466666666666666,12.066666666666666,3.3333333333333335,65.0
89,75,2010-03-12,7,2,2009-2010,Assis,Espírito Santo,78.6,25.8,37.86666666666667,14.933333333333334,30.4,8.6,21.8,11.266666666666667,11.533333333333333,1.1793333333333331,8.6,24.866666666666667,35.041333333333334,18.933333333333334,35.53333333333333,53.470000000000006,14.933333333333334,21.266666666666666,69.196,1.7333333333333334,5.933333333333334,0.5673333333333334,2.466666666666667,18.733333333333334,0.13266666666666668,11.533333333333333,2.7333333333333334,77.93333333333334,74.73333333333333,21.2,38.4,15.133333333333333,33.6,11.6,22.0,9.8,14.066666666666666,0.7420000000000001,7.066666666666666,22.066666666666666,32.258,19.2,38.6,50.34933333333334,15.133333333333333,24.066666666666666,63.11400000000001,2.066666666666667,8.466666666666667,0.6486666666666668,2.7333333333333334,20.2,0.13266666666666665,14.066666666666666,3.7333333333333334,71.93333333333334
95,90,2010-03-12,7,2,2009-2010,Paulistano,Coop/São José Basketball,78.06666666666666,21.8,41.86666666666667,14.4,29.933333333333334,9.8,20.133333333333333,12.666666666666666,14.333333333333334,0.9179999999999998,7.266666666666667,24.133333333333333,30.13133333333333,20.933333333333334,39.53333333333333,53.518,14.4,21.533333333333335,67.09266666666666,1.1333333333333333,7.733333333333333,0.5553333333333333,2.1333333333333333,21.533333333333335,0.10133333333333334,14.333333333333334,2.933333333333333,73.6,77.6,28.2,36.4,13.0,31.333333333333332,9.933333333333334,21.4,17.066666666666666,14.6,1.2193333333333334,9.4,27.2,33.906,18.2,32.13333333333333,56.62,13.0,19.6,66.966,1.3333333333333333,7.533333333333333,0.5640000000000001,1.5333333333333334,19.533333333333335,0.08133333333333334,14.6,1.4,82.13333333333334
90,93,2010-03-12,7,2,2009-2010,Araraquara,Joinville,78.0,28.0,37.6,12.4,28.933333333333334,7.266666666666667,21.666666666666668,14.2,13.6,1.0953333333333333,9.333333333333334,23.533333333333335,40.22133333333332,18.8,35.93333333333333,52.269999999999996,12.4,16.666666666666668,74.62400000000001,1.8,7.666666666666667,0.5980000000000001,2.066666666666667,21.8,0.10200000000000002,13.6,2.7333333333333334,81.66666666666667,78.26666666666667,27.4,34.8,16.066666666666666,32.36666666666667,10.1,22.266666666666666,11.933333333333334,12.366666666666667,1.0893333333333333,9.133333333333333,26.366666666666667,34.95666666666667,17.4,36.43333333333333,48.391333333333336,16.066666666666666,22.6,70.31466666666667,1.3666666666666667,6.433333333333334,0.5793333333333333,1.7666666666666666,19.233333333333334,0.10266666666666668,12.366666666666667,2.6,75.6
79,83,2010-03-12,7,2,2009-2010,Pinheiros,Flamengo,89.46666666666667,27.2,43.06666666666667,19.2,29.666666666666668,8.066666666666666,21.6,14.266666666666667,13.866666666666667,1.0893333333333335,9.066666666666666,23.333333333333332,39.220666666666666,21.533333333333335,38.13333333333333,55.97,19.2,24.533333333333335,78.32133333333331,2.4,6.866666666666666,0.5173333333333334,2.8666666666666667,19.333333333333332,0.16266666666666665,13.866666666666667,2.2,93.06666666666666,91.06666666666666,33.0,42.53333333333333,15.533333333333333,31.933333333333334,7.666666666666667,24.266666666666666,13.933333333333334,11.6,1.364,11.0,26.6,41.403999999999996,21.266666666666666,37.6,56.38066666666667,15.533333333333333,21.0,75.27600000000001,2.2666666666666666,10.0,0.97,2.7333333333333334,19.533333333333335,0.14666666666666667,11.6,1.6,100.66666666666667
91,77,2010-03-14,8,2,2009-2010,Sesi Franca,Joinville,87.53333333333333,27.6,40.4,19.533333333333335,28.8,7.2,21.6,13.133333333333333,11.4,1.3106666666666666,9.2,23.266666666666666,39.663999999999994,20.2,37.6,54.674,19.533333333333335,25.533333333333335,77.08133333333333,0.8666666666666667,8.666666666666666,0.8633333333333333,2.2666666666666666,21.133333333333333,0.12066666666666666,11.4,2.0,91.53333333333333,78.6,27.8,35.2,15.6,31.433333333333334,9.1,22.333333333333332,12.6,12.566666666666666,1.1326666666666665,9.266666666666667,25.966666666666665,35.758,17.6,35.766666666666666,49.648,15.6,22.266666666666666,69.51466666666666,1.5,6.7,0.592,1.9,19.233333333333334,0.10800000000000003,12.566666666666666,2.3333333333333335,77.13333333333334
81,74,2010-03-14,8,2,2009-2010,Araraquara,Londrina,79.33333333333333,28.4,38.13333333333333,12.8,29.333333333333332,7.533333333333333,21.8,14.2,13.733333333333333,1.0893333333333333,9.466666666666667,23.466666666666665,41.028666666666666,19.066666666666666,36.266666666666666,52.49733333333333,12.8,17.0,76.09866666666667,1.9333333333333333,8.066666666666666,0.6226666666666667,2.2,22.0,0.10866666666666669,13.733333333333333,2.7333333333333334,84.0,77.46666666666667,25.2,34.266666666666666,18.0,29.6,9.733333333333333,19.866666666666667,12.866666666666667,14.8,0.9246666666666665,8.4,26.266666666666666,32.32533333333333,17.133333333333333,35.46666666666667,48.68133333333333,18.0,24.0,75.20933333333333,0.8666666666666667,7.533333333333333,0.5373333333333333,2.3333333333333335,21.0,0.11866666666666667,14.8,2.2,72.8
79,56,2010-03-14,8,2,2009-2010,Assis,Saldanha,79.6,27.0,38.13333333333333,14.466666666666667,31.866666666666667,9.333333333333334,22.533333333333335,11.666666666666666,11.466666666666667,1.2126666666666666,9.0,25.2,36.441333333333326,19.066666666666666,36.0,53.19266666666667,14.466666666666667,20.866666666666667,68.30733333333335,1.7333333333333334,6.0,0.5746666666666668,2.533333333333333,18.933333333333334,0.136,11.466666666666667,2.6,80.66666666666667,69.93333333333334,14.6,44.13333333333333,11.2,30.0,9.333333333333334,20.666666666666668,8.4,12.4,0.7026666666666668,4.866666666666666,17.8,28.027333333333335,22.066666666666666,45.6,48.395999999999994,11.2,19.266666666666666,58.529333333333334,1.6,9.666666666666666,0.8433333333333334,1.8,19.333333333333332,0.09533333333333331,12.4,3.4,62.86666666666667
70,71,2010-03-14,8,2,2009-2010,Pinheiros,Coop/São José Basketball,89.06666666666666,26.6,43.86666666666667,18.6,29.866666666666667,8.266666666666667,21.6,14.466666666666667,13.466666666666667,1.1239999999999999,8.866666666666667,23.4,38.258666666666656,21.933333333333334,39.0,55.99733333333332,18.6,23.4,79.58266666666665,2.3333333333333335,6.6,0.5106666666666667,3.066666666666667,18.933333333333334,0.17266666666666666,13.466666666666667,2.3333333333333335,93.2,77.86666666666666,29.0,36.13333333333333,12.733333333333333,32.0,10.133333333333333,21.866666666666667,17.533333333333335,14.4,1.28,9.666666666666666,27.866666666666667,34.461333333333336,18.066666666666666,32.266666666666666,56.032666666666664,12.733333333333333,19.2,66.82933333333334,1.2666666666666666,7.0,0.532,1.6666666666666667,19.4,0.08800000000000002,14.4,1.4666666666666666,82.8
80,72,2010-03-14,8,2,2009-2010,Bauru Basket,Espírito Santo,83.73333333333333,26.6,42.666666666666664,14.466666666666667,28.733333333333334,9.133333333333333,19.6,12.866666666666667,9.466666666666667,1.5659999999999998,8.866666666666667,20.933333333333334,42.507333333333335,21.333333333333332,40.8,52.57066666666667,14.466666666666667,20.866666666666667,69.30999999999999,1.4,6.133333333333334,0.7439999999999999,1.8666666666666667,16.333333333333332,0.11933333333333333,9.466666666666667,2.3333333333333335,85.93333333333334,74.13333333333334,21.0,38.13333333333333,15.0,32.06666666666667,10.8,21.266666666666666,9.8,13.933333333333334,0.7513333333333334,7.0,21.866666666666667,32.316,19.066666666666666,37.6,51.252,15.0,23.266666666666666,64.926,1.7333333333333334,7.866666666666666,0.6053333333333334,2.466666666666667,19.533333333333335,0.12399999999999999,13.933333333333334,3.8,70.73333333333333
77,86,2010-03-14,8,2,2009-2010,Paulistano,Flamengo,78.46666666666667,21.8,41.733333333333334,14.933333333333334,30.466666666666665,10.4,20.066666666666666,12.866666666666667,15.266666666666667,0.8793333333333333,7.266666666666667,23.733333333333334,30.390666666666668,20.866666666666667,40.2,52.184666666666665,14.933333333333334,21.933333333333334,68.52866666666667,1.2,7.933333333333334,0.5266666666666667,2.2,21.4,0.10533333333333333,15.266666666666667,3.1333333333333333,73.86666666666666,92.2,33.6,43.86666666666667,14.733333333333333,31.733333333333334,7.333333333333333,24.4,14.733333333333333,12.0,1.391333333333333,11.2,26.6,42.173333333333325,21.933333333333334,38.0,57.81266666666667,14.733333333333333,19.8,75.03333333333333,2.3333333333333335,9.866666666666667,0.9499999999999998,2.533333333333333,19.6,0.13866666666666666,12.0,1.6666666666666667,102.53333333333333
78,70,2010-03-19,9,2,2009-2010,Flamengo,Sesi Franca,91.8,33.6,44.13333333333333,14.066666666666666,32.2,7.666666666666667,24.533333333333335,14.4,11.866666666666667,1.378,11.2,26.4,42.42,22.066666666666666,38.46666666666667,57.368,14.066666666666666,18.866666666666667,75.66799999999999,2.1333333333333333,9.666666666666666,0.942,2.3333333333333335,19.133333333333333,0.13133333333333333,11.866666666666667,1.7333333333333334,102.13333333333334,85.93333333333334,26.8,40.266666666666666,18.866666666666667,28.933333333333334,7.333333333333333,21.6,13.533333333333333,11.533333333333333,1.3293333333333335,8.933333333333334,23.0,39.186,20.133333333333333,38.2,52.94533333333333,18.866666666666667,24.666666666666668,77.36333333333333,0.8666666666666667,9.333333333333334,0.9066666666666667,2.2666666666666666,20.666666666666668,0.12200000000000001,11.533333333333333,2.4,90.53333333333333
72,81,2010-03-19,9,2,2009-2010,Saldanha,Minas,70.4,14.4,45.46666666666667,10.533333333333333,29.533333333333335,9.066666666666666,20.466666666666665,8.333333333333334,11.733333333333333,0.7379999999999999,4.8,17.2,28.682,22.733333333333334,46.266666666666666,49.09066666666667,10.533333333333333,18.6,57.198666666666675,1.6666666666666667,8.933333333333334,0.8320000000000001,1.8,19.133333333333333,0.09666666666666668,11.733333333333333,3.3333333333333335,63.266666666666666,91.06666666666666,24.8,50.8,15.466666666666667,34.333333333333336,10.266666666666667,24.066666666666666,20.533333333333335,14.866666666666667,1.442666666666667,8.266666666666667,20.866666666666667,39.91066666666667,25.4,44.86666666666667,56.44866666666666,15.466666666666667,19.333333333333332,77.50800000000001,0.8666666666666667,6.733333333333333,0.4553333333333333,2.6666666666666665,21.066666666666666,0.13866666666666666,14.866666666666667,2.3333333333333335,104.53333333333333
96,89,2010-03-19,9,2,2009-2010,Coop/São José Basketball,Araraquara,80.26666666666667,30.0,36.8,13.466666666666667,31.666666666666668,10.133333333333333,21.533333333333335,18.0,14.4,1.3186666666666664,10.0,27.866666666666667,35.79466666666667,18.4,32.53333333333333,56.592,13.466666666666667,20.0,67.452,1.2666666666666666,7.133333333333334,0.5433333333333334,1.9333333333333333,20.2,0.09933333333333334,14.4,1.4666666666666666,86.06666666666666,80.06666666666666,27.2,39.733333333333334,13.133333333333333,30.2,8.066666666666666,22.133333333333333,14.0,14.266666666666667,1.034,9.066666666666666,23.133333333333333,39.88866666666667,19.866666666666667,37.0,53.458,13.133333333333333,17.666666666666668,75.47666666666667,1.8,8.266666666666667,0.616,2.1333333333333333,22.0,0.10533333333333333,14.266666666666667,2.7333333333333334,84.66666666666667
85,80,2010-03-19,9,2,2009-2010,Paulistano,Pinheiros,80.0,22.4,42.8,14.8,30.2,10.2,20.0,13.066666666666666,14.6,0.9380000000000002,7.466666666666667,23.733333333333334,31.34333333333333,21.4,40.46666666666667,53.169999999999995,14.8,21.533333333333335,69.4,1.2666666666666666,7.733333333333333,0.5373333333333333,1.8666666666666667,21.6,0.08800000000000001,14.6,2.8666666666666667,76.2,88.53333333333333,26.0,43.733333333333334,18.8,29.733333333333334,8.333333333333334,21.4,14.266666666666667,13.6,1.0893333333333335,8.666666666666666,22.666666666666668,38.69266666666666,21.866666666666667,39.6,54.852,18.8,23.733333333333334,79.24933333333334,2.066666666666667,6.6,0.5053333333333333,3.4,19.133333333333333,0.18866666666666668,13.6,2.4,92.26666666666667
75,74,2010-03-19,9,2,2009-2010,Joinville,Assis,78.86666666666666,27.2,35.733333333333334,15.933333333333334,30.766666666666666,8.7,22.066666666666666,12.466666666666667,12.5,1.1280000000000001,9.066666666666666,25.566666666666666,35.628,17.866666666666667,35.766666666666666,50.45666666666666,15.933333333333334,23.0,67.892,1.4333333333333333,5.966666666666667,0.5513333333333335,1.7666666666666666,18.966666666666665,0.10066666666666668,12.5,2.466666666666667,75.86666666666666,78.93333333333334,27.0,37.86666666666667,14.066666666666666,31.4,9.2,22.2,11.4,11.266666666666667,1.2293333333333332,9.0,25.333333333333332,36.239333333333335,18.933333333333334,35.86666666666667,53.048,14.066666666666666,20.4,67.60133333333334,1.6,6.333333333333333,0.6559999999999999,2.466666666666667,18.933333333333334,0.132,11.266666666666667,2.533333333333333,79.66666666666667
85,92,2010-03-19,9,2,2009-2010,Espírito Santo,Brasília,74.8,22.0,37.6,15.2,31.533333333333335,10.733333333333333,20.8,9.6,14.066666666666666,0.7306666666666667,7.333333333333333,22.066666666666666,33.364,18.8,37.6,50.418666666666674,15.2,23.6,64.76533333333334,1.8666666666666667,7.6,0.5846666666666666,2.4,19.733333333333334,0.12000000000000001,14.066666666666666,3.7333333333333334,69.93333333333334,93.86666666666666,23.8,52.93333333333333,17.133333333333333,34.2,10.4,23.8,18.666666666666668,11.8,1.7346666666666668,7.933333333333334,23.8,33.22066666666667,26.466666666666665,43.0,62.21133333333333,17.133333333333333,22.066666666666666,76.47533333333334,1.9333333333333333,8.333333333333334,0.764,3.2,18.0,0.2073333333333333,11.8,2.1333333333333333,109.13333333333334
76,86,2010-03-21,10,2,2009-2010,Londrina,Assis,78.53333333333333,25.8,34.8,17.933333333333334,29.333333333333332,9.933333333333334,19.4,13.133333333333333,14.4,0.9719999999999999,8.6,27.333333333333332,31.774000000000004,17.4,34.733333333333334,50.75266666666666,17.933333333333334,23.866666666666667,75.336,0.7333333333333333,7.266666666666667,0.53,2.4,21.2,0.12133333333333332,14.4,1.8666666666666667,74.26666666666667,80.2,27.8,38.266666666666666,14.133333333333333,32.13333333333333,9.333333333333334,22.8,11.6,10.8,1.2706666666666666,9.266666666666667,25.733333333333334,36.57266666666666,19.133333333333333,36.06666666666667,53.37066666666667,14.133333333333333,20.0,70.518,1.6666666666666667,6.533333333333333,0.6839999999999999,2.1333333333333333,18.6,0.11733333333333335,10.8,2.6,82.53333333333333
83,77,2010-03-21,10,2,2009-2010,Coop/São José Basketball,Sesi Franca,80.4,29.4,36.8,14.2,31.933333333333334,10.533333333333333,21.4,17.466666666666665,14.0,1.3199999999999998,9.8,28.133333333333333,34.752,18.4,33.0,55.73466666666666,14.2,20.8,67.928,1.6,7.133333333333334,0.5606666666666666,2.066666666666667,20.6,0.10400000000000001,14.0,1.5333333333333334,85.46666666666667,86.26666666666667,26.4,41.06666666666667,18.8,28.933333333333334,7.133333333333334,21.8,13.533333333333333,11.533333333333333,1.3293333333333333,8.8,22.8,38.82866666666666,20.533333333333335,38.666666666666664,53.346666666666664,18.8,24.466666666666665,77.682,0.8666666666666667,9.333333333333334,0.9066666666666667,2.3333333333333335,21.0,0.12399999999999999,11.533333333333333,2.3333333333333335,91.06666666666666
76,75,2010-03-21,10,2,2009-2010,Saldanha,Brasília,70.93333333333334,13.6,46.93333333333333,10.4,29.4,8.866666666666667,20.533333333333335,8.733333333333333,12.0,0.7466666666666665,4.533333333333333,16.333333333333332,28.883999999999997,23.466666666666665,47.46666666666667,49.32866666666667,10.4,18.4,56.78866666666667,1.8,9.333333333333334,0.844,1.9333333333333333,18.933333333333334,0.10533333333333335,12.0,3.2666666666666666,64.53333333333333,92.46666666666667,23.4,52.266666666666666,16.8,33.8,10.0,23.8,17.8,11.266666666666667,1.7513333333333336,7.8,23.0,33.31933333333334,26.133333333333333,42.4,62.26800000000001,16.8,21.466666666666665,76.96933333333332,1.8,8.066666666666666,0.8306666666666668,3.0,18.133333333333333,0.1913333333333333,11.266666666666667,2.066666666666667,107.73333333333333
65,61,2010-03-21,10,2,2009-2010,Joinville,Bauru Basket,77.13333333333334,26.6,35.333333333333336,15.2,31.9,8.966666666666667,22.933333333333334,12.0,12.9,1.0333333333333337,8.866666666666667,25.7,34.77066666666666,17.666666666666668,36.166666666666664,49.04200000000001,15.2,22.133333333333333,67.12266666666666,1.4333333333333333,6.233333333333333,0.552,1.9,18.766666666666666,0.10866666666666669,12.9,2.466666666666667,74.0,82.6,25.8,41.86666666666667,14.933333333333334,28.266666666666666,8.8,19.466666666666665,11.8,9.4,1.4380000000000002,8.6,20.666666666666668,41.745333333333335,20.933333333333334,41.13333333333333,51.042666666666676,14.933333333333334,21.066666666666666,71.17266666666666,1.4666666666666666,6.733333333333333,0.832,1.8,16.4,0.114,9.4,2.2666666666666666,83.4
69,72,2010-03-21,10,2,2009-2010,Espírito Santo,Minas,75.0,22.4,37.6,15.0,31.133333333333333,10.6,20.533333333333335,10.0,14.133333333333333,0.7586666666666667,7.466666666666667,22.133333333333333,33.88333333333333,18.8,36.93333333333333,51.26466666666667,15.0,23.2,65.05133333333333,1.8,7.0,0.528,2.3333333333333335,19.466666666666665,0.11866666666666668,14.133333333333333,3.6666666666666665,70.33333333333333,89.93333333333334,24.2,50.13333333333333,15.6,34.06666666666667,9.8,24.266666666666666,20.266666666666666,14.8,1.4266666666666667,8.066666666666666,20.466666666666665,40.053333333333335,25.066666666666666,44.2,56.52733333333333,15.6,19.466666666666665,77.69333333333333,0.8666666666666667,6.8,0.4646666666666667,2.6666666666666665,21.2,0.13799999999999998,14.8,2.4,103.53333333333333
98,71,2010-03-21,10,2,2009-2010,Flamengo,Araraquara,92.86666666666666,34.4,43.86666666666667,14.6,32.333333333333336,7.466666666666667,24.866666666666667,15.4,12.4,1.4159999999999997,11.466666666666667,26.4,43.48666666666667,21.933333333333334,37.93333333333333,57.87266666666667,14.6,19.933333333333334,74.05199999999999,2.2666666666666666,9.733333333333333,0.9099999999999998,2.466666666666667,20.066666666666666,0.136,12.4,2.2,104.13333333333334,79.46666666666667,26.6,38.53333333333333,14.333333333333334,29.933333333333334,7.8,22.133333333333333,13.6,14.333333333333334,1.0006666666666666,8.866666666666667,23.0,39.33533333333334,19.266666666666666,36.666666666666664,52.11933333333332,14.333333333333334,19.2,74.36533333333334,1.7333333333333334,8.0,0.5946666666666667,2.0,22.2,0.09866666666666667,14.333333333333334,2.533333333333333,82.26666666666667
74,87,2010-03-23,9,2,2009-2010,Londrina,Bauru Basket,77.46666666666667,25.8,34.13333333333333,17.533333333333335,29.4,9.666666666666666,19.733333333333334,12.666666666666666,13.533333333333333,1.1226666666666667,8.6,27.533333333333335,31.578666666666663,17.066666666666666,35.06666666666667,49.05666666666666,17.533333333333335,23.4,74.90466666666666,0.7333333333333333,7.066666666666666,0.5566666666666668,2.2,21.0,0.11333333333333333,13.533333333333333,1.6,72.46666666666667,84.0,26.8,42.4,14.8,28.666666666666668,8.8,19.866666666666667,12.8,9.0,1.5420000000000003,8.933333333333334,20.666666666666668,43.70666666666667,21.2,41.86666666666667,50.772666666666666,14.8,20.2,73.9,1.4666666666666666,6.666666666666667,0.832,1.7333333333333334,16.4,0.10866666666666666,9.0,2.1333333333333333,87.06666666666666
106,81,2010-03-26,11,2,2009-2010,Brasília,Joinville,93.46666666666667,23.4,52.666666666666664,17.4,33.86666666666667,10.066666666666666,23.8,17.6,11.533333333333333,1.6673333333333333,7.8,23.066666666666666,33.23533333333334,26.333333333333332,42.93333333333333,61.77933333333335,17.4,22.133333333333333,77.34466666666667,2.2,8.266666666666667,0.828,3.2,18.133333333333333,0.204,11.533333333333333,1.8666666666666667,108.26666666666667,78.06666666666666,27.0,35.86666666666667,15.2,31.9,8.7,23.2,12.333333333333334,13.5,1.0126666666666668,9.0,25.5,35.542,17.933333333333334,36.56666666666667,49.23066666666668,15.2,21.933333333333334,67.96333333333332,1.4333333333333333,5.766666666666667,0.4760000000000001,1.8333333333333333,19.166666666666668,0.10200000000000002,13.5,2.6666666666666665,74.53333333333333
94,90,2010-03-26,11,2,2009-2010,Araraquara,Pinheiros,80.93333333333334,26.2,39.6,15.133333333333333,30.0,7.6,22.4,14.0,14.4,1.0273333333333332,8.733333333333333,22.666666666666668,39.202000000000005,19.8,36.8,53.25399999999999,15.133333333333333,20.133333333333333,74.40333333333334,1.7333333333333334,7.733333333333333,0.564,1.8666666666666667,23.066666666666666,0.08533333333333334,14.4,2.6666666666666665,84.2,89.4,25.2,44.53333333333333,19.666666666666668,30.0,8.666666666666666,21.333333333333332,14.8,13.6,1.1246666666666667,8.4,22.266666666666666,38.29666666666666,22.266666666666666,40.53333333333333,54.68533333333333,19.666666666666668,24.8,79.29266666666668,2.1333333333333333,6.733333333333333,0.5139999999999999,3.4,19.666666666666668,0.1873333333333333,13.6,2.466666666666667,93.46666666666667
88,85,2010-03-26,11,2,2009-2010,Sesi Franca,Paulistano,85.8,26.2,40.93333333333333,18.666666666666668,28.266666666666666,6.666666666666667,21.6,13.2,11.2,1.3313333333333333,8.733333333333333,22.6,38.85933333333333,20.466666666666665,38.0,54.23,18.666666666666668,24.6,76.77333333333333,0.8666666666666667,9.466666666666667,0.9353333333333335,2.4,20.866666666666667,0.12733333333333335,11.2,2.466666666666667,90.6,81.4,23.8,42.8,14.8,30.333333333333332,10.2,20.133333333333333,13.533333333333333,14.666666666666666,0.9746666666666667,7.933333333333334,23.8,33.760666666666665,21.4,40.4,53.28666666666667,14.8,21.4,69.78666666666666,1.3333333333333333,7.6,0.5213333333333333,1.8,21.933333333333334,0.08466666666666668,14.666666666666666,2.8666666666666667,78.53333333333333
101,80,2010-03-26,11,2,2009-2010,Minas,Londrina,89.86666666666666,23.6,49.733333333333334,16.533333333333335,33.333333333333336,9.4,23.933333333333334,20.666666666666668,14.333333333333334,1.4933333333333332,7.866666666666666,20.133333333333333,39.67866666666667,24.866666666666667,43.86666666666667,56.55200000000001,16.533333333333335,20.333333333333332,78.62733333333333,1.0666666666666667,7.2,0.5046666666666666,2.933333333333333,21.4,0.15200000000000002,14.333333333333334,2.466666666666667,104.6,77.26666666666667,25.6,34.93333333333333,16.733333333333334,29.0,9.466666666666667,19.533333333333335,12.466666666666667,13.6,1.1106666666666665,8.533333333333333,26.666666666666668,31.901999999999997,17.466666666666665,35.46666666666667,49.471999999999994,16.733333333333334,22.533333333333335,74.93599999999999,0.7333333333333333,6.733333333333333,0.538,2.0,20.733333333333334,0.10600000000000002,13.6,1.6666666666666667,71.93333333333334
83,57,2010-03-26,11,2,2009-2010,Saldanha,Espírito Santo,71.73333333333333,13.8,47.06666666666667,10.866666666666667,29.8,9.066666666666666,20.733333333333334,8.866666666666667,11.866666666666667,0.7926666666666666,4.6,15.6,30.572,23.533333333333335,47.6,49.32133333333333,10.866666666666667,19.066666666666666,57.01066666666667,1.8666666666666667,9.2,0.8593333333333334,2.066666666666667,19.2,0.11133333333333335,11.866666666666667,3.3333333333333335,66.53333333333333,74.2,21.8,37.06666666666667,15.333333333333334,30.2,10.0,20.2,9.333333333333334,13.666666666666666,0.7113333333333334,7.266666666666667,21.666666666666668,33.498000000000005,18.533333333333335,36.6,50.95,15.333333333333334,23.666666666666668,65.34733333333334,1.7333333333333334,7.133333333333334,0.5753333333333334,2.2,20.0,0.11066666666666668,13.666666666666666,3.933333333333333,68.6
108,105,2010-03-26,11,2,2009-2010,Bauru Basket,Flamengo,86.73333333333333,28.2,42.53333333333333,16.0,29.0,9.333333333333334,19.666666666666668,12.866666666666667,9.066666666666666,1.5420000000000003,9.4,21.8,43.748666666666665,21.266666666666666,41.266666666666666,51.74266666666667,16.0,21.4,74.9,1.5333333333333334,6.466666666666667,0.8126666666666668,1.6666666666666667,16.8,0.10066666666666667,9.066666666666666,1.9333333333333333,89.86666666666666,95.13333333333334,36.0,44.53333333333333,14.6,31.2,7.133333333333334,24.066666666666666,15.266666666666667,12.6,1.3739999999999997,12.0,26.6,45.220000000000006,22.266666666666666,37.666666666666664,59.196000000000005,14.6,19.866666666666667,74.28999999999999,2.2666666666666666,10.0,0.9106666666666666,2.4,20.133333333333333,0.13266666666666668,12.6,2.1333333333333333,106.13333333333334
84,89,2010-03-26,11,2,2009-2010,Assis,Coop/São José Basketball,79.73333333333333,28.2,37.6,13.933333333333334,31.733333333333334,9.533333333333333,22.2,12.666666666666666,10.8,1.346666666666667,9.4,25.866666666666667,36.842,18.8,36.0,52.52933333333333,13.933333333333334,19.6,71.086,1.8,6.666666666666667,0.6933333333333334,1.8666666666666667,18.533333333333335,0.10066666666666668,10.8,2.8666666666666667,82.53333333333333,82.6,31.2,37.333333333333336,14.066666666666666,31.133333333333333,10.133333333333333,21.0,18.0,13.333333333333334,1.4006666666666665,10.4,29.0,35.68600000000001,18.666666666666668,32.6,57.51266666666666,14.066666666666666,20.333333333333332,69.06866666666666,1.4666666666666666,7.066666666666666,0.5713333333333334,2.066666666666667,20.866666666666667,0.10266666666666667,13.333333333333334,1.3333333333333333,88.73333333333333
60,95,2010-03-28,12,2,2009-2010,Assis,Flamengo,77.86666666666666,27.4,36.8,13.666666666666666,31.533333333333335,9.6,21.933333333333334,12.666666666666666,10.4,1.3706666666666663,9.133333333333333,26.333333333333332,35.49866666666666,18.4,36.0,51.196000000000005,13.666666666666666,19.066666666666666,71.76933333333334,1.5333333333333334,6.533333333333333,0.6986666666666667,1.8,18.466666666666665,0.09800000000000002,10.4,2.6666666666666665,79.8,96.53333333333333,36.0,45.06666666666667,15.466666666666667,32.13333333333333,7.266666666666667,24.866666666666667,15.266666666666667,12.133333333333333,1.4066666666666667,12.0,27.066666666666666,44.44200000000001,22.533333333333335,37.333333333333336,60.324,15.466666666666667,21.0,74.07333333333332,2.533333333333333,9.866666666666667,0.9246666666666667,2.0,20.2,0.10533333333333335,12.133333333333333,2.1333333333333333,108.26666666666667
104,79,2010-03-28,12,2,2009-2010,Bauru Basket,Coop/São José Basketball,88.0,29.4,42.8,15.8,29.0,9.2,19.8,13.4,9.733333333333333,1.4133333333333336,9.8,21.666666666666668,45.67333333333333,21.4,40.53333333333333,53.27866666666667,15.8,21.266666666666666,74.47066666666666,1.4666666666666666,6.4,0.7126666666666668,1.7333333333333334,17.0,0.10333333333333333,9.733333333333333,2.066666666666667,92.33333333333333,83.6,31.8,37.46666666666667,14.333333333333334,30.4,9.8,20.6,18.133333333333333,12.866666666666667,1.4506666666666668,10.6,28.133333333333333,37.60933333333334,18.733333333333334,33.13333333333333,56.85133333333333,14.333333333333334,20.466666666666665,70.338,1.5333333333333334,6.8,0.5706666666666668,1.9333333333333333,20.666666666666668,0.09666666666666668,12.866666666666667,1.2666666666666666,89.93333333333334
77,78,2010-03-28,12,2,2009-2010,Sesi Franca,Pinheiros,86.73333333333333,27.4,41.06666666666667,18.266666666666666,28.866666666666667,6.866666666666666,22.0,13.733333333333333,11.266666666666667,1.3799999999999997,9.133333333333333,22.933333333333334,39.926,20.533333333333335,38.2,54.15866666666666,18.266666666666666,24.0,76.24733333333333,0.8666666666666667,9.133333333333333,0.8953333333333334,2.466666666666667,20.466666666666665,0.13266666666666668,11.266666666666667,2.533333333333333,92.46666666666667,87.66666666666667,25.4,43.06666666666667,19.2,29.6,8.733333333333333,20.866666666666667,14.4,13.133333333333333,1.1300000000000001,8.466666666666667,22.866666666666667,37.63199999999999,21.533333333333335,39.733333333333334,54.01866666666667,19.2,23.6,80.78800000000001,2.066666666666667,6.533333333333333,0.516,3.466666666666667,19.533333333333335,0.19266666666666668,13.133333333333333,2.6,91.53333333333333
106,110,2010-03-28,12,2,2009-2010,Araraquara,Paulistano,82.33333333333333,27.2,39.733333333333334,15.4,30.533333333333335,8.4,22.133333333333333,14.6,14.333333333333334,1.0673333333333332,9.066666666666666,22.866666666666667,39.914,19.866666666666667,37.333333333333336,52.628,15.4,20.533333333333335,74.14933333333333,1.9333333333333333,7.733333333333333,0.5653333333333334,2.066666666666667,23.066666666666666,0.09333333333333334,14.333333333333334,2.4,86.53333333333333,83.06666666666666,24.4,42.93333333333333,15.733333333333333,30.733333333333334,10.4,20.333333333333332,14.0,14.6,1.0159999999999998,8.133333333333333,24.266666666666666,33.96666666666667,21.466666666666665,40.4,53.41733333333333,15.733333333333333,22.266666666666666,71.13733333333333,1.5333333333333334,7.733333333333333,0.5353333333333334,1.6666666666666667,21.533333333333335,0.07933333333333334,14.6,2.7333333333333334,81.0
87,88,2010-03-28,12,2,2009-2010,Minas,Joinville,88.66666666666667,24.6,48.8,15.266666666666667,33.266666666666666,9.533333333333333,23.733333333333334,20.733333333333334,14.266666666666667,1.5040000000000002,8.2,20.533333333333335,40.28466666666667,24.4,43.6,55.67466666666667,15.266666666666667,19.133333333333333,77.61533333333333,1.0666666666666667,6.733333333333333,0.4773333333333334,2.8666666666666667,21.733333333333334,0.14733333333333337,14.266666666666667,2.533333333333333,102.6,78.86666666666666,26.2,36.13333333333333,16.533333333333335,31.7,8.833333333333334,22.866666666666667,12.4,13.633333333333333,0.9686666666666668,8.733333333333333,24.766666666666666,35.31333333333334,18.066666666666666,36.9,49.153333333333336,16.533333333333335,23.733333333333334,67.67533333333333,1.5,5.966666666666667,0.48200000000000004,1.7666666666666666,19.433333333333334,0.09533333333333334,13.633333333333333,2.6,75.0
91,76,2010-03-28,12,2,2009-2010,Brasília,Londrina,93.46666666666667,22.8,53.333333333333336,17.333333333333332,34.2,9.8,24.4,18.333333333333332,11.866666666666667,1.6846666666666665,7.6,22.666666666666668,32.940666666666665,26.666666666666668,43.333333333333336,61.94933333333334,17.333333333333332,22.133333333333333,76.9,2.2666666666666666,8.6,0.8366666666666667,3.533333333333333,18.2,0.22466666666666663,11.866666666666667,1.9333333333333333,109.73333333333333,76.86666666666666,25.8,34.8,16.266666666666666,28.866666666666667,9.266666666666667,19.6,12.4,14.266666666666667,1.0799999999999998,8.6,26.666666666666668,32.205333333333336,17.4,36.06666666666667,48.472,16.266666666666666,21.6,75.37933333333334,0.7333333333333333,6.8,0.5233333333333333,2.066666666666667,20.8,0.10866666666666669,14.266666666666667,1.8666666666666667,70.66666666666667
96,70,2010-04-02,13,2,2009-2010,Araraquara,Sesi Franca,83.13333333333334,26.0,40.8,16.333333333333332,31.066666666666666,8.333333333333334,22.733333333333334,15.333333333333334,14.4,1.1253333333333333,8.666666666666666,22.066666666666666,39.995333333333335,20.4,37.13333333333333,54.45133333333333,16.333333333333332,21.4,75.56933333333333,2.0,7.733333333333333,0.5599999999999999,2.1333333333333333,22.866666666666667,0.098,14.4,2.3333333333333335,89.8,85.13333333333334,27.6,39.6,17.933333333333334,28.533333333333335,6.933333333333334,21.6,13.466666666666667,11.333333333333334,1.3539999999999999,9.2,23.0,40.116666666666674,19.8,38.266666666666666,52.268666666666654,17.933333333333334,23.666666666666668,75.914,0.8666666666666667,8.733333333333333,0.8633333333333334,2.3333333333333335,20.533333333333335,0.12666666666666668,11.333333333333334,2.3333333333333335,88.86666666666666
91,71,2010-04-02,13,2,2009-2010,Flamengo,Minas,95.46666666666667,37.0,43.86666666666667,14.6,31.933333333333334,7.066666666666666,24.866666666666667,15.066666666666666,11.533333333333333,1.4800000000000002,12.333333333333334,27.866666666666667,43.92333333333334,21.933333333333334,36.86666666666667,59.46066666666666,14.6,20.2,72.32999999999998,2.6666666666666665,9.8,0.9600000000000001,1.8,19.8,0.09666666666666669,11.533333333333333,2.1333333333333333,106.46666666666667,87.33333333333333,23.2,49.333333333333336,14.8,33.0,9.466666666666667,23.533333333333335,20.6,14.133333333333333,1.5073333333333332,7.733333333333333,19.733333333333334,38.418000000000006,24.666666666666668,43.53333333333333,56.33133333333333,14.8,19.2,75.42933333333333,1.0666666666666667,6.466666666666667,0.4626666666666666,2.8,21.733333333333334,0.14333333333333337,14.133333333333333,2.533333333333333,100.8
72,84,2010-04-02,13,2,2009-2010,Coop/São José Basketball,Brasília,82.4,30.6,37.6,14.2,30.0,10.266666666666667,19.733333333333334,18.933333333333334,13.333333333333334,1.4746666666666668,10.2,28.266666666666666,36.236666666666665,18.8,33.53333333333333,56.29066666666666,14.2,19.8,72.012,1.5333333333333334,6.733333333333333,0.5373333333333333,1.9333333333333333,21.2,0.09200000000000003,13.333333333333334,1.4666666666666666,88.26666666666667,92.53333333333333,24.0,52.266666666666666,16.266666666666666,34.266666666666666,10.266666666666667,24.0,17.8,12.2,1.6206666666666665,8.0,23.133333333333333,33.81733333333333,26.133333333333333,42.53333333333333,61.71866666666667,16.266666666666666,21.266666666666666,75.67599999999999,2.2666666666666666,8.2,0.7946666666666666,3.533333333333333,18.0,0.2253333333333333,12.2,1.8666666666666667,107.6
63,71,2010-04-02,13,2,2009-2010,Joinville,Saldanha,77.06666666666666,26.2,35.2,15.666666666666666,31.633333333333333,9.166666666666666,22.466666666666665,11.733333333333333,13.566666666666666,0.9066666666666666,8.733333333333333,25.233333333333334,34.812,17.6,36.56666666666667,48.354000000000006,15.666666666666666,22.933333333333334,66.18733333333333,1.3666666666666667,6.033333333333333,0.4926666666666667,1.9,19.166666666666668,0.10266666666666667,13.566666666666666,2.2666666666666666,72.06666666666666,70.8,13.8,45.86666666666667,11.133333333333333,31.066666666666666,9.8,21.266666666666666,8.466666666666667,11.6,0.7733333333333332,4.6,15.333333333333334,31.019999999999996,22.933333333333334,47.93333333333333,47.721333333333334,11.133333333333333,19.066666666666666,58.34400000000001,1.9333333333333333,9.0,0.8793333333333334,2.2666666666666666,19.6,0.12266666666666669,11.6,3.466666666666667,66.33333333333333
95,86,2010-04-02,13,2,2009-2010,Paulistano,Bauru Basket,84.53333333333333,26.2,42.93333333333333,15.4,30.733333333333334,10.466666666666667,20.266666666666666,14.866666666666667,14.533333333333333,1.0986666666666667,8.733333333333333,24.666666666666668,36.315333333333335,21.466666666666665,40.2,53.68066666666667,15.4,21.933333333333334,69.94666666666667,1.5333333333333334,8.2,0.5786666666666667,1.7333333333333334,21.8,0.082,14.533333333333333,2.466666666666667,84.33333333333333,88.46666666666667,29.4,43.06666666666667,16.0,28.866666666666667,9.533333333333333,19.333333333333332,13.933333333333334,10.2,1.412,9.8,21.933333333333334,45.00266666666667,21.533333333333335,39.86666666666667,54.32866666666666,16.0,21.6,74.27,1.4666666666666666,6.533333333333333,0.6986666666666668,1.6,17.066666666666666,0.09266666666666667,10.2,2.1333333333333333,93.13333333333334
81,73,2010-04-02,13,2,2009-2010,Londrina,Espírito Santo,77.33333333333333,26.4,33.46666666666667,17.466666666666665,28.2,8.933333333333334,19.266666666666666,12.733333333333333,14.133333333333333,1.1186666666666665,8.8,26.6,33.14733333333333,16.733333333333334,35.0,48.25266666666667,17.466666666666665,23.066666666666666,76.22933333333334,0.7333333333333333,7.333333333333333,0.5726666666666667,2.1333333333333333,21.4,0.10666666666666667,14.133333333333333,1.8666666666666667,71.93333333333334,74.06666666666666,21.2,37.06666666666667,15.8,30.8,10.666666666666666,20.133333333333333,9.6,13.6,0.7373333333333334,7.066666666666666,21.466666666666665,32.90266666666667,18.533333333333335,36.46666666666667,51.11533333333333,15.8,24.466666666666665,65.28933333333333,2.066666666666667,7.066666666666666,0.574,2.0,20.533333333333335,0.10066666666666667,13.6,4.0,68.93333333333334
83,80,2010-04-02,13,2,2009-2010,Pinheiros,Assis,87.0,25.2,43.2,18.6,29.533333333333335,8.866666666666667,20.666666666666668,14.333333333333334,13.466666666666667,1.1066666666666667,8.4,23.066666666666666,36.754666666666665,21.6,39.666666666666664,54.30999999999999,18.6,23.066666666666666,80.07600000000001,1.9333333333333333,6.6,0.5159999999999999,3.2666666666666666,19.666666666666668,0.16933333333333334,13.466666666666667,2.8,90.06666666666666,77.06666666666666,27.0,37.6,12.466666666666667,31.2,10.0,21.2,12.8,10.8,1.3406666666666667,9.0,26.266666666666666,35.152,18.8,36.8,50.982,12.466666666666667,17.8,69.97866666666667,1.6666666666666667,7.266666666666667,0.744,1.7333333333333334,18.2,0.09600000000000002,10.8,2.8,78.66666666666667
96,87,2010-04-04,14,2,2009-2010,Pinheiros,Bauru Basket,86.86666666666666,25.0,44.13333333333333,17.733333333333334,30.066666666666666,8.733333333333333,21.333333333333332,14.133333333333333,13.2,1.134666666666667,8.333333333333334,23.266666666666666,36.163999999999994,22.066666666666666,39.93333333333333,55.00733333333333,17.733333333333334,22.466666666666665,77.996,2.1333333333333333,6.466666666666667,0.5193333333333333,3.066666666666667,19.4,0.16266666666666665,13.2,2.8,89.86666666666666,88.26666666666667,29.0,44.266666666666666,15.0,29.933333333333334,9.8,20.133333333333333,14.133333333333333,10.0,1.4746666666666668,9.666666666666666,22.333333333333332,43.94733333333333,22.133333333333333,40.733333333333334,54.789333333333325,15.0,20.066666666666666,74.76866666666666,1.4666666666666666,6.133333333333334,0.6613333333333334,1.6666666666666667,17.066666666666666,0.09600000000000002,10.0,2.2666666666666666,93.8
85,74,2010-04-04,14,2,2009-2010,Coop/São José Basketball,Minas,84.0,31.2,37.733333333333334,15.066666666666666,29.6,9.666666666666666,19.933333333333334,19.4,12.866666666666667,1.542,10.4,28.466666666666665,36.802,18.866666666666667,33.266666666666666,56.97466666666666,15.066666666666666,20.133333333333333,74.45666666666668,1.5333333333333334,6.933333333333334,0.5619999999999999,1.8,20.466666666666665,0.0886666666666667,12.866666666666667,1.3333333333333333,91.33333333333333,86.46666666666667,22.8,49.2,14.466666666666667,32.0,9.266666666666667,22.733333333333334,20.4,13.933333333333334,1.5133333333333334,7.6,20.333333333333332,36.95466666666667,24.6,43.0,56.888,14.466666666666667,18.733333333333334,75.588,0.9333333333333333,6.8,0.49399999999999994,2.8,21.333333333333332,0.14333333333333337,13.933333333333334,2.533333333333333,99.13333333333334
