placar_casa,placar_visitante,data,round,stage,ano,equipe_casa,equipe_visitante,resultado,Pts_casa,3P_casa,2P_casa,LL_casa,RT_casa,RO_casa,RD_casa,AS_casa,ER_casa,IA%_casa,3PC_casa,3PT_casa,3P%_casa,2PC_casa,2PT_casa,2P%_casa,LLC_casa,LLT_casa,LL%_casa,EN_casa,BR_casa,B/E_casa,TO_casa,FC_casa,T/FC_casa,ET_casa,VI_casa,EF_casa,Pts_visitante,3P_visitante,2P_visitante,LL_visitante,RT_visitante,RO_visitante,RD_visitante,AS_visitante,ER_visitante,IA%_visitante,3PC_visitante,3PT_visitante,3P%_visitante,2PC_visitante,2PT_visitante,2P%_visitante,LLC_visitante,LLT_visitante,LL%_visitante,EN_visitante,BR_visitante,B/E_visitante,TO_visitante,FC_visitante,T/FC_visitante,ET_visitante,VI_visitante,EF_visitante
77,70,2012-11-23,1,1,2012-2013,Minas,Tijuca,1,0.0,0.0,0.0,0.0,0.0,0.0,0.0,0.0,0.0,0.0,0.0,0.0,0.0,0.0,0.0,0.0,0.0,0.0,0.0,0.0,0.0,0.0,0.0,0.0,0.0,0.0,0.0,0.0,0.0,0.0,0.0,0.0,0.0,0.0,0.0,0.0,0.0,0.0,0.0,0.0,0.0,0.0,0.0,0.0,0.0,0.0,0.0,0.0,0.0,0.0,0.0,0.0,0.0,0.0,0.0,0.0
62,76,2012-11-24,1,1,2012-2013,Sesi Franca,Brasília,0,0.0,0.0,0.0,0.0,0.0,0.0,0.0,0.0,0.0,0.0,0.0,0.0,0.0,0.0,0.0,0.0,0.0,0.0,0.0,0.0,0.0,0.0,0.0,0.0,0.0,0.0,0.0,0.0,0.0,0.0,0.0,0.0,0.0,0.0,0.0,0.0,0.0,0.0,0.0,0.0,0.0,0.0,0.0,0.0,0.0,0.0,0.0,0.0,0.0,0.0,0.0,0.0,0.0,0.0,0.0,0.0
62,82,2012-11-24,1,1,2012-2013,Coop/São José Basketball,Bauru Basket,0,0.0,0.0,0.0,0.0,0.0,0.0,0.0,0.0,0.0,0.0,0.0,0.0,0.0,0.0,0.0,0.0,0.0,0.0,0.0,0.0,0.0,0.0,0.0,0.0,0.0,0.0,0.0,0.0,0.0,0.0,0.0,0.0,0.0,0.0,0.0,0.0,0.0,0.0,0.0,0.0,0.0,0.0,0.0,0.0,0.0,0.0,0.0,0.0,0.0,0.0,0.0,0.0,0.0,0.0,0.0,0.0
71,59,2012-11-24,1,1,2012-2013,Mogi,L. Sorocabana,1,0.0,0.0,0.0,0.0,0.0,0.0,0.0,0.0,0.0,0.0,0.0,0.0,0.0,0.0,0.0,0.0,0.0,0.0,0.0,0.0,0.0,0.0,0.0,0.0,0.0,0.0,0.0,0.0,0.0,0.0,0.0,0.0,0.0,0.0,0.0,0.0,0.0,0.0,0.0,0.0,0.0,0.0,0.0,0.0,0.0,0.0,0.0,0.0,0.0,0.0,0.0,0.0,0.0,0.0,0.0,0.0
86,82,2012-11-24,1,1,2012-2013,Paulistano,Limeira,1,0.0,0.0,0.0,0.0,0.0,0.0,0.0,0.0,0.0,0.0,0.0,0.0,0.0,0.0,0.0,0.0,0.0,0.0,0.0,0.0,0.0,0.0,0.0,0.0,0.0,0.0,0.0,0.0,0.0,0.0,0.0,0.0,0.0,0.0,0.0,0.0,0.0,0.0,0.0,0.0,0.0,0.0,0.0,0.0,0.0,0.0,0.0,0.0,0.0,0.0,0.0,0.0,0.0,0.0,0.0,0.0
88,87,2012-11-24,1,1,2012-2013,Pinheiros,Joinville,1,0.0,0.0,0.0,0.0,0.0,0.0,0.0,0.0,0.0,0.0,0.0,0.0,0.0,0.0,0.0,0.0,0.0,0.0,0.0,0.0,0.0,0.0,0.0,0.0,0.0,0.0,0.0,0.0,0.0,0.0,0.0,0.0,0.0,0.0,0.0,0.0,0.0,0.0,0.0,0.0,0.0,0.0,0.0,0.0,0.0,0.0,0.0,0.0,0.0,0.0,0.0,0.0,0.0,0.0,0.0,0.0
95,86,2012-11-24,1,1,2012-2013,Palmeiras,Suzano,1,0.0,0.0,0.0,0.0,0.0,0.0,0.0,0.0,0.0,0.0,0.0,0.0,0.0,0.0,0.0,0.0,0.0,0.0,0.0,0.0,0.0,0.0,0.0,0.0,0.0,0.0,0.0,0.0,0.0,0.0,0.0,0.0,0.0,0.0,0.0,0.0,0.0,0.0,0.0,0.0,0.0,0.0,0.0,0.0,0.0,0.0,0.0,0.0,0.0,0.0,0.0,0.0,0.0,0.0,0.0,0.0
84,71,2012-11-24,1,1,2012-2013,Uberlândia,Fortaleza B. C. / CFO,1,0.0,0.0,0.0,0.0,0.0,0.0,0.0,0.0,0.0,0.0,0.0,0.0,0.0,0.0,0.0,0.0,0.0,0.0,0.0,0.0,0.0,0.0,0.0,0.0,0.0,0.0,0.0,0.0,0.0,0.0,0.0,0.0,0.0,0.0,0.0,0.0,0.0,0.0,0.0,0.0,0.0,0.0,0.0,0.0,0.0,0.0,0.0,0.0,0.0,0.0,0.0,0.0,0.0,0.0,0.0,0.0
61,82,2012-11-24,1,1,2012-2013,Espírito Santo,Flamengo,0,0.0,0.0,0.0,0.0,0.0,0.0,0.0,0.0,0.0,0.0,0.0,0.0,0.0,0.0,0.0,0.0,0.0,0.0,0.0,0.0,0.0,0.0,0.0,0.0,0.0,0.0,0.0,0.0,0.0,0.0,0.0,0.0,0.0,0.0,0.0,0.0,0.0,0.0,0.0,0.0,0.0,0.0,0.0,0.0,0.0,0.0,0.0,0.0,0.0,0.0,0.0,0.0,0.0,0.0,0.0,0.0
90,68,2012-11-26,2,1,2012-2013,Sesi Franca,Fortaleza B. C. / CFO,1,62.0,60.0,40.0,10.0,33.0,11.0,22.0,12.0,20.0,0.6,4.0,15.0,26.67,20.0,47.0,42.55,10.0,13.0,76.92,1.0,11.0,0.55,3.0,15.0,0.2,20.0,4.0,67.0,71.0,57.0,38.0,18.0,28.0,12.0,16.0,12.0,8.0,1.5,5.0,18.0,27.78,19.0,49.0,38.78,18.0,26.0,69.23,0.0,14.0,1.75,3.0,20.0,0.15,8.0,0.0,77.0
73,80,2012-11-26,2,1,2012-2013,Mogi,Bauru Basket,0,71.0,45.0,30.0,20.0,41.0,12.0,29.0,17.0,15.0,1.13,7.0,17.0,41.18,15.0,34.0,44.12,20.0,25.0,80.0,1.0,4.0,0.27,2.0,21.0,0.1,15.0,4.0,95.0,82.0,63.0,42.0,13.0,39.0,15.0,24.0,12.0,11.0,1.09,9.0,33.0,27.27,21.0,34.0,61.76,13.0,21.0,61.9,1.0,2.0,0.18,1.0,12.0,0.08,11.0,3.0,91.0
58,56,2012-11-26,2,1,2012-2013,Espírito Santo,Tijuca,1,61.0,60.0,40.0,12.0,19.0,7.0,12.0,9.0,14.0,0.64,3.0,18.0,16.67,20.0,45.0,44.44,12.0,20.0,60.0,0.0,8.0,0.57,1.0,22.0,0.05,14.0,3.0,47.0,70.0,54.0,36.0,16.0,23.0,3.0,20.0,14.0,16.0,0.88,6.0,15.0,40.0,18.0,36.0,50.0,16.0,19.0,84.21,2.0,4.0,0.25,1.0,18.0,0.06,16.0,4.0,73.0
95,71,2012-11-26,2,1,2012-2013,Paulistano,Joinville,1,86.0,72.0,48.0,14.0,25.0,8.0,17.0,20.0,14.0,1.43,8.0,18.0,44.44,24.0,42.0,57.14,14.0,23.0,60.87,4.0,13.0,0.93,1.0,21.0,0.05,14.0,0.0,103.0,87.0,72.0,48.0,24.0,25.0,7.0,18.0,12.0,16.0,0.75,5.0,23.0,21.74,24.0,46.0,52.17,24.0,35.0,68.57,0.0,11.0,0.69,2.0,27.0,0.07,16.0,8.0,89.0
77,73,2012-11-27,2,1,2012-2013,Coop/São José Basketball,L. Sorocabana,1,62.0,42.0,28.0,10.0,28.0,8.0,20.0,9.0,9.0,1.0,8.0,23.0,34.78,14.0,35.0,40.0,10.0,14.0,71.43,1.0,3.0,0.33,1.0,18.0,0.06,9.0,2.0,60.0,59.0,54.0,36.0,17.0,29.0,12.0,17.0,8.0,10.0,0.8,2.0,25.0,8.0,18.0,40.0,45.0,17.0,24.0,70.83,1.0,9.0,0.9,1.0,22.0,0.05,10.0,3.0,54.0
76,67,2012-11-29,3,1,2012-2013,Tijuca,Mogi,1,63.0,61.5,41.0,10.0,28.5,4.5,24.0,11.5,14.5,0.7849999999999999,4.0,15.0,26.665,20.5,41.0,50.0,10.0,13.0,70.675,2.0,6.0,0.435,2.0,14.5,0.165,14.5,5.5,70.5,72.0,57.0,38.0,14.5,36.5,12.0,24.5,13.5,15.5,0.8799999999999999,6.5,17.5,37.254999999999995,19.0,41.0,46.019999999999996,14.5,20.5,68.125,1.5,5.5,0.355,1.0,21.5,0.05,15.5,3.5,83.5
79,86,2012-11-29,3,1,2012-2013,Palmeiras,Paulistano,0,95.0,69.0,46.0,16.0,29.0,7.0,22.0,18.0,9.0,2.0,11.0,26.0,42.31,23.0,38.0,60.53,16.0,23.0,69.57,3.0,11.0,1.22,5.0,25.0,0.2,9.0,2.0,121.0,90.5,72.0,48.0,20.0,30.5,10.0,20.5,21.5,15.5,1.3900000000000001,7.5,19.5,38.885,24.0,40.5,59.34,20.0,30.0,65.57,6.0,14.0,0.905,0.5,22.5,0.025,15.5,2.0,115.0
73,55,2012-11-29,3,1,2012-2013,Joinville,Minas,1,79.0,61.5,41.0,18.5,29.0,9.5,19.5,12.5,19.0,0.6699999999999999,6.5,22.0,29.92,20.5,43.0,47.335,18.5,28.5,63.83,0.5,9.0,0.505,1.5,29.0,0.05,19.0,4.0,78.0,77.0,51.0,34.0,7.0,34.0,10.0,24.0,16.0,17.0,0.94,12.0,29.0,41.38,17.0,32.0,53.13,7.0,8.0,87.5,2.0,5.0,0.29,2.0,25.0,0.08,17.0,3.0,88.0
88,87,2012-11-29,3,1,2012-2013,Limeira,Espírito Santo,1,82.0,57.0,38.0,11.0,28.0,8.0,20.0,19.0,18.0,1.06,11.0,21.0,52.38,19.0,39.0,48.72,11.0,15.0,73.33,1.0,9.0,0.5,1.0,23.0,0.04,18.0,2.0,93.0,59.5,57.0,38.0,8.0,29.0,9.0,20.0,10.0,15.0,0.665,4.5,20.5,21.380000000000003,19.0,44.0,43.15,8.0,13.0,63.335,0.5,8.5,0.565,1.5,17.5,0.1,15.0,3.0,55.5
59,80,2012-11-29,3,1,2012-2013,L. Sorocabana,Sesi Franca,0,66.0,63.0,42.0,13.5,33.0,12.0,21.0,9.5,14.5,0.69,3.5,20.5,19.625,21.0,42.5,49.165,13.5,20.0,66.66499999999999,1.5,7.5,0.61,1.0,21.0,0.05,14.5,2.5,66.5,76.0,63.0,42.0,14.5,34.5,10.5,24.0,15.5,19.0,0.8300000000000001,6.5,15.0,43.335,21.0,49.0,42.845,14.5,19.5,75.0,1.5,12.0,0.635,4.0,19.5,0.20500000000000002,19.0,6.5,93.0
81,82,2012-11-29,3,1,2012-2013,Bauru Basket,Uberlândia,0,81.0,64.5,43.0,14.0,35.0,12.5,22.5,14.0,13.5,1.045,8.0,30.5,26.134999999999998,21.5,35.5,60.61,14.0,20.0,70.425,1.0,3.0,0.215,1.5,13.5,0.10500000000000001,13.5,3.0,87.5,84.0,48.0,32.0,16.0,26.0,5.0,21.0,18.0,16.0,1.13,12.0,28.0,42.86,16.0,29.0,55.17,16.0,19.0,84.21,3.0,10.0,0.63,2.0,22.0,0.09,16.0,1.0,96.0
99,80,2012-12-01,4,1,2012-2013,Joinville,Espírito Santo,1,77.0,64.0,42.666666666666664,16.333333333333332,31.0,9.333333333333334,21.666666666666668,12.0,19.0,0.64,6.0,20.333333333333332,29.75,21.333333333333332,45.0,47.20333333333334,16.333333333333332,23.666666666666668,71.12333333333333,1.0,10.333333333333334,0.5633333333333334,1.6666666666666667,25.333333333333332,0.07,19.0,4.333333333333333,79.33333333333333,68.66666666666667,52.0,34.666666666666664,12.0,26.666666666666668,7.333333333333333,19.333333333333332,12.666666666666666,16.0,0.7766666666666667,7.333333333333333,22.0,31.58666666666667,17.333333333333332,39.0,44.85999999999999,12.0,16.333333333333332,71.21,0.6666666666666666,7.666666666666667,0.48666666666666664,2.0,18.333333333333332,0.11666666666666665,16.0,4.666666666666667,70.0
74,63,2012-12-01,4,1,2012-2013,L. Sorocabana,Uberlândia,1,63.666666666666664,56.0,37.333333333333336,13.333333333333334,27.666666666666668,8.666666666666666,19.0,7.333333333333333,13.666666666666666,0.5433333333333333,4.333333333333333,19.333333333333332,24.846666666666664,18.666666666666668,37.0,50.72666666666667,13.333333333333334,19.666666666666668,67.25,2.3333333333333335,5.666666666666667,0.4633333333333333,1.0,20.666666666666668,0.05000000000000001,13.666666666666666,3.0,61.333333333333336,83.0,57.0,38.0,15.0,24.5,5.5,19.0,19.5,13.0,1.615,10.0,25.0,39.61,19.0,32.0,59.015,15.0,16.5,92.10499999999999,5.0,7.5,0.565,2.5,22.5,0.11,13.0,1.5,97.5
84,72,2012-12-01,4,1,2012-2013,Paulistano,Suzano,1,89.0,73.0,48.666666666666664,19.333333333333332,36.666666666666664,13.333333333333334,23.333333333333332,19.666666666666668,16.333333333333332,1.2233333333333334,7.0,18.333333333333332,38.42333333333333,24.333333333333332,46.0,54.18000000000001,19.333333333333332,29.0,65.93666666666667,5.0,11.0,0.6966666666666667,0.6666666666666666,23.333333333333332,0.03,16.333333333333332,4.0,111.66666666666667,86.0,60.0,40.0,16.0,35.0,11.0,24.0,12.0,21.0,0.57,10.0,22.0,45.45,20.0,45.0,44.44,16.0,23.0,69.57,0.0,3.0,0.14,2.0,23.0,0.09,21.0,4.0,84.0
67,74,2012-12-01,4,1,2012-2013,Bauru Basket,Sesi Franca,0,81.0,63.0,42.0,14.0,33.333333333333336,13.666666666666666,19.666666666666668,16.333333333333332,12.333333333333334,1.3966666666666665,8.333333333333334,27.333333333333332,31.709999999999997,21.0,38.333333333333336,55.55666666666667,14.0,20.333333333333332,69.17333333333333,1.6666666666666667,4.0,0.3433333333333333,1.0,14.333333333333334,0.07,12.333333333333334,2.6666666666666665,89.66666666666667,77.33333333333333,69.0,46.0,13.333333333333334,32.333333333333336,9.666666666666666,22.666666666666668,13.0,17.0,0.7600000000000001,6.0,13.666666666666666,44.04,23.0,50.666666666666664,45.23,13.333333333333334,18.666666666666668,71.57,2.0,12.666666666666666,0.7833333333333333,3.3333333333333335,19.0,0.17333333333333334,17.0,5.0,91.33333333333333
85,87,2012-12-01,4,1,2012-2013,Limeira,Minas,0,85.0,61.5,41.0,14.0,26.0,6.5,19.5,18.0,13.5,1.475,10.0,22.5,44.94,20.5,36.0,57.695,14.0,17.5,79.16499999999999,1.5,7.0,0.53,1.5,24.0,0.06,13.5,1.5,97.5,66.0,46.5,31.0,12.5,29.0,9.0,20.0,9.0,16.5,0.5349999999999999,7.5,26.0,27.21,15.5,30.5,50.705,12.5,15.5,82.88,1.0,4.5,0.27,2.0,21.0,0.1,16.5,4.0,64.5
101,75,2012-12-06,5,1,2012-2013,Sesi Franca,Tijuca,1,76.5,72.0,48.0,13.5,30.25,9.25,21.0,13.25,13.75,1.445,5.0,14.5,35.97,24.0,49.0,49.2625,13.5,18.75,72.0975,2.0,11.5,1.0875,2.5,18.0,0.13,13.75,3.75,89.5,67.33333333333333,63.0,42.0,13.333333333333334,26.0,5.333333333333333,20.666666666666668,10.0,12.666666666666666,0.7833333333333332,4.0,16.333333333333332,24.793333333333333,21.0,39.0,54.28666666666667,13.333333333333334,18.0,70.92666666666666,1.3333333333333333,7.666666666666667,0.6966666666666667,1.6666666666666667,17.0,0.12666666666666668,12.666666666666666,5.333333333333333,75.0
84,76,2012-12-06,5,1,2012-2013,Coop/São José Basketball,Limeira,1,69.5,42.0,28.0,13.0,26.5,7.5,19.0,14.0,14.0,1.0,9.5,27.0,35.129999999999995,14.0,31.0,45.925,13.0,16.5,77.82,1.0,4.0,0.29500000000000004,2.0,19.0,0.105,14.0,3.0,70.5,85.0,56.0,37.333333333333336,14.666666666666666,26.666666666666668,6.0,20.666666666666668,16.666666666666668,14.0,1.2933333333333334,11.0,25.333333333333332,43.94,18.666666666666668,34.666666666666664,54.09,14.666666666666666,18.333333333333332,79.44333333333333,1.6666666666666667,6.0,0.44333333333333336,1.3333333333333333,24.0,0.05333333333333334,14.0,2.0,93.33333333333333
68,70,2012-12-06,5,1,2012-2013,Mogi,Joinville,0,70.33333333333333,57.0,38.0,14.333333333333334,35.333333333333336,11.666666666666666,23.666666666666668,11.333333333333334,14.666666666666666,0.7666666666666666,6.0,17.666666666666668,34.096666666666664,19.0,38.666666666666664,49.306666666666665,14.333333333333334,20.666666666666668,67.64,1.0,5.0,0.34,0.6666666666666666,24.0,0.03333333333333333,14.666666666666666,3.3333333333333335,80.0,82.5,73.5,49.0,17.75,34.5,10.5,24.0,14.0,18.0,0.8125,5.25,19.5,26.725,24.5,46.5,52.07000000000001,17.75,25.0,72.3075,1.75,10.75,0.6225,2.25,24.25,0.1,18.0,5.0,94.75
68,59,2012-12-06,5,1,2012-2013,Espírito Santo,Palmeiras,1,71.5,50.25,33.5,13.25,25.25,7.25,18.0,12.25,16.0,0.755,8.25,21.75,36.785000000000004,16.75,38.25,44.0625,13.25,18.0,71.88499999999999,1.0,6.75,0.4275,1.75,18.25,0.1025,16.0,4.25,70.75,87.0,63.0,42.0,16.5,28.5,8.5,20.0,15.0,9.5,1.6,9.5,26.5,35.97,21.0,41.0,51.855000000000004,16.5,23.0,71.74,2.0,9.5,1.01,3.5,26.0,0.135,9.5,2.5,99.5
100,78,2012-12-06,5,1,2012-2013,Minas,Suzano,1,73.0,57.0,38.0,15.0,31.0,9.333333333333334,21.666666666666668,12.333333333333334,14.333333333333334,0.9899999999999999,6.666666666666667,24.0,26.473333333333333,19.0,36.333333333333336,51.85999999999999,15.0,19.0,80.89333333333333,1.0,6.333333333333333,0.5133333333333333,2.6666666666666665,20.333333333333332,0.1366666666666667,14.333333333333334,4.0,80.33333333333333,79.0,58.5,39.0,13.0,34.5,13.0,21.5,12.5,19.0,0.665,9.0,26.0,36.06,19.5,43.5,44.84,13.0,20.0,64.195,0.5,9.0,0.51,2.0,25.5,0.08,19.0,3.0,80.0
89,88,2012-12-06,5,1,2012-2013,Paulistano,Pinheiros,1,87.75,69.75,46.5,21.0,37.25,12.0,25.25,19.25,18.0,1.1125,6.75,16.75,41.317499999999995,23.25,44.25,53.455000000000005,21.0,31.25,66.5575,4.75,10.25,0.61,1.5,22.0,0.0775,18.0,3.5,110.5,88.0,69.0,46.0,21.0,34.0,6.0,28.0,15.0,21.0,0.71,7.0,25.0,28.0,23.0,32.0,71.88,21.0,27.0,77.78,3.0,3.0,0.14,1.0,29.0,0.03,21.0,1.0,94.0
71,62,2012-12-06,5,1,2012-2013,Fortaleza B. C. / CFO,L. Sorocabana,1,69.5,61.5,41.0,16.5,29.5,12.0,17.5,13.0,16.0,1.04,4.0,18.0,22.225,20.5,46.5,44.39,16.5,23.5,70.33000000000001,0.5,10.5,1.02,2.5,22.5,0.11499999999999999,16.0,4.0,73.0,66.25,57.0,38.0,15.5,29.0,9.5,19.5,7.5,12.25,0.6575,4.25,19.25,23.897499999999997,19.0,37.75,50.545,15.5,21.25,71.5925,1.75,6.25,0.5974999999999999,0.75,19.5,0.037500000000000006,12.25,2.25,66.0
72,89,2012-12-08,6,1,2012-2013,Mogi,Limeira,0,69.75,57.0,38.0,16.0,35.0,11.25,23.75,10.25,16.5,0.6549999999999999,5.25,17.0,30.572499999999998,19.0,39.75,48.027499999999996,16.0,23.25,67.665,1.0,6.5,0.38,1.25,23.5,0.060000000000000005,16.5,4.0,77.75,82.75,54.75,36.5,14.0,25.75,5.5,20.25,17.5,14.25,1.3025000000000002,10.75,24.75,43.824999999999996,18.25,35.25,52.05500000000001,14.0,17.25,81.00999999999999,1.25,6.5,0.465,1.25,22.0,0.055,14.25,2.0,90.5
83,76,2012-12-08,6,1,2012-2013,Coop/São José Basketball,Joinville,1,74.33333333333333,46.0,30.666666666666668,10.666666666666666,28.0,7.0,21.0,15.0,16.333333333333332,0.9366666666666666,11.0,26.0,42.86333333333332,15.333333333333334,31.666666666666668,48.79999999999999,10.666666666666666,13.666666666666666,76.88,0.6666666666666666,4.666666666666667,0.2933333333333334,1.6666666666666667,18.666666666666668,0.09000000000000001,16.333333333333332,2.6666666666666665,78.66666666666667,80.0,70.2,46.8,18.2,33.4,10.0,23.4,12.8,17.8,0.744,5.0,20.8,24.456,23.4,43.8,53.172000000000004,18.2,25.0,73.846,1.4,10.2,0.592,2.6,24.6,0.11000000000000001,17.8,4.6,89.6
89,77,2012-12-08,6,1,2012-2013,Minas,Palmeiras,1,79.75,61.5,41.0,16.25,30.0,8.5,21.5,14.5,14.0,1.1475,7.5,22.75,33.0125,20.5,37.5,54.13999999999999,16.25,20.0,82.41,1.25,7.75,0.615,3.25,21.0,0.1575,14.0,3.75,92.75,77.66666666666667,60.0,40.0,12.666666666666666,26.333333333333332,7.666666666666667,18.666666666666668,12.333333333333334,10.333333333333334,1.26,8.333333333333334,23.666666666666668,35.089999999999996,20.0,43.0,47.336666666666666,12.666666666666666,19.333333333333332,61.71666666666666,2.0,9.333333333333334,0.9233333333333333,2.3333333333333335,24.0,0.09000000000000001,10.333333333333334,1.6666666666666667,81.0
83,82,2012-12-08,6,1,2012-2013,Fortaleza B. C. / CFO,Bauru Basket,1,70.0,64.0,42.666666666666664,13.333333333333334,29.333333333333332,10.333333333333334,19.0,14.333333333333334,14.0,1.26,4.666666666666667,16.333333333333332,30.2,21.333333333333332,44.333333333333336,48.76,13.333333333333334,19.666666666666668,66.33,1.0,8.333333333333334,0.8133333333333334,2.6666666666666665,21.333333333333332,0.13,14.0,3.0,79.0,77.5,61.5,41.0,12.5,32.25,11.75,20.5,16.25,13.75,1.2699999999999998,8.0,25.0,33.504999999999995,20.5,37.75,54.862500000000004,12.5,17.75,71.88,2.0,4.25,0.3275,1.0,16.25,0.065,13.75,2.75,86.0
71,57,2012-12-08,6,1,2012-2013,Uberlândia,Tijuca,1,76.33333333333333,56.0,37.333333333333336,12.0,24.0,5.0,19.0,18.0,14.0,1.39,9.0,22.666666666666668,39.37,18.666666666666668,33.0,56.48666666666667,12.0,14.0,83.62666666666667,4.666666666666667,7.0,0.5033333333333333,1.6666666666666667,22.333333333333332,0.07333333333333333,14.0,1.6666666666666667,86.66666666666667,69.25,54.75,36.5,14.75,24.5,5.75,18.75,11.0,14.75,0.7549999999999999,6.0,19.75,28.595,18.25,35.75,50.330000000000005,14.75,19.0,74.785,1.0,8.0,0.63,2.0,17.25,0.1375,14.75,5.25,74.0
86,89,2012-12-08,6,1,2012-2013,Espírito Santo,Suzano,0,70.8,48.6,32.4,12.6,27.6,7.6,20.0,11.6,14.8,0.784,8.6,22.0,38.124,16.2,37.2,43.734,12.6,18.2,68.03399999999999,1.0,6.2,0.422,1.8,18.4,0.10400000000000001,14.8,3.8,72.6,78.66666666666667,55.0,36.666666666666664,13.0,31.333333333333332,12.333333333333334,19.0,12.666666666666666,18.0,0.7133333333333334,9.666666666666666,26.0,38.14333333333334,18.333333333333332,41.333333333333336,44.30666666666667,13.0,20.666666666666668,62.49333333333333,0.3333333333333333,8.333333333333334,0.48666666666666664,2.0,23.333333333333332,0.09000000000000001,18.0,2.6666666666666665,78.33333333333333
102,100,2012-12-10,2,1,2012-2013,Pinheiros,Limeira,1,88.0,52.5,35.0,27.5,29.5,5.0,24.5,14.0,18.0,0.79,8.5,22.0,40.315,17.5,32.5,54.12,27.5,34.5,79.36500000000001,2.0,6.5,0.405,1.0,27.5,0.035,18.0,2.5,95.0,84.0,51.6,34.4,13.6,27.8,6.2,21.6,17.6,14.4,1.2820000000000003,12.0,25.2,47.652,17.2,35.4,48.86600000000001,13.6,16.6,81.94999999999999,1.0,6.2,0.438,2.0,21.8,0.092,14.4,2.2,94.0
95,89,2012-12-10,2,1,2012-2013,Uberlândia,Brasília,1,75.0,56.25,37.5,10.5,28.0,5.75,22.25,17.0,13.25,1.3599999999999999,9.0,23.25,38.5275,18.75,33.75,55.56,10.5,12.5,81.47,4.5,6.5,0.48999999999999994,1.5,21.0,0.07,13.25,1.5,87.0,76.0,39.0,26.0,8.0,32.0,8.0,24.0,18.0,22.0,0.82,14.0,26.0,53.85,13.0,37.0,35.14,8.0,11.0,72.73,1.0,10.0,0.45,6.0,20.0,0.3,22.0,4.0,88.0
77,82,2012-12-10,6,1,2012-2013,Sesi Franca,Flamengo,0,81.4,76.8,51.2,14.6,31.0,9.8,21.2,16.2,14.4,1.486,5.2,14.6,36.775999999999996,25.6,48.8,52.74400000000001,14.6,20.4,71.752,3.0,11.6,1.012,3.4,17.8,0.186,14.4,3.6,100.2,82.0,75.0,50.0,17.0,29.0,5.0,24.0,12.0,24.0,0.5,5.0,13.0,38.46,25.0,34.0,73.53,17.0,24.0,70.83,1.0,9.0,0.38,3.0,19.0,0.16,24.0,5.0,99.0
69,83,2012-12-13,7,1,2012-2013,Tijuca,Fortaleza B. C. / CFO,0,66.8,51.6,34.4,13.2,25.4,6.4,19.0,11.4,12.8,1.1239999999999999,6.4,20.8,29.276,17.2,36.8,46.60600000000001,13.2,16.8,77.328,1.2,7.8,0.784,1.8,16.8,0.12400000000000003,12.8,4.4,70.8,73.25,66.75,44.5,13.0,30.75,10.5,20.25,11.0,13.25,0.9675,5.25,17.5,30.982499999999998,22.25,45.0,49.8675,13.0,18.75,68.4975,0.75,8.0,0.77,2.5,20.25,0.1275,13.25,2.75,80.0
92,90,2012-12-13,7,1,2012-2013,Pinheiros,Espírito Santo,1,92.66666666666667,54.0,36.0,28.666666666666668,30.0,5.0,25.0,13.666666666666666,14.333333333333334,1.1466666666666667,9.333333333333334,26.333333333333332,37.35333333333333,18.0,32.0,56.51,28.666666666666668,37.0,77.51333333333334,1.6666666666666667,7.0,0.65,2.3333333333333335,25.666666666666668,0.10000000000000002,14.333333333333334,2.0,102.33333333333333,73.33333333333333,51.5,34.333333333333336,13.5,27.666666666666668,8.333333333333334,19.333333333333332,11.333333333333334,13.333333333333334,0.9316666666666666,8.5,22.166666666666668,37.56666666666667,17.166666666666668,37.0,46.63,13.5,19.0,69.73833333333333,1.3333333333333333,6.166666666666667,0.5183333333333333,1.8333333333333333,19.0,0.10166666666666667,13.333333333333334,3.8333333333333335,77.33333333333333
92,78,2012-12-13,7,1,2012-2013,Paulistano,Minas,1,88.0,72.0,48.0,19.6,39.0,13.6,25.4,18.2,17.6,1.066,6.8,17.8,39.41799999999999,24.0,46.0,52.952,19.6,29.6,65.42,4.0,9.8,0.588,1.8,24.4,0.08,17.6,3.0,109.2,81.6,62.4,41.6,17.8,29.0,8.8,20.2,13.8,12.4,1.284,7.4,22.2,33.410000000000004,20.8,36.8,56.254,17.8,22.2,81.412,1.0,7.2,0.658,2.8,21.2,0.136,12.4,3.2,94.4
78,77,2012-12-13,7,1,2012-2013,Suzano,Mogi,1,81.25,60.0,40.0,14.25,28.0,10.75,17.25,11.25,15.5,0.755,9.0,24.5,37.3575,20.0,39.0,52.7625,14.25,22.0,64.1775,0.25,7.25,0.49,1.75,22.25,0.08,15.5,2.0,81.5,70.2,56.4,37.6,15.2,34.4,11.0,23.4,11.8,16.2,0.7639999999999999,5.8,17.8,32.077999999999996,18.8,41.0,46.248,15.2,22.0,68.25,1.0,6.2,0.37,1.0,23.2,0.048,16.2,3.6,76.8
75,66,2012-12-13,7,1,2012-2013,Palmeiras,Coop/São José Basketball,1,77.5,57.75,38.5,14.25,25.75,8.25,17.5,12.75,9.75,1.3825,8.25,22.5,36.845,19.25,41.75,46.6875,14.25,20.75,65.2875,1.75,7.75,0.7875,1.75,24.75,0.0675,9.75,2.0,81.0,76.5,51.75,34.5,9.75,29.75,7.5,22.25,16.0,17.0,0.9525,10.75,25.75,42.147499999999994,17.25,34.25,50.28999999999999,9.75,12.75,75.16,0.75,6.5,0.37750000000000006,2.0,18.0,0.115,17.0,2.25,84.0
50,59,2012-12-13,7,1,2012-2013,Joinville,Sesi Franca,0,79.33333333333333,71.5,47.666666666666664,16.666666666666668,32.5,9.5,23.0,13.166666666666666,17.5,0.7766666666666667,5.0,21.0,24.168333333333333,23.833333333333332,44.666666666666664,53.153333333333336,16.666666666666668,22.666666666666668,75.175,1.6666666666666667,10.5,0.6183333333333333,2.6666666666666665,23.5,0.12000000000000001,17.5,3.8333333333333335,87.66666666666667,80.66666666666667,77.0,51.333333333333336,13.833333333333334,30.666666666666668,9.0,21.666666666666668,16.0,14.0,1.4466666666666665,5.166666666666667,15.666666666666666,34.615,25.666666666666668,48.166666666666664,53.583333333333336,13.833333333333334,20.166666666666668,68.565,2.8333333333333335,11.5,0.9966666666666666,3.5,18.5,0.18499999999999997,14.0,3.3333333333333335,98.66666666666667
77,87,2012-12-13,7,1,2012-2013,Limeira,Uberlândia,0,86.66666666666667,55.5,37.0,14.166666666666666,30.833333333333332,7.833333333333333,23.0,17.666666666666668,14.333333333333334,1.2833333333333334,11.833333333333334,25.666666666666668,46.25833333333333,18.5,37.666666666666664,49.225,14.166666666666666,17.833333333333332,80.09666666666665,0.8333333333333334,5.833333333333333,0.41333333333333333,1.6666666666666667,23.5,0.07666666666666666,14.333333333333334,2.3333333333333335,97.66666666666667,79.0,56.4,37.6,13.8,29.4,6.0,23.4,17.8,13.4,1.388,9.2,24.4,37.718,18.8,33.4,56.324,13.8,16.2,82.596,3.8,5.8,0.434,1.4,23.4,0.06200000000000001,13.4,2.2,92.4
76,90,2012-12-13,7,1,2012-2013,L. Sorocabana,Bauru Basket,0,65.4,55.2,36.8,14.8,28.4,8.6,19.8,7.6,12.2,0.6599999999999999,4.6,18.2,27.689999999999998,18.4,37.8,48.858000000000004,14.8,21.2,68.702,1.6,6.8,0.6279999999999999,0.8,19.2,0.042,12.2,2.2,66.0,78.4,61.8,41.2,13.2,32.2,11.2,21.0,14.2,13.0,1.1359999999999997,8.0,25.2,32.958,20.6,38.4,54.134,13.2,18.2,73.50399999999999,1.6,5.0,0.42200000000000004,1.4,16.4,0.088,13.0,2.2,85.4
102,88,2012-12-13,7,1,2012-2013,Flamengo,Brasília,1,82.0,75.0,50.0,18.5,31.0,7.0,24.0,12.0,20.5,0.605,4.5,15.0,30.995,25.0,39.0,65.175,18.5,24.5,75.41499999999999,0.5,9.0,0.455,1.5,18.0,0.08,20.5,4.5,95.0,82.5,43.5,29.0,17.5,28.0,7.5,20.5,16.5,15.0,1.3499999999999999,12.0,28.0,43.59,14.5,34.5,42.57,17.5,22.5,76.07,1.0,8.5,0.665,3.0,23.0,0.15,15.0,3.5,91.0
80,90,2012-12-15,8,1,2012-2013,Paulistano,Espírito Santo,0,88.66666666666667,72.0,48.0,18.666666666666668,37.833333333333336,12.666666666666666,25.166666666666668,18.0,17.666666666666668,1.045,7.333333333333333,17.5,43.26499999999999,24.0,45.333333333333336,53.65,18.666666666666668,27.833333333333332,66.79666666666667,4.0,9.0,0.5366666666666666,2.0,23.833333333333332,0.09000000000000001,17.666666666666668,3.0,109.33333333333333,75.71428571428571,53.142857142857146,35.42857142857143,13.714285714285714,28.285714285714285,8.857142857142858,19.428571428571427,11.285714285714286,13.428571428571429,0.9114285714285714,8.857142857142858,22.857142857142858,38.019999999999996,17.714285714285715,37.142857142857146,47.862857142857145,13.714285714285714,18.857142857142858,71.67999999999999,1.2857142857142858,7.285714285714286,0.5871428571428571,1.7142857142857142,19.428571428571427,0.09428571428571429,13.428571428571429,3.7142857142857144,81.14285714285714
91,77,2012-12-15,8,1,2012-2013,Pinheiros,Minas,1,92.5,54.75,36.5,26.0,29.5,5.0,24.5,13.5,16.0,1.0150000000000001,10.0,27.5,37.6925,18.25,30.5,60.6525,26.0,33.5,77.7,1.75,7.5,0.595,2.0,24.25,0.08750000000000001,16.0,1.75,101.0,81.0,62.0,41.333333333333336,17.166666666666668,27.833333333333332,8.333333333333334,19.5,14.0,12.166666666666666,1.2966666666666666,7.5,22.166666666666668,33.90166666666667,20.666666666666668,37.166666666666664,55.42499999999999,17.166666666666668,22.0,78.955,0.8333333333333334,7.333333333333333,0.6699999999999999,2.5,21.666666666666668,0.12000000000000001,12.166666666666666,3.1666666666666665,92.5
53,73,2012-12-15,8,1,2012-2013,Tijuca,Brasília,0,67.16666666666667,50.5,33.666666666666664,14.5,24.5,6.166666666666667,18.333333333333332,10.666666666666666,12.166666666666666,1.0666666666666667,6.333333333333333,20.666666666666668,29.396666666666665,16.833333333333332,35.333333333333336,47.76666666666667,14.5,18.666666666666668,76.94,1.1666666666666667,7.666666666666667,0.7833333333333333,1.5,16.666666666666668,0.10333333333333335,12.166666666666666,4.5,71.0,84.33333333333333,47.0,31.333333333333332,20.0,27.666666666666668,8.666666666666666,19.0,15.0,11.666666666666666,1.7,11.0,27.0,41.06,15.666666666666666,35.333333333333336,44.596666666666664,20.0,27.0,73.86,1.3333333333333333,8.333333333333334,0.9766666666666667,2.6666666666666665,25.666666666666668,0.12,11.666666666666666,3.0,93.66666666666667
80,100,2012-12-15,8,1,2012-2013,Suzano,Coop/São José Basketball,0,80.6,56.4,37.6,15.4,26.8,9.4,17.4,11.4,16.0,0.738,9.2,25.0,37.294,18.8,37.2,51.544000000000004,15.4,22.4,68.008,0.6,7.6,0.492,2.0,22.0,0.092,16.0,3.0,81.2,74.4,51.6,34.4,10.6,30.6,8.4,22.2,15.4,16.8,0.924,9.8,25.8,38.33399999999999,17.2,34.6,49.675999999999995,10.6,14.0,74.864,0.6,6.2,0.36400000000000005,2.0,19.8,0.10600000000000001,16.8,2.0,80.4
71,62,2012-12-15,8,1,2012-2013,Joinville,Uberlândia,1,75.14285714285714,68.14285714285714,45.42857142857143,16.0,32.142857142857146,10.285714285714286,21.857142857142858,12.714285714285714,17.142857142857142,0.7614285714285715,4.571428571428571,21.285714285714285,21.958571428571425,22.714285714285715,43.857142857142854,51.42142857142858,16.0,23.0,71.29285714285714,1.7142857142857142,10.285714285714286,0.6157142857142857,2.857142857142857,24.0,0.1242857142857143,17.142857142857142,3.857142857142857,82.0,80.33333333333333,58.5,39.0,13.333333333333334,28.833333333333332,5.5,23.333333333333332,18.166666666666668,14.166666666666666,1.3416666666666666,9.333333333333334,23.666666666666668,39.765,19.5,33.0,59.30166666666667,13.333333333333334,15.333333333333334,85.49666666666667,3.5,5.166666666666667,0.37999999999999995,1.1666666666666667,21.833333333333332,0.05166666666666667,14.166666666666666,2.6666666666666665,94.33333333333333
78,75,2012-12-15,8,1,2012-2013,Mogi,Palmeiras,1,71.33333333333333,57.0,38.0,14.833333333333334,35.333333333333336,11.5,23.833333333333332,11.166666666666666,17.666666666666668,0.69,6.166666666666667,18.5,32.791666666666664,19.0,41.5,46.115,14.833333333333334,21.333333333333332,68.91166666666668,0.8333333333333334,5.833333333333333,0.335,1.0,23.0,0.04833333333333334,17.666666666666668,3.6666666666666665,75.83333333333333,77.0,55.2,36.8,14.4,27.6,8.6,19.0,12.2,10.8,1.24,8.6,24.0,36.141999999999996,18.4,39.4,47.35,14.4,21.6,64.22999999999999,1.4,8.0,0.75,1.6,24.6,0.062,10.8,2.6,81.8
72,58,2012-12-15,8,1,2012-2013,Limeira,Sesi Franca,1,85.28571428571429,56.142857142857146,37.42857142857143,13.142857142857142,29.857142857142858,8.285714285714286,21.571428571428573,17.571428571428573,13.428571428571429,1.4042857142857146,11.571428571428571,26.857142857142858,43.85142857142858,18.714285714285715,37.57142857142857,49.91428571428572,13.142857142857142,16.571428571428573,79.76571428571427,1.2857142857142858,6.285714285714286,0.5157142857142857,1.4285714285714286,22.285714285714285,0.06571428571428571,13.428571428571429,2.2857142857142856,95.14285714285714,77.57142857142857,73.71428571428571,49.142857142857146,14.285714285714286,30.857142857142858,8.285714285714286,22.571428571428573,14.428571428571429,15.428571428571429,1.27,4.714285714285714,14.714285714285714,32.84428571428571,24.571428571428573,46.57142857142857,52.878571428571426,14.285714285714286,21.285714285714285,67.44285714285714,3.0,10.857142857142858,0.8957142857142857,3.2857142857142856,18.571428571428573,0.1742857142857143,15.428571428571429,4.285714285714286,93.85714285714286
86,61,2012-12-15,8,1,2012-2013,Flamengo,Fortaleza B. C. / CFO,1,88.66666666666667,78.0,52.0,20.666666666666668,34.0,10.0,24.0,11.0,16.666666666666668,0.7366666666666667,5.333333333333333,17.333333333333332,31.27,26.0,40.666666666666664,64.66333333333334,20.666666666666668,29.0,72.20666666666666,0.6666666666666666,6.666666666666667,0.3766666666666667,1.0,22.333333333333332,0.05333333333333334,16.666666666666668,4.0,102.0,75.2,66.6,44.4,11.6,30.6,9.6,21.0,12.4,13.2,1.05,6.4,18.0,35.786,22.2,43.2,52.116,11.6,17.0,66.798,1.2,7.0,0.662,2.6,21.6,0.124,13.2,2.8,84.8
74,79,2012-12-17,4,1,2012-2013,Tijuca,Coop/São José Basketball,0,65.14285714285714,52.285714285714285,34.857142857142854,13.571428571428571,24.571428571428573,6.714285714285714,17.857142857142858,10.428571428571429,12.142857142857142,1.0214285714285714,5.571428571428571,19.428571428571427,26.38714285714286,17.428571428571427,36.714285714285715,47.61000000000001,13.571428571428571,19.142857142857142,71.14285714285714,1.0,7.142857142857143,0.7185714285714286,1.4285714285714286,16.857142857142858,0.09714285714285717,12.142857142857142,4.142857142857143,67.57142857142857,78.66666666666667,58.5,39.0,11.666666666666666,32.5,9.5,23.0,17.333333333333332,16.666666666666668,1.0516666666666667,9.333333333333334,25.166666666666668,37.24833333333333,19.5,37.0,51.94166666666666,11.666666666666666,15.0,76.55333333333333,0.5,6.666666666666667,0.3966666666666667,2.1666666666666665,19.833333333333332,0.11333333333333334,16.666666666666668,1.8333333333333333,89.16666666666667
72,91,2012-12-17,3,1,2012-2013,Suzano,Pinheiros,0,80.5,57.0,38.0,15.0,26.166666666666668,8.333333333333334,17.833333333333332,12.5,16.5,0.7733333333333333,9.166666666666666,24.333333333333332,38.221666666666664,19.0,37.5,51.5,15.0,21.833333333333332,68.07666666666667,0.5,7.666666666666667,0.48,2.3333333333333335,21.5,0.11166666666666668,16.5,2.8333333333333335,81.83333333333333,92.2,59.4,39.6,22.6,29.8,5.2,24.6,14.0,16.0,1.012,10.0,26.4,39.24400000000001,19.8,32.8,60.902,22.6,29.4,76.006,1.8,7.8,0.588,2.2,23.0,0.10400000000000001,16.0,1.6,102.2
70,64,2012-12-17,4,1,2012-2013,Flamengo,Mogi,1,88.0,74.25,49.5,20.5,36.75,9.25,27.5,9.5,15.75,0.6475,6.0,18.25,32.9775,24.75,39.5,63.08,20.5,28.0,74.155,1.0,5.75,0.34,1.0,22.75,0.05,15.75,3.0,101.25,72.28571428571429,57.42857142857143,38.285714285714285,16.0,34.57142857142857,10.857142857142858,23.714285714285715,11.714285714285714,17.285714285714285,0.7342857142857142,6.0,18.142857142857142,32.57142857142857,19.142857142857142,41.0,47.04571428571428,16.0,22.285714285714285,70.80142857142857,0.7142857142857143,5.428571428571429,0.3157142857142858,1.2857142857142858,22.857142857142858,0.06142857142857144,17.285714285714285,3.2857142857142856,77.28571428571429
89,73,2012-12-19,9,1,2012-2013,Uberlândia,Palmeiras,1,77.71428571428571,59.142857142857146,39.42857142857143,13.0,29.285714285714285,6.714285714285714,22.571428571428573,17.285714285714285,14.0,1.2814285714285714,8.428571428571429,23.571428571428573,35.94714285714286,19.714285714285715,34.57142857142857,57.64857142857143,13.0,15.428571428571429,83.10428571428572,3.4285714285714284,5.142857142857143,0.37999999999999995,1.1428571428571428,21.0,0.052857142857142866,14.0,2.857142857142857,89.42857142857143,76.66666666666667,54.5,36.333333333333336,13.333333333333334,27.333333333333332,8.333333333333334,19.0,11.833333333333334,11.833333333333334,1.1316666666666666,9.0,24.5,36.90833333333333,18.166666666666668,38.666666666666664,47.553333333333335,13.333333333333334,20.666666666666668,61.85833333333333,1.1666666666666667,8.5,0.7333333333333334,1.6666666666666667,24.5,0.065,11.833333333333334,3.1666666666666665,81.33333333333333
97,89,2012-12-20,9,1,2012-2013,Brasília,Limeira,1,81.5,49.5,33.0,19.25,31.25,9.5,21.75,15.25,13.0,1.5099999999999998,9.75,26.25,37.045,16.5,34.25,48.769999999999996,19.25,25.25,76.645,1.25,7.75,0.8200000000000001,2.5,24.25,0.11499999999999999,13.0,4.5,95.5,83.625,54.75,36.5,12.625,30.25,8.375,21.875,17.75,13.625,1.3875000000000002,11.5,27.5,42.667500000000004,18.25,37.0,49.35625,12.625,16.125,78.44874999999999,1.125,6.125,0.4925,1.25,21.625,0.057499999999999996,13.625,2.5,93.125
59,87,2012-12-20,9,1,2012-2013,L. Sorocabana,Flamengo,0,67.16666666666667,57.5,38.333333333333336,15.333333333333334,27.666666666666668,8.333333333333334,19.333333333333332,7.833333333333333,11.333333333333334,0.765,4.5,18.5,26.40833333333333,19.166666666666668,39.0,49.23333333333334,15.333333333333334,21.666666666666668,69.75166666666667,1.5,7.0,0.7133333333333333,1.3333333333333333,20.166666666666668,0.06166666666666667,11.333333333333334,2.0,67.83333333333333,84.4,72.0,48.0,20.2,36.6,9.0,27.6,10.6,13.6,1.1179999999999999,5.4,18.2,29.715999999999998,24.0,41.2,59.214,20.2,27.4,74.524,1.0,6.0,0.5519999999999999,0.8,21.4,0.04,13.6,2.8,97.6
81,68,2012-12-20,9,1,2012-2013,Bauru Basket,Tijuca,1,80.33333333333333,61.5,41.0,14.833333333333334,33.333333333333336,10.333333333333334,23.0,13.166666666666666,13.166666666666666,1.0416666666666665,8.166666666666666,23.5,37.464999999999996,20.5,39.0,53.04833333333334,14.833333333333334,20.0,74.47166666666666,1.6666666666666667,4.5,0.37500000000000006,1.3333333333333333,17.666666666666668,0.08,13.166666666666666,2.5,88.16666666666667,66.25,54.375,36.25,14.25,26.125,7.375,18.75,10.375,12.125,0.9974999999999999,5.25,18.75,25.767500000000002,18.125,38.25,47.526250000000005,14.25,19.625,72.57625,1.0,7.125,0.70125,1.625,18.125,0.09875000000000002,12.125,3.875,69.625
108,66,2012-12-20,9,1,2012-2013,Sesi Franca,Suzano,1,75.125,70.875,47.25,13.625,31.625,8.875,22.75,15.0,15.625,1.2512500000000002,4.75,15.875,31.3425,23.625,45.5,51.86125,13.625,20.25,67.66624999999999,2.875,10.0,0.81375,3.375,18.5,0.18,15.625,3.875,90.375,79.28571428571429,60.0,40.0,14.0,26.428571428571427,8.428571428571429,18.0,11.857142857142858,16.0,0.7514285714285714,8.428571428571429,24.571428571428573,34.958571428571425,20.0,39.57142857142857,51.285714285714285,14.0,20.428571428571427,67.87571428571428,0.42857142857142855,8.714285714285714,0.5757142857142856,2.857142857142857,20.714285714285715,0.15,16.0,3.0,80.42857142857143
93,77,2012-12-20,9,1,2012-2013,Coop/São José Basketball,Pinheiros,1,78.71428571428571,58.285714285714285,38.857142857142854,14.142857142857142,31.857142857142858,9.142857142857142,22.714285714285715,15.857142857142858,16.0,0.9842857142857143,8.571428571428571,24.142857142857142,35.10142857142856,19.428571428571427,37.142857142857146,51.66428571428571,14.142857142857142,17.714285714285715,77.80142857142857,0.42857142857142855,7.0,0.4471428571428572,2.142857142857143,20.285714285714285,0.11,16.0,1.5714285714285714,87.85714285714286,92.0,59.5,39.666666666666664,21.333333333333332,32.666666666666664,5.833333333333333,26.833333333333332,14.166666666666666,16.5,0.9750000000000001,10.333333333333334,26.166666666666668,40.70333333333334,19.833333333333332,33.833333333333336,59.298333333333325,21.333333333333332,28.0,75.24333333333334,2.0,7.333333333333333,0.5333333333333333,2.5,22.0,0.12666666666666668,16.5,1.6666666666666667,104.0
77,73,2012-12-20,9,1,2012-2013,Mogi,Paulistano,1,71.25,56.625,37.75,15.875,34.75,10.25,24.5,12.0,16.625,0.78875,5.875,18.5,31.47625,18.875,40.25,47.23625,15.875,21.75,72.3675,0.625,5.0,0.29750000000000004,1.25,23.0,0.058750000000000004,16.625,3.25,76.875,87.42857142857143,72.42857142857143,48.285714285714285,16.857142857142858,37.714285714285715,13.142857142857142,24.571428571428573,17.285714285714285,17.0,1.0385714285714285,7.428571428571429,18.571428571428573,41.65571428571428,24.142857142857142,45.57142857142857,53.58428571428571,16.857142857142858,25.428571428571427,65.04714285714286,3.7142857142857144,8.285714285714286,0.5042857142857142,2.0,23.857142857142858,0.08857142857142856,17.0,2.7142857142857144,105.85714285714286
82,84,2012-12-20,9,1,2012-2013,Espírito Santo,Minas,0,77.5,54.375,36.25,14.25,28.375,8.5,19.875,12.25,13.25,0.995,9.0,22.25,40.2125,18.125,37.625,48.2825,14.25,19.375,72.5025,1.25,7.125,0.5762499999999999,1.625,19.25,0.09,13.25,4.0,84.875,80.42857142857143,63.42857142857143,42.285714285714285,15.857142857142858,27.428571428571427,8.0,19.428571428571427,14.714285714285714,12.571428571428571,1.292857142857143,7.428571428571429,21.714285714285715,34.32142857142858,21.142857142857142,38.142857142857146,55.3,15.857142857142858,20.714285714285715,76.46714285714286,0.8571428571428571,7.714285714285714,0.6699999999999999,2.5714285714285716,21.285714285714285,0.12571428571428572,12.571428571428571,3.0,92.0
78,62,2012-12-20,9,1,2012-2013,Fortaleza B. C. / CFO,Joinville,1,72.83333333333333,62.0,41.333333333333336,12.0,30.0,9.5,20.5,10.833333333333334,12.166666666666666,0.9466666666666667,6.5,19.666666666666668,33.98833333333334,20.666666666666668,42.666666666666664,48.846666666666664,12.0,17.666666666666668,66.77666666666667,1.1666666666666667,7.0,0.7183333333333334,2.5,22.0,0.11666666666666665,12.166666666666666,2.8333333333333335,78.66666666666667,74.625,66.75,44.5,15.875,33.375,11.25,22.125,11.875,17.0,0.71375,4.75,20.75,23.624999999999996,22.25,44.375,49.941250000000004,15.875,22.5,72.25,1.625,9.625,0.5774999999999999,2.75,23.0,0.125,17.0,3.875,81.0
94,83,2012-12-22,10,1,2012-2013,Brasília,Joinville,1,84.6,51.6,34.4,18.4,30.4,9.0,21.4,16.2,12.2,1.652,10.6,27.8,37.872,17.2,33.2,52.80999999999999,18.4,23.8,77.982,1.4,7.4,0.79,2.4,23.0,0.11399999999999999,12.2,3.8,99.4,73.22222222222223,66.33333333333333,44.22222222222222,16.0,33.0,11.11111111111111,21.88888888888889,11.555555555555555,17.0,0.6933333333333334,4.333333333333333,20.333333333333332,21.65333333333333,22.11111111111111,44.44444444444444,49.57777777777778,16.0,22.666666666666668,72.09222222222223,1.6666666666666667,9.555555555555555,0.5722222222222222,2.7777777777777777,23.0,0.12555555555555553,17.0,3.5555555555555554,78.33333333333333
68,76,2012-12-22,10,1,2012-2013,Coop/São José Basketball,Paulistano,0,80.5,60.0,40.0,15.0,32.875,9.25,23.625,16.5,16.375,1.0,8.5,23.875,35.25874999999999,20.0,37.75,52.348749999999995,15.0,18.625,78.57625,0.625,7.125,0.44375000000000003,2.375,20.625,0.11750000000000001,16.375,1.75,91.625,85.625,70.875,47.25,16.25,36.625,12.625,24.0,17.0,16.25,1.0787499999999999,7.375,19.125,40.2525,23.625,45.5,52.44125,16.25,24.375,65.74000000000001,3.75,8.125,0.52125,2.25,23.375,0.10250000000000001,16.25,2.625,102.375
72,67,2012-12-22,10,1,2012-2013,L. Sorocabana,Tijuca,1,66.0,57.857142857142854,38.57142857142857,14.142857142857142,27.142857142857142,8.285714285714286,18.857142857142858,8.142857142857142,11.428571428571429,0.7742857142857142,4.428571428571429,19.142857142857142,25.119999999999997,19.285714285714285,39.57142857142857,48.84428571428572,14.142857142857142,19.857142857142858,70.89857142857143,1.2857142857142858,7.0,0.6942857142857142,1.2857142857142858,19.714285714285715,0.06142857142857143,11.428571428571429,2.2857142857142856,65.42857142857143,66.44444444444444,54.666666666666664,36.44444444444444,13.666666666666666,26.88888888888889,7.555555555555555,19.333333333333332,10.444444444444445,11.777777777777779,1.0222222222222221,5.444444444444445,18.555555555555557,27.480000000000004,18.22222222222222,38.666666666666664,47.272222222222226,13.666666666666666,18.88888888888889,72.20444444444445,1.0,6.777777777777778,0.6722222222222223,1.5555555555555556,18.444444444444443,0.09333333333333335,11.777777777777779,4.0,70.77777777777777
97,102,2012-12-22,10,1,2012-2013,Bauru Basket,Flamengo,0,80.42857142857143,60.0,40.0,15.571428571428571,33.57142857142857,10.285714285714286,23.285714285714285,13.0,12.428571428571429,1.107142857142857,8.285714285714286,23.428571428571427,37.70285714285715,20.0,38.285714285714285,52.612857142857145,15.571428571428571,20.714285714285715,75.26142857142857,1.5714285714285714,4.285714285714286,0.3757142857142858,1.1428571428571428,17.714285714285715,0.06857142857142857,12.428571428571429,2.5714285714285716,89.14285714285714,84.83333333333333,72.0,48.0,19.333333333333332,35.166666666666664,8.333333333333334,26.833333333333332,10.833333333333334,14.0,1.0566666666666666,5.833333333333333,17.0,36.885,24.0,41.333333333333336,58.86833333333333,19.333333333333332,25.666666666666668,76.81,1.5,6.166666666666667,0.5333333333333333,0.8333333333333334,20.5,0.043333333333333335,14.0,2.8333333333333335,98.16666666666667
65,84,2012-12-22,10,1,2012-2013,Fortaleza B. C. / CFO,Limeira,0,73.57142857142857,60.42857142857143,40.285714285714285,13.142857142857142,30.857142857142858,9.428571428571429,21.428571428571427,11.428571428571429,12.0,1.0057142857142858,6.714285714285714,20.142857142857142,34.10142857142857,20.142857142857142,41.42857142857143,49.01142857142857,13.142857142857142,18.714285714285715,68.66571428571429,1.1428571428571428,7.142857142857143,0.7200000000000001,2.5714285714285716,22.142857142857142,0.11857142857142856,12.0,2.7142857142857144,81.57142857142857,84.22222222222223,57.333333333333336,38.22222222222222,12.666666666666666,30.333333333333332,8.555555555555555,21.77777777777778,17.77777777777778,13.222222222222221,1.4333333333333336,11.11111111111111,27.77777777777778,40.89000000000001,19.11111111111111,37.111111111111114,51.47444444444445,12.666666666666666,15.88888888888889,80.05,1.1111111111111112,6.222222222222222,0.5155555555555555,1.1111111111111112,21.333333333333332,0.05111111111111111,13.222222222222221,2.4444444444444446,94.22222222222223
109,73,2012-12-22,10,1,2012-2013,Uberlândia,Suzano,1,79.125,60.0,40.0,13.25,30.25,6.875,23.375,17.625,14.0,1.2999999999999998,8.625,23.625,36.6625,20.0,34.875,57.875,13.25,15.5,84.435,3.75,5.0,0.36874999999999997,1.625,20.5,0.0825,14.0,2.875,92.625,77.625,58.875,39.25,14.0,26.75,9.0,17.75,11.625,17.125,0.7075,8.125,23.5,35.27625,19.625,39.5,50.323750000000004,14.0,20.875,66.6825,0.5,8.375,0.53375,2.625,19.625,0.14125000000000001,17.125,3.375,78.0
82,61,2012-12-22,10,1,2012-2013,Sesi Franca,Palmeiras,1,78.77777777777777,74.33333333333333,49.55555555555556,13.222222222222221,31.555555555555557,8.88888888888889,22.666666666666668,17.0,15.333333333333334,1.3944444444444446,5.333333333333333,16.88888888888889,32.30444444444444,24.77777777777778,45.44444444444444,54.49444444444444,13.222222222222221,19.555555555555557,68.08444444444444,4.0,10.666666666666666,0.86,3.2222222222222223,18.444444444444443,0.17222222222222222,15.333333333333334,3.888888888888889,97.55555555555556,76.14285714285714,54.0,36.0,13.142857142857142,26.571428571428573,7.857142857142857,18.714285714285715,12.285714285714286,11.142857142857142,1.2757142857142856,9.0,24.714285714285715,36.58142857142857,18.0,38.857142857142854,46.83142857142857,13.142857142857142,20.142857142857142,63.105714285714285,1.4285714285714286,8.428571428571429,0.7914285714285715,1.4285714285714286,23.857142857142858,0.055714285714285716,11.142857142857142,2.7142857142857144,79.85714285714286
76,95,2012-12-22,10,1,2012-2013,Mogi,Pinheiros,0,71.88888888888889,57.0,38.0,15.88888888888889,34.666666666666664,10.11111111111111,24.555555555555557,12.333333333333334,16.22222222222222,0.8288888888888888,6.0,18.555555555555557,32.07222222222222,19.0,40.111111111111114,47.68555555555555,15.88888888888889,21.666666666666668,72.79222222222224,0.5555555555555556,5.333333333333333,0.33333333333333337,1.2222222222222223,22.77777777777778,0.05777777777777778,16.22222222222222,3.0,78.55555555555556,89.85714285714286,58.714285714285715,39.142857142857146,21.571428571428573,32.57142857142857,7.0,25.571428571428573,14.714285714285714,15.571428571428571,1.092857142857143,9.714285714285714,27.0,37.56714285714286,19.571428571428573,33.857142857142854,58.38999999999999,21.571428571428573,28.0,76.22857142857143,1.7142857142857142,7.285714285714286,0.5571428571428572,2.7142857142857144,22.285714285714285,0.13285714285714287,15.571428571428571,1.4285714285714286,101.42857142857143
51,77,2013-01-05,11,1,2012-2013,Paulistano,Sesi Franca,0,84.55555555555556,72.0,48.0,15.555555555555555,36.666666666666664,12.444444444444445,24.22222222222222,16.666666666666668,15.444444444444445,1.1322222222222222,7.0,19.0,38.24888888888889,24.0,45.666666666666664,52.99777777777777,15.555555555555555,23.0,67.69444444444446,4.0,7.666666666666667,0.5122222222222222,2.2222222222222223,22.444444444444443,0.10555555555555557,15.444444444444445,2.4444444444444446,101.11111111111111,79.1,74.4,49.6,13.0,31.9,9.1,22.8,17.4,15.2,1.405,5.5,16.7,33.741,24.8,45.3,54.727,13.0,20.1,65.676,4.1,10.6,0.845,3.6,18.5,0.192,15.2,3.7,99.4
70,94,2013-01-05,11,1,2012-2013,Tijuca,Flamengo,0,66.5,55.2,36.8,13.8,27.1,7.5,19.6,9.7,12.2,0.9389999999999998,5.3,17.9,28.065000000000005,18.4,39.3,46.989000000000004,13.8,19.3,71.506,0.9,6.5,0.6300000000000001,1.5,18.3,0.09000000000000001,12.2,3.9,69.5,87.28571428571429,70.28571428571429,46.857142857142854,21.142857142857142,35.57142857142857,7.571428571428571,28.0,11.857142857142858,13.714285714285714,1.1199999999999999,6.428571428571429,17.857142857142858,37.82714285714286,23.428571428571427,41.0,57.784285714285716,21.142857142857142,27.714285714285715,77.26571428571428,1.2857142857142858,6.0,0.5171428571428571,0.7142857142857143,20.714285714285715,0.037142857142857144,13.714285714285714,2.5714285714285716,101.28571428571429
97,77,2013-01-05,11,1,2012-2013,Minas,Coop/São José Basketball,1,80.875,62.625,41.75,15.125,26.75,7.5,19.25,14.5,13.625,1.20875,8.0,21.625,37.173750000000005,20.875,37.375,55.809999999999995,15.125,20.125,74.72125,1.0,8.125,0.6512499999999999,2.25,21.25,0.11000000000000001,13.625,3.375,92.125,79.11111111111111,59.0,39.333333333333336,14.444444444444445,32.0,8.88888888888889,23.11111111111111,16.0,15.555555555555555,1.0366666666666666,8.444444444444445,24.444444444444443,34.40666666666666,19.666666666666668,37.0,52.62555555555556,14.444444444444445,17.88888888888889,79.10444444444445,0.5555555555555556,6.888888888888889,0.4566666666666667,2.4444444444444446,20.11111111111111,0.12555555555555556,15.555555555555555,1.7777777777777777,89.33333333333333
87,92,2013-01-05,11,1,2012-2013,Pinheiros,Uberlândia,0,90.5,57.375,38.25,21.125,32.0,6.375,25.625,15.5,15.375,1.14375,10.375,27.375,39.12125,19.125,32.875,58.78375,21.125,27.75,75.35375,1.625,7.375,0.5587500000000001,2.75,22.625,0.13125,15.375,1.375,103.375,82.44444444444444,61.666666666666664,41.111111111111114,13.666666666666666,30.333333333333332,7.0,23.333333333333332,17.77777777777778,13.555555555555555,1.3666666666666665,9.222222222222221,23.444444444444443,39.66,20.555555555555557,35.333333333333336,58.56666666666667,13.666666666666666,16.22222222222222,83.63888888888889,3.7777777777777777,5.444444444444445,0.42777777777777776,1.6666666666666667,20.0,0.08777777777777779,13.555555555555555,2.6666666666666665,97.77777777777777
71,85,2013-01-05,11,1,2012-2013,Suzano,Fortaleza B. C. / CFO,0,77.11111111111111,57.333333333333336,38.22222222222222,13.555555555555555,26.333333333333332,9.11111111111111,17.22222222222222,11.444444444444445,16.77777777777778,0.7077777777777778,8.444444444444445,23.444444444444443,36.67111111111111,19.11111111111111,39.44444444444444,49.00555555555556,13.555555555555555,20.0,67.82,0.4444444444444444,8.11111111111111,0.5222222222222221,2.3333333333333335,19.77777777777778,0.12555555555555556,16.77777777777778,3.111111111111111,76.33333333333333,72.5,60.0,40.0,12.625,30.625,9.5,21.125,10.75,11.25,1.005,6.625,21.375,32.338750000000005,20.0,41.5,48.54,12.625,18.5,66.7,1.25,6.5,0.6712500000000001,2.5,21.25,0.12,11.25,2.875,78.25
78,88,2013-01-05,11,1,2012-2013,Palmeiras,Brasília,0,74.25,52.125,34.75,13.625,26.5,7.875,18.625,11.75,12.375,1.16375,8.625,24.5,35.269999999999996,17.375,37.75,46.39375,13.625,20.375,64.87625,1.5,8.25,0.73375,1.625,24.125,0.06375,12.375,3.5,77.25,86.16666666666667,54.0,36.0,18.166666666666668,29.666666666666668,8.833333333333334,20.833333333333332,16.666666666666668,11.333333333333334,1.8283333333333331,10.666666666666666,27.833333333333332,38.108333333333334,18.0,33.833333333333336,53.91833333333332,18.166666666666668,23.333333333333332,78.47666666666666,1.3333333333333333,7.333333333333333,0.8250000000000001,3.0,22.0,0.15333333333333332,11.333333333333334,3.5,102.0
71,83,2013-01-05,11,1,2012-2013,Joinville,Bauru Basket,0,74.2,67.5,45.0,15.4,32.8,11.1,21.7,11.8,16.8,0.717,4.6,20.3,22.987999999999996,22.5,45.2,49.620000000000005,15.4,21.8,72.026,1.8,9.2,0.5549999999999999,2.9,22.6,0.13399999999999998,16.8,3.7,79.4,82.5,61.125,40.75,15.5,34.25,10.25,24.0,14.0,12.25,1.2074999999999998,8.75,24.0,38.347500000000004,20.375,40.25,51.36,15.5,20.5,75.7225,1.375,5.0,0.44250000000000006,1.0,19.125,0.06,12.25,2.625,92.0
92,85,2013-01-05,11,1,2012-2013,Espírito Santo,Mogi,1,78.0,53.333333333333336,35.55555555555556,15.777777777777779,28.11111111111111,8.444444444444445,19.666666666666668,11.777777777777779,13.444444444444445,0.9433333333333334,8.88888888888889,22.88888888888889,38.91888888888889,17.77777777777778,36.55555555555556,48.87,15.777777777777779,21.0,73.59666666666666,1.4444444444444444,7.555555555555555,0.5933333333333333,1.4444444444444444,19.22222222222222,0.08,13.444444444444445,3.6666666666666665,84.33333333333333,72.3,58.8,39.2,15.7,34.4,9.9,24.5,12.5,15.7,0.8729999999999999,5.8,18.8,30.77,19.6,40.9,48.12499999999999,15.7,21.4,72.88100000000001,0.6,5.9,0.4,1.2,22.7,0.05700000000000001,15.7,2.8,79.1
85,66,2013-01-05,11,1,2012-2013,Limeira,L. Sorocabana,1,84.2,58.5,39.0,11.9,31.8,8.7,23.1,17.8,13.2,1.4280000000000002,11.1,27.0,42.301,19.5,37.9,51.438,11.9,15.3,77.04499999999999,1.3,5.7,0.472,1.1,20.9,0.052000000000000005,13.2,2.6,95.7,66.75,59.625,39.75,13.875,26.875,7.875,19.0,8.375,11.25,0.8025,4.375,19.25,24.479999999999997,19.875,40.0,49.715,13.875,19.125,72.75,1.5,7.625,0.7575,1.5,20.0,0.07125000000000001,11.25,2.375,67.25
97,82,2013-01-07,12,1,2012-2013,Pinheiros,Sesi Franca,1,90.11111111111111,57.333333333333336,38.22222222222222,20.555555555555557,30.88888888888889,6.666666666666667,24.22222222222222,15.222222222222221,15.0,1.1366666666666667,10.444444444444445,27.555555555555557,38.988888888888894,19.11111111111111,33.333333333333336,57.95777777777778,20.555555555555557,27.0,75.44666666666666,1.4444444444444444,7.333333333333333,0.5611111111111112,2.5555555555555554,22.0,0.12333333333333335,15.0,1.6666666666666667,101.44444444444444,78.9090909090909,75.0,50.0,12.545454545454545,32.27272727272727,8.818181818181818,23.454545454545453,17.181818181818183,14.909090909090908,1.3909090909090909,5.454545454545454,16.363636363636363,34.17,25.0,45.45454545454545,54.974545454545456,12.545454545454545,19.454545454545453,65.3,3.8181818181818183,10.545454545454545,0.8436363636363636,3.6363636363636362,18.636363636363637,0.19272727272727275,14.909090909090908,3.6363636363636362,99.9090909090909
76,88,2013-01-07,12,1,2012-2013,Paulistano,Uberlândia,0,81.2,69.3,46.2,14.6,36.0,12.2,23.8,15.4,15.6,1.043,6.8,19.3,36.697,23.1,45.1,51.448,14.6,21.9,65.92500000000001,3.6,7.5,0.496,2.2,22.5,0.10400000000000001,15.6,2.3,94.5,83.4,63.0,42.0,13.2,30.7,7.3,23.4,18.2,13.9,1.359,9.4,23.9,39.623000000000005,21.0,35.3,59.852999999999994,13.2,15.9,82.19800000000001,3.6,5.5,0.41999999999999993,1.7,20.0,0.089,13.9,3.1,99.9
86,93,2013-01-07,12,1,2012-2013,Espírito Santo,Coop/São José Basketball,0,79.4,51.9,34.6,17.2,29.0,8.5,20.5,12.0,14.3,0.913,9.2,23.5,39.165,17.3,36.0,48.177,17.2,22.7,74.132,1.4,7.9,0.584,1.9,20.3,0.092,14.3,4.1,87.0,78.9,59.7,39.8,14.8,31.9,9.2,22.7,16.3,15.4,1.069,8.1,23.8,33.74399999999999,19.9,37.0,53.309000000000005,14.8,18.8,77.861,0.5,6.9,0.461,2.4,19.7,0.12600000000000003,15.4,1.6,89.8
84,86,2013-01-07,12,1,2012-2013,Minas,Mogi,0,82.66666666666667,62.666666666666664,41.77777777777778,15.555555555555555,26.11111111111111,7.444444444444445,18.666666666666668,15.222222222222221,13.333333333333334,1.2866666666666666,8.444444444444445,22.0,38.37666666666667,20.88888888888889,37.0,56.47111111111111,15.555555555555555,20.333333333333332,76.01444444444445,0.8888888888888888,7.888888888888889,0.6399999999999999,2.2222222222222223,21.22222222222222,0.1088888888888889,13.333333333333334,3.2222222222222223,94.33333333333333,73.45454545454545,59.45454545454545,39.63636363636363,16.636363636363637,34.0,9.909090909090908,24.09090909090909,12.0,15.545454545454545,0.839090909090909,5.7272727272727275,19.181818181818183,29.94909090909091,19.818181818181817,41.90909090909091,47.596363636363634,16.636363636363637,22.363636363636363,73.6418181818182,0.5454545454545454,5.909090909090909,0.4027272727272727,1.0909090909090908,22.90909090909091,0.051818181818181826,15.545454545454545,2.909090909090909,78.27272727272727
81,92,2013-01-07,12,1,2012-2013,Suzano,Brasília,0,76.5,58.8,39.2,13.6,27.1,9.6,17.5,11.4,17.3,0.687,7.9,22.5,35.147,19.6,40.1,49.322,13.6,20.5,66.638,0.4,7.7,0.4879999999999999,2.4,19.8,0.128,17.3,3.1,75.8,86.42857142857143,55.714285714285715,37.142857142857146,18.428571428571427,31.714285714285715,9.285714285714286,22.428571428571427,16.0,11.857142857142858,1.6814285714285713,10.285714285714286,27.142857142857142,37.63285714285714,18.571428571428573,34.57142857142857,54.27428571428571,18.428571428571427,23.571428571428573,78.6942857142857,1.2857142857142858,7.0,0.7542857142857143,3.4285714285714284,22.428571428571427,0.1657142857142857,11.857142857142858,3.2857142857142856,103.14285714285714
81,86,2013-01-07,12,1,2012-2013,Palmeiras,Fortaleza B. C. / CFO,0,74.66666666666667,51.666666666666664,34.44444444444444,14.555555555555555,27.0,8.666666666666666,18.333333333333332,11.444444444444445,11.88888888888889,1.1600000000000001,8.555555555555555,24.88888888888889,34.52555555555555,17.22222222222222,38.22222222222222,45.47222222222222,14.555555555555555,21.666666666666668,65.30666666666667,1.6666666666666667,8.333333333333334,0.7777777777777778,1.5555555555555556,23.77777777777778,0.06222222222222223,11.88888888888889,3.111111111111111,76.88888888888889,73.88888888888889,61.666666666666664,41.111111111111114,13.11111111111111,30.333333333333332,9.11111111111111,21.22222222222222,11.88888888888889,11.444444444444445,1.0733333333333333,6.555555555555555,20.666666666666668,33.190000000000005,20.555555555555557,41.888888888888886,49.32,13.11111111111111,18.77777777777778,68.28333333333335,1.3333333333333333,7.0,0.6911111111111112,2.6666666666666665,21.0,0.13,11.444444444444445,2.6666666666666665,81.55555555555556
86,93,2013-01-07,12,1,2012-2013,Joinville,L. Sorocabana,0,73.9090909090909,66.81818181818181,44.54545454545455,14.909090909090908,32.63636363636363,10.818181818181818,21.818181818181817,11.909090909090908,16.727272727272727,0.7254545454545455,4.818181818181818,20.727272727272727,23.44363636363636,22.272727272727273,44.45454545454545,50.02272727272727,14.909090909090908,21.0,72.47090909090909,1.7272727272727273,9.090909090909092,0.5499999999999999,3.0,22.454545454545453,0.13909090909090907,16.727272727272727,3.5454545454545454,79.27272727272727,66.66666666666667,59.666666666666664,39.77777777777778,13.88888888888889,26.555555555555557,7.666666666666667,18.88888888888889,8.555555555555555,11.555555555555555,0.7922222222222222,4.333333333333333,19.11111111111111,24.228888888888886,19.88888888888889,39.44444444444444,50.54,13.88888888888889,19.22222222222222,72.44444444444444,1.6666666666666667,7.666666666666667,0.7366666666666667,1.4444444444444444,19.555555555555557,0.07,11.555555555555555,2.3333333333333335,67.33333333333333
82,84,2013-01-07,12,1,2012-2013,Limeira,Bauru Basket,0,84.27272727272727,57.54545454545455,38.36363636363637,11.818181818181818,31.636363636363637,8.818181818181818,22.818181818181817,17.90909090909091,13.272727272727273,1.4218181818181819,11.363636363636363,26.454545454545453,44.51636363636364,19.181818181818183,37.90909090909091,50.59,11.818181818181818,15.181818181818182,77.18363636363637,1.3636363636363635,5.909090909090909,0.4809090909090909,1.0909090909090908,20.727272727272727,0.051818181818181826,13.272727272727273,2.5454545454545454,96.27272727272727,82.55555555555556,62.333333333333336,41.55555555555556,15.0,33.44444444444444,9.777777777777779,23.666666666666668,13.444444444444445,12.444444444444445,1.1444444444444444,8.666666666666666,23.22222222222222,39.31555555555556,20.77777777777778,39.888888888888886,52.86,15.0,20.77777777777778,72.62333333333333,1.5555555555555556,5.444444444444445,0.4644444444444445,1.3333333333333333,18.88888888888889,0.08,12.444444444444445,2.888888888888889,93.0
77,82,2013-01-10,13,1,2012-2013,Tijuca,Limeira,0,66.81818181818181,55.36363636363637,36.90909090909091,13.818181818181818,27.181818181818183,7.545454545454546,19.636363636363637,9.545454545454545,11.909090909090908,0.9345454545454545,5.363636363636363,18.545454545454547,27.69545454545455,18.454545454545453,39.18181818181818,47.26272727272728,13.818181818181818,19.363636363636363,71.36909090909091,0.8181818181818182,6.181818181818182,0.6027272727272728,1.3636363636363635,18.727272727272727,0.08181818181818183,11.909090909090908,3.6363636363636362,68.9090909090909,84.08333333333333,58.0,38.666666666666664,11.916666666666666,30.833333333333332,8.5,22.333333333333332,18.083333333333332,13.416666666666666,1.4141666666666666,11.166666666666666,26.083333333333332,44.215833333333336,19.333333333333332,37.916666666666664,50.979166666666664,11.916666666666666,15.333333333333334,77.12416666666667,1.25,6.083333333333333,0.48500000000000004,1.1666666666666667,21.083333333333332,0.05416666666666667,13.416666666666666,2.4166666666666665,95.75
96,99,2013-01-10,13,1,2012-2013,Brasília,Pinheiros,0,87.125,55.875,37.25,18.0,32.125,9.75,22.375,16.375,12.5,1.61125,10.625,28.125,37.57125,18.625,34.375,54.68749999999999,18.0,22.75,79.88749999999999,1.25,7.25,0.7262500000000001,3.375,22.25,0.16249999999999998,12.5,3.125,103.625,90.8,57.6,38.4,19.7,30.3,6.8,23.5,16.4,14.6,1.268,10.9,27.7,40.262,19.2,34.2,56.924,19.7,26.0,74.961,1.7,7.7,0.6050000000000001,2.4,21.7,0.11600000000000002,14.6,1.6,102.8
94,67,2013-01-10,13,1,2012-2013,Flamengo,Joinville,1,88.125,71.25,47.5,21.125,35.875,8.125,27.75,12.125,12.625,1.33,6.5,18.375,37.07625,23.75,40.875,58.68625,21.125,28.25,75.81125,1.375,6.125,0.6275,0.875,20.75,0.045,12.625,2.5,104.0,74.91666666666667,66.5,44.333333333333336,15.083333333333334,32.416666666666664,10.75,21.666666666666668,12.083333333333334,17.416666666666668,0.7116666666666668,5.166666666666667,20.583333333333332,25.4375,22.166666666666668,44.0,50.34166666666667,15.083333333333334,21.583333333333332,71.49083333333333,1.5833333333333333,8.916666666666666,0.5275,3.0,22.583333333333332,0.1383333333333333,17.416666666666668,3.5833333333333335,80.25
93,73,2013-01-10,13,1,2012-2013,L. Sorocabana,Palmeiras,1,69.3,60.9,40.6,14.3,26.5,8.0,18.5,8.5,11.5,0.7859999999999999,4.8,19.0,26.805999999999994,20.3,39.7,51.2,14.3,20.4,71.006,1.8,8.3,0.79,1.6,19.3,0.081,11.5,2.3,71.4,75.3,53.7,35.8,14.3,27.9,9.0,18.9,10.7,12.0,1.0750000000000002,8.4,23.9,35.739999999999995,17.9,39.8,45.369,14.3,21.0,66.776,1.5,8.3,0.762,1.5,23.2,0.06200000000000001,12.0,3.0,77.3
85,44,2013-01-10,13,1,2012-2013,Bauru Basket,Suzano,1,82.7,62.4,41.6,15.0,33.6,10.1,23.5,14.3,13.3,1.135,8.7,22.9,39.884,20.8,40.0,52.696000000000005,15.0,21.0,71.88300000000001,1.7,5.4,0.44200000000000006,1.5,18.8,0.089,13.3,3.4,94.2,76.9090909090909,59.45454545454545,39.63636363636363,13.545454545454545,27.181818181818183,9.727272727272727,17.454545454545453,11.636363636363637,17.727272727272727,0.6827272727272727,7.909090909090909,22.727272727272727,34.86090909090909,19.818181818181817,39.81818181818182,50.24363636363637,13.545454545454545,20.727272727272727,65.71818181818182,0.5454545454545454,8.0,0.489090909090909,2.3636363636363638,19.272727272727273,0.1290909090909091,17.727272727272727,3.272727272727273,76.81818181818181
88,86,2013-01-10,13,1,2012-2013,Uberlândia,Minas,1,83.81818181818181,63.27272727272727,42.18181818181818,13.818181818181818,30.454545454545453,7.0,23.454545454545453,18.0,13.454545454545455,1.3972727272727272,9.272727272727273,24.0,38.93,21.09090909090909,35.09090909090909,60.47272727272727,13.818181818181818,16.727272727272727,81.99818181818182,3.5454545454545454,5.545454545454546,0.44272727272727264,1.5454545454545454,20.454545454545453,0.08090909090909092,13.454545454545455,3.0,100.18181818181819,82.8,63.0,42.0,15.9,26.2,7.3,18.9,14.9,13.0,1.278,8.3,21.7,38.223,21.0,37.0,56.769999999999996,15.9,20.6,76.674,0.8,7.3,0.5959999999999999,2.3,21.6,0.11000000000000001,13.0,3.4,94.5
96,86,2013-01-10,13,1,2012-2013,Sesi Franca,Espírito Santo,1,79.16666666666667,74.5,49.666666666666664,13.0,32.666666666666664,9.0,23.666666666666668,16.666666666666668,15.5,1.3166666666666667,5.5,16.333333333333332,34.4475,24.833333333333332,45.25,54.850833333333334,13.0,19.75,66.38,3.8333333333333335,10.083333333333334,0.7925,3.5833333333333335,18.5,0.19166666666666668,15.5,3.5833333333333335,99.0,80.0,51.81818181818182,34.54545454545455,17.09090909090909,28.272727272727273,8.363636363636363,19.90909090909091,11.909090909090908,13.727272727272727,0.9554545454545456,9.454545454545455,24.181818181818183,39.12363636363636,17.272727272727273,35.63636363636363,48.627272727272725,17.09090909090909,22.727272727272727,73.71727272727274,1.3636363636363635,7.818181818181818,0.6109090909090908,1.7272727272727273,20.545454545454547,0.08363636363636363,13.727272727272727,4.090909090909091,87.0
105,67,2013-01-10,13,1,2012-2013,Coop/São José Basketball,Mogi,1,80.18181818181819,60.0,40.0,15.363636363636363,31.636363636363637,9.0,22.636363636363637,16.0,14.636363636363637,1.1409090909090909,8.272727272727273,23.818181818181817,34.46454545454545,20.0,36.63636363636363,54.24818181818182,15.363636363636363,19.363636363636363,78.41909090909091,0.45454545454545453,6.545454545454546,0.4581818181818182,2.1818181818181817,19.90909090909091,0.11454545454545456,14.636363636363637,1.6363636363636365,91.36363636363636,74.5,58.25,38.833333333333336,17.416666666666668,33.416666666666664,9.666666666666666,23.75,12.416666666666666,14.833333333333334,0.9716666666666666,6.083333333333333,19.25,31.62,19.416666666666668,41.333333333333336,47.20166666666666,17.416666666666668,23.166666666666668,74.27583333333335,0.5,5.583333333333333,0.3933333333333333,1.25,22.916666666666668,0.05833333333333334,14.833333333333334,2.8333333333333335,80.08333333333333
95,76,2013-01-10,13,1,2012-2013,Fortaleza B. C. / CFO,Paulistano,1,75.1,64.2,42.8,13.4,30.6,8.9,21.7,12.3,11.7,1.08,6.3,20.5,31.976000000000006,21.4,42.4,50.558,13.4,18.8,69.876,1.3,7.2,0.686,2.6,20.6,0.129,11.7,2.5,83.4,80.72727272727273,68.72727272727273,45.81818181818182,14.727272727272727,37.0,13.363636363636363,23.636363636363637,14.727272727272727,15.090909090909092,1.020909090909091,6.7272727272727275,19.818181818181817,35.54272727272728,22.90909090909091,46.0,50.24181818181818,14.727272727272727,22.181818181818183,65.75000000000001,3.4545454545454546,7.2727272727272725,0.49636363636363634,2.272727272727273,22.818181818181817,0.10545454545454547,15.090909090909092,2.1818181818181817,92.9090909090909
58,79,2013-01-12,14,1,2012-2013,Tijuca,Joinville,0,67.66666666666667,56.0,37.333333333333336,14.083333333333334,26.833333333333332,7.5,19.333333333333332,10.0,11.75,0.9816666666666666,5.416666666666667,18.916666666666668,27.561666666666667,18.666666666666668,38.833333333333336,48.32416666666668,14.083333333333334,19.583333333333332,71.86083333333333,0.75,6.25,0.6108333333333335,1.4166666666666667,18.833333333333332,0.08333333333333336,11.75,3.4166666666666665,70.16666666666667,74.3076923076923,65.3076923076923,43.53846153846154,15.076923076923077,31.923076923076923,10.923076923076923,21.0,11.846153846153847,17.53846153846154,0.6930769230769231,5.230769230769231,20.615384615384617,25.678461538461537,21.76923076923077,43.76923076923077,49.658461538461545,15.076923076923077,21.53846153846154,71.48615384615384,1.4615384615384615,8.615384615384615,0.5069230769230769,2.923076923076923,22.46153846153846,0.13538461538461538,17.53846153846154,3.4615384615384617,78.15384615384616
84,85,2013-01-12,14,1,2012-2013,Fortaleza B. C. / CFO,Pinheiros,0,76.9090909090909,64.63636363636364,43.09090909090909,13.090909090909092,29.636363636363637,8.454545454545455,21.181818181818183,13.454545454545455,11.272727272727273,1.3063636363636364,6.909090909090909,20.727272727272727,34.20727272727273,21.545454545454547,42.0,51.46454545454546,13.090909090909092,18.181818181818183,71.09909090909092,1.1818181818181819,7.454545454545454,0.7536363636363638,2.6363636363636362,20.545454545454547,0.1309090909090909,11.272727272727273,2.3636363636363638,86.9090909090909,91.54545454545455,57.81818181818182,38.54545454545455,19.454545454545453,30.0,6.7272727272727275,23.272727272727273,17.181818181818183,15.0,1.2727272727272727,11.181818181818182,27.636363636363637,41.31545454545455,19.272727272727273,34.18181818181818,57.09636363636364,19.454545454545453,25.454545454545453,75.87363636363636,2.0,7.545454545454546,0.5790909090909092,2.727272727272727,21.636363636363637,0.13181818181818183,15.0,1.7272727272727273,104.36363636363636
68,67,2013-01-12,14,1,2012-2013,Brasília,Paulistano,1,88.11111111111111,58.333333333333336,38.888888888888886,18.22222222222222,31.555555555555557,9.555555555555555,22.0,17.22222222222222,12.444444444444445,1.6544444444444446,10.333333333333334,27.333333333333332,37.63,19.444444444444443,35.666666666666664,54.8911111111111,18.22222222222222,22.88888888888889,80.27,1.3333333333333333,7.444444444444445,0.7288888888888889,3.6666666666666665,21.77777777777778,0.1811111111111111,12.444444444444445,3.0,105.33333333333333,80.33333333333333,67.0,44.666666666666664,14.916666666666666,36.666666666666664,13.25,23.416666666666668,14.25,15.0,0.9891666666666667,6.916666666666667,19.833333333333332,36.33083333333334,22.333333333333332,45.333333333333336,49.564166666666665,14.916666666666666,22.416666666666668,65.93750000000001,3.3333333333333335,6.916666666666667,0.4725,2.1666666666666665,22.5,0.10083333333333334,15.0,2.3333333333333335,91.75
98,81,2013-01-12,14,1,2012-2013,Flamengo,Limeira,1,88.77777777777777,71.66666666666667,47.77777777777778,20.333333333333332,34.666666666666664,7.777777777777778,26.88888888888889,13.0,12.444444444444445,1.3844444444444446,6.888888888888889,18.555555555555557,38.51222222222222,23.88888888888889,40.333333333333336,59.88111111111112,20.333333333333332,27.666666666666668,74.1511111111111,2.0,6.777777777777778,0.6788888888888889,1.3333333333333333,20.77777777777778,0.06666666666666667,12.444444444444445,2.3333333333333335,106.33333333333333,83.92307692307692,57.69230769230769,38.46153846153846,12.23076923076923,30.46153846153846,8.307692307692308,22.153846153846153,17.846153846153847,13.461538461538462,1.3876923076923076,11.076923076923077,25.846153846153847,44.159230769230774,19.23076923076923,37.46153846153846,51.38461538461539,12.23076923076923,15.538461538461538,78.02923076923076,1.2307692307692308,6.230769230769231,0.4915384615384616,1.0769230769230769,20.923076923076923,0.05,13.461538461538462,2.6923076923076925,95.76923076923077
87,70,2013-01-12,14,1,2012-2013,L. Sorocabana,Suzano,1,71.45454545454545,63.54545454545455,42.36363636363637,14.909090909090908,26.636363636363637,8.0,18.636363636363637,9.272727272727273,11.727272727272727,0.8245454545454546,4.7272727272727275,18.272727272727273,27.674545454545452,21.181818181818183,40.18181818181818,52.60636363636363,14.909090909090908,21.09090909090909,71.3690909090909,2.1818181818181817,8.818181818181818,0.8090909090909091,1.7272727272727273,19.272727272727273,0.0881818181818182,11.727272727272727,2.090909090909091,75.72727272727273,74.16666666666667,58.0,38.666666666666664,13.0,27.25,9.666666666666666,17.583333333333332,11.166666666666666,17.916666666666668,0.6508333333333333,7.5,22.333333333333332,33.345,19.333333333333332,39.083333333333336,49.82,13.0,20.0,65.1025,0.5,7.833333333333333,0.4733333333333332,2.25,18.916666666666668,0.12416666666666666,17.916666666666668,3.4166666666666665,73.58333333333333
91,67,2013-01-12,14,1,2012-2013,Bauru Basket,Palmeiras,1,82.9090909090909,62.45454545454545,41.63636363636363,14.818181818181818,33.27272727272727,10.090909090909092,23.181818181818183,15.0,12.909090909090908,1.2536363636363637,8.818181818181818,23.0,40.046363636363644,20.818181818181817,40.0,52.67818181818182,14.818181818181818,20.454545454545453,73.22727272727273,1.5454545454545454,6.2727272727272725,0.5536363636363637,1.4545454545454546,18.545454545454547,0.08636363636363636,12.909090909090908,3.1818181818181817,95.81818181818181,75.0909090909091,53.45454545454545,35.63636363636363,14.090909090909092,27.363636363636363,9.0,18.363636363636363,11.0,12.0,1.0836363636363637,8.454545454545455,23.90909090909091,35.9,17.818181818181817,39.0,46.23,14.090909090909092,21.0,65.89999999999999,1.4545454545454546,8.272727272727273,0.7536363636363638,1.4545454545454546,23.454545454545453,0.06000000000000001,12.0,3.0,77.54545454545455
73,64,2013-01-12,14,1,2012-2013,Uberlândia,Espírito Santo,1,84.16666666666667,62.75,41.833333333333336,15.083333333333334,30.166666666666668,7.25,22.916666666666668,18.083333333333332,13.75,1.3741666666666665,9.083333333333334,23.583333333333332,38.755833333333335,20.916666666666668,35.0,60.089999999999996,15.083333333333334,17.833333333333332,83.22083333333333,3.3333333333333335,5.583333333333333,0.4349999999999999,1.5,20.416666666666668,0.07833333333333334,13.75,2.8333333333333335,100.0,80.5,52.5,35.0,17.5,28.5,8.5,20.0,12.0,13.833333333333334,0.9483333333333334,9.333333333333334,24.75,38.01416666666666,17.5,36.083333333333336,48.63999999999999,17.5,22.833333333333332,75.21333333333334,1.4166666666666667,8.25,0.6325,1.6666666666666667,20.833333333333332,0.08,13.833333333333334,3.9166666666666665,87.0
78,77,2013-01-12,14,1,2012-2013,Sesi Franca,Minas,1,80.46153846153847,74.53846153846153,49.69230769230769,13.692307692307692,32.84615384615385,8.846153846153847,24.0,16.76923076923077,15.461538461538462,1.3076923076923077,5.6923076923076925,16.53846153846154,35.03692307692308,24.846153846153847,44.84615384615385,55.439230769230775,13.692307692307692,20.76923076923077,66.40230769230769,3.923076923076923,10.076923076923077,0.783076923076923,3.6923076923076925,18.076923076923077,0.20615384615384616,15.461538461538462,3.3076923076923075,100.84615384615384,83.0909090909091,62.72727272727273,41.81818181818182,16.454545454545453,25.727272727272727,7.090909090909091,18.636363636363637,14.909090909090908,12.545454545454545,1.3327272727272728,8.272727272727273,21.454545454545453,38.57636363636364,20.90909090909091,36.90909090909091,56.66,16.454545454545453,20.90909090909091,78.03727272727272,0.7272727272727273,7.363636363636363,0.6327272727272727,2.1818181818181817,21.454545454545453,0.10454545454545455,12.545454545454545,3.090909090909091,94.63636363636364
83,75,2013-01-14,3,1,2012-2013,Flamengo,Coop/São José Basketball,1,89.7,72.3,48.2,20.2,33.9,7.7,26.2,12.5,12.4,1.3130000000000002,7.1,18.8,38.947,24.1,40.1,60.735,20.2,27.4,74.336,1.9,7.0,0.6859999999999999,1.3,20.4,0.06599999999999999,12.4,2.4,106.7,82.25,61.75,41.166666666666664,15.583333333333334,32.583333333333336,8.833333333333334,23.75,17.333333333333332,14.666666666666666,1.2233333333333334,8.5,24.0,35.11833333333333,20.583333333333332,37.083333333333336,55.085,15.583333333333334,19.333333333333332,79.77916666666667,0.6666666666666666,6.833333333333333,0.47583333333333333,2.4166666666666665,19.916666666666668,0.12583333333333335,14.666666666666666,1.75,96.5
92,77,2013-01-15,3,1,2012-2013,Brasília,Fortaleza B. C. / CFO,1,86.1,58.2,38.8,17.6,32.0,9.5,22.5,16.6,12.4,1.581,9.9,27.0,36.367000000000004,19.4,36.1,54.152,17.6,21.9,81.474,1.2,7.3,0.7060000000000001,3.6,21.9,0.176,12.4,2.9,102.3,77.5,65.0,43.333333333333336,13.166666666666666,30.5,8.833333333333334,21.666666666666668,13.0,11.0,1.2808333333333335,7.0,20.833333333333332,34.38666666666667,21.666666666666668,41.833333333333336,51.9675,13.166666666666666,18.333333333333332,71.00750000000001,1.1666666666666667,7.25,0.7433333333333335,2.5,20.583333333333332,0.12416666666666666,11.0,2.5,88.25
85,94,2013-01-15,4,1,2012-2013,Palmeiras,Pinheiros,0,74.41666666666667,53.0,35.333333333333336,14.583333333333334,27.083333333333332,8.833333333333334,18.25,10.916666666666666,12.166666666666666,1.0525000000000002,8.166666666666666,23.5,35.10166666666667,17.666666666666668,38.5,46.4175,14.583333333333334,21.333333333333332,67.075,1.3333333333333333,8.0,0.7208333333333333,1.4166666666666667,23.0,0.06000000000000002,12.166666666666666,3.0,76.5,91.0,58.5,39.0,19.0,29.166666666666668,6.333333333333333,22.833333333333332,17.0,14.416666666666666,1.3233333333333333,11.0,26.916666666666668,41.82,19.5,34.333333333333336,57.43083333333334,19.0,25.166666666666668,74.85416666666667,1.8333333333333333,7.0,0.5416666666666667,2.6666666666666665,21.416666666666668,0.13000000000000003,14.416666666666666,1.6666666666666667,103.33333333333333
77,94,2013-01-17,15,1,2012-2013,Pinheiros,L. Sorocabana,0,91.23076923076923,58.15384615384615,38.76923076923077,19.23076923076923,29.307692307692307,6.3076923076923075,23.0,16.46153846153846,14.307692307692308,1.2807692307692307,11.076923076923077,26.53846153846154,42.79923076923077,19.384615384615383,34.0,57.62846153846154,19.23076923076923,25.46153846153846,74.93153846153847,1.6923076923076923,6.769230769230769,0.5238461538461539,2.5384615384615383,21.615384615384617,0.1230769230769231,14.307692307692308,1.6923076923076923,103.61538461538461,72.75,66.0,44.0,15.0,27.166666666666668,8.25,18.916666666666668,9.416666666666666,11.416666666666666,0.8708333333333332,4.583333333333333,18.083333333333332,26.93083333333333,22.0,40.833333333333336,53.604166666666664,15.0,21.416666666666668,70.755,2.3333333333333335,8.5,0.7941666666666668,1.75,19.083333333333332,0.09083333333333334,11.416666666666666,2.0,77.83333333333333
87,66,2013-01-17,15,1,2012-2013,Coop/São José Basketball,Sesi Franca,1,81.6923076923077,61.61538461538461,41.07692307692308,15.461538461538462,31.846153846153847,8.153846153846153,23.692307692307693,16.615384615384617,14.384615384615385,1.1853846153846155,8.384615384615385,23.923076923076923,34.7576923076923,20.53846153846154,36.53846153846154,55.97615384615384,15.461538461538462,19.0,80.82153846153847,0.6923076923076923,6.769230769230769,0.4815384615384615,2.3076923076923075,20.153846153846153,0.11923076923076925,14.384615384615385,1.7692307692307692,95.07692307692308,80.28571428571429,75.42857142857143,50.285714285714285,13.714285714285714,32.357142857142854,8.785714285714286,23.571428571428573,16.642857142857142,15.285714285714286,1.2964285714285713,5.428571428571429,16.071428571428573,33.962857142857146,25.142857142857142,45.57142857142857,55.24571428571429,13.714285714285714,20.571428571428573,67.21499999999999,3.857142857142857,10.357142857142858,0.8042857142857143,3.5714285714285716,17.857142857142858,0.2007142857142857,15.285714285714286,3.2142857142857144,100.07142857142857
83,81,2013-01-17,15,1,2012-2013,Mogi,Uberlândia,1,73.92307692307692,57.23076923076923,38.15384615384615,17.307692307692307,32.84615384615385,9.76923076923077,23.076923076923077,12.307692307692308,14.846153846153847,0.9530769230769229,6.153846153846154,19.46153846153846,31.635384615384616,19.076923076923077,41.30769230769231,46.385384615384616,17.307692307692307,23.23076923076923,73.69076923076923,0.5384615384615384,5.615384615384615,0.39384615384615385,1.1538461538461537,22.615384615384617,0.05384615384615385,14.846153846153847,2.6923076923076925,78.15384615384616,83.3076923076923,62.76923076923077,41.84615384615385,14.692307692307692,30.384615384615383,7.076923076923077,23.307692307692307,17.923076923076923,14.23076923076923,1.3299999999999998,8.923076923076923,23.53846153846154,38.11538461538462,20.923076923076923,34.69230769230769,60.678461538461534,14.692307692307692,17.53846153846154,82.31384615384614,3.230769230769231,5.6923076923076925,0.42846153846153834,1.5384615384615385,19.923076923076923,0.08307692307692308,14.23076923076923,2.6923076923076925,98.92307692307692
85,94,2013-01-17,15,1,2012-2013,Espírito Santo,Fortaleza B. C. / CFO,0,79.23076923076923,52.84615384615385,35.23076923076923,17.0,28.46153846153846,8.692307692307692,19.76923076923077,11.923076923076923,13.76923076923077,0.9407692307692308,9.0,24.923076923076923,36.51461538461538,17.615384615384617,36.30769230769231,48.646153846153844,17.0,22.076923076923077,75.93692307692308,1.3846153846153846,8.692307692307692,0.666923076923077,1.6153846153846154,20.384615384615383,0.07923076923076923,13.76923076923077,3.8461538461538463,85.38461538461539,77.46153846153847,64.61538461538461,43.07692307692308,13.615384615384615,31.0,9.076923076923077,21.923076923076923,12.846153846153847,11.461538461538462,1.2323076923076923,6.923076923076923,20.76923076923077,34.049230769230775,21.53846153846154,41.84615384615385,51.63307692307693,13.615384615384615,18.76923076923077,71.63538461538462,1.2307692307692308,6.923076923076923,0.7000000000000001,2.3846153846153846,20.46153846153846,0.11846153846153847,11.461538461538462,2.6153846153846154,87.61538461538461
86,90,2013-01-17,15,1,2012-2013,Minas,Brasília,0,82.58333333333333,63.5,42.333333333333336,16.25,26.0,6.75,19.25,14.416666666666666,13.25,1.2575,8.0,21.083333333333332,37.81250000000001,21.166666666666668,36.833333333333336,57.494166666666665,16.25,20.5,78.82583333333334,0.6666666666666666,7.416666666666667,0.6116666666666666,2.0,21.5,0.09583333333333334,13.25,3.25,93.66666666666667,86.63636363636364,58.90909090909091,39.27272727272727,17.363636363636363,31.818181818181817,9.545454545454545,22.272727272727273,16.90909090909091,12.0,1.6645454545454548,10.0,27.727272727272727,35.91818181818182,19.636363636363637,36.18181818181818,54.63454545454545,17.363636363636363,21.363636363636363,82.59,1.0909090909090908,7.454545454545454,0.7445454545454546,3.4545454545454546,21.90909090909091,0.16818181818181818,12.0,2.8181818181818183,102.81818181818181
76,73,2013-01-17,15,1,2012-2013,Paulistano,Bauru Basket,1,79.3076923076923,66.23076923076923,44.15384615384615,14.615384615384615,36.46153846153846,13.076923076923077,23.384615384615383,13.846153846153847,14.846153846153847,0.9661538461538461,6.846153846153846,19.692307692307693,36.1,22.076923076923077,45.23076923076923,49.07307692307692,14.615384615384615,22.307692307692307,64.89461538461539,3.076923076923077,6.6923076923076925,0.45999999999999996,2.230769230769231,22.307692307692307,0.10461538461538462,14.846153846153847,2.6153846153846154,90.3076923076923,83.58333333333333,64.25,42.833333333333336,14.75,33.083333333333336,10.0,23.083333333333332,14.916666666666666,12.666666666666666,1.2658333333333334,8.666666666666666,22.833333333333332,39.48666666666667,21.416666666666668,40.083333333333336,53.979166666666664,14.75,20.166666666666668,73.9875,1.5833333333333333,6.583333333333333,0.5908333333333334,1.75,18.75,0.09916666666666667,12.666666666666666,3.0833333333333335,97.5
74,105,2013-01-17,15,1,2012-2013,Suzano,Flamengo,0,73.84615384615384,58.61538461538461,39.07692307692308,12.615384615384615,26.692307692307693,9.23076923076923,17.46153846153846,10.615384615384615,17.23076923076923,0.6346153846153846,7.384615384615385,22.076923076923077,33.209230769230764,19.53846153846154,38.76923076923077,50.823076923076925,12.615384615384615,19.46153846153846,64.82846153846154,0.5384615384615384,7.538461538461538,0.4707692307692307,2.076923076923077,18.923076923076923,0.11461538461538462,17.23076923076923,3.230769230769231,72.84615384615384,89.0909090909091,70.9090909090909,47.27272727272727,20.272727272727273,33.27272727272727,7.7272727272727275,25.545454545454547,12.545454545454545,11.909090909090908,1.3627272727272728,7.181818181818182,19.272727272727273,38.43636363636364,23.636363636363637,40.0,59.64272727272728,20.272727272727273,27.09090909090909,75.53272727272727,1.7272727272727273,7.090909090909091,0.7272727272727272,1.1818181818181819,20.272727272727273,0.05999999999999999,11.909090909090908,2.272727272727273,105.0909090909091
77,79,2013-01-17,15,1,2012-2013,Palmeiras,Tijuca,0,75.23076923076923,55.15384615384615,36.76923076923077,14.923076923076923,27.153846153846153,9.153846153846153,18.0,11.23076923076923,12.076923076923077,1.0761538461538462,7.846153846153846,23.23076923076923,33.94,18.384615384615383,39.30769230769231,47.08538461538462,14.923076923076923,21.76923076923077,67.32846153846154,1.3846153846153846,8.0,0.7215384615384616,1.3846153846153846,23.384615384615383,0.05846153846153848,12.076923076923077,2.923076923076923,77.53846153846153,66.92307692307692,55.84615384615385,37.23076923076923,13.538461538461538,26.615384615384617,7.3076923076923075,19.307692307692307,10.076923076923077,11.846153846153847,0.9715384615384615,5.384615384615385,18.615384615384617,28.005384615384614,18.615384615384617,39.15384615384615,47.82692307692309,13.538461538461538,19.076923076923077,70.47538461538463,0.7692307692307693,6.230769230769231,0.5992307692307693,1.4615384615384615,18.53846153846154,0.08692307692307695,11.846153846153847,3.230769230769231,68.92307692307692
77,62,2013-01-17,15,1,2012-2013,Joinville,Limeira,1,74.64285714285714,66.85714285714286,44.57142857142857,14.642857142857142,32.357142857142854,10.785714285714286,21.571428571428573,12.142857142857142,17.214285714285715,0.7314285714285715,5.142857142857143,20.5,25.347857142857144,22.285714285714285,43.857142857142854,50.714285714285715,14.642857142857142,20.857142857142858,71.73714285714286,1.5,8.642857142857142,0.5199999999999999,2.9285714285714284,21.928571428571427,0.13999999999999999,17.214285714285715,3.5,80.07142857142857,83.71428571428571,57.857142857142854,38.57142857142857,12.357142857142858,29.857142857142858,8.071428571428571,21.785714285714285,17.428571428571427,13.071428571428571,1.3957142857142857,10.928571428571429,25.428571428571427,44.21928571428572,19.285714285714285,37.57142857142857,51.37714285714286,12.357142857142858,15.642857142857142,78.33785714285715,1.1428571428571428,6.285714285714286,0.5192857142857144,1.0714285714285714,21.071428571428573,0.04928571428571429,13.071428571428571,2.5714285714285716,95.28571428571429
59,95,2013-01-19,16,1,2012-2013,Mogi,Sesi Franca,0,74.57142857142857,57.642857142857146,38.42857142857143,17.5,32.642857142857146,9.785714285714286,22.857142857142858,12.357142857142858,14.142857142857142,1.0707142857142855,6.214285714285714,19.571428571428573,31.756428571428568,19.214285714285715,41.92857142857143,46.07214285714286,17.5,23.285714285714285,74.37928571428573,0.5,5.642857142857143,0.45142857142857146,1.2142857142857142,22.785714285714285,0.055714285714285716,14.142857142857142,2.5,78.71428571428571,79.33333333333333,75.0,50.0,13.133333333333333,32.06666666666667,8.8,23.266666666666666,16.266666666666666,15.266666666666667,1.2586666666666666,5.4,16.2,33.550666666666665,25.0,45.266666666666666,55.302666666666674,13.133333333333333,20.0,65.51199999999999,3.6666666666666665,10.066666666666666,0.7773333333333333,3.466666666666667,17.733333333333334,0.196,15.266666666666667,3.066666666666667,97.93333333333334
94,96,2013-01-19,16,1,2012-2013,Paulistano,L. Sorocabana,0,79.07142857142857,66.21428571428571,44.142857142857146,14.571428571428571,36.07142857142857,12.857142857142858,23.214285714285715,14.0,15.0,0.9642857142857143,6.785714285714286,19.5,36.042142857142856,22.071428571428573,44.42857142857143,50.19,14.571428571428571,22.285714285714285,64.805,3.0714285714285716,6.571428571428571,0.44785714285714284,2.2142857142857144,22.214285714285715,0.1042857142857143,15.0,2.5714285714285716,90.42857142857143,74.38461538461539,66.0,44.0,16.307692307692307,27.53846153846154,8.538461538461538,19.0,9.384615384615385,11.307692307692308,0.8730769230769231,4.6923076923076925,18.23076923076923,27.166923076923073,22.0,41.15384615384615,53.24153846153846,16.307692307692307,22.46153846153846,72.34538461538462,2.3076923076923075,8.538461538461538,0.8023076923076924,1.6923076923076923,19.153846153846153,0.08769230769230771,11.307692307692308,2.076923076923077,79.61538461538461
61,106,2013-01-19,16,1,2012-2013,Palmeiras,Flamengo,0,75.35714285714286,56.142857142857146,37.42857142857143,15.0,28.0,9.5,18.5,11.428571428571429,11.928571428571429,1.0992857142857144,7.642857142857143,22.714285714285715,33.74785714285714,18.714285714285715,40.214285714285715,46.88142857142857,15.0,21.785714285714285,67.71428571428571,1.5,7.714285714285714,0.6985714285714286,1.2857142857142858,23.428571428571427,0.054285714285714305,11.928571428571429,2.857142857142857,78.14285714285714,90.41666666666667,72.25,48.166666666666664,20.25,33.833333333333336,7.833333333333333,26.0,13.083333333333334,11.75,1.4075,7.333333333333333,19.416666666666668,38.805,24.083333333333332,40.5,59.92583333333334,20.25,26.916666666666668,75.905,1.9166666666666667,7.25,0.7416666666666666,1.5,20.166666666666668,0.07666666666666666,11.75,2.0833333333333335,107.91666666666667
