placar_casa,placar_visitante,data,round,stage,ano,equipe_casa,equipe_visitante,Pts_casa,3P_casa,2P_casa,LL_casa,RT_casa,RO_casa,RD_casa,AS_casa,ER_casa,IA%_casa,3PC_casa,3PT_casa,3P%_casa,2PC_casa,2PT_casa,2P%_casa,LLC_casa,LLT_casa,LL%_casa,EN_casa,BR_casa,B/E_casa,TO_casa,FC_casa,T/FC_casa,ET_casa,VI_casa,EF_casa,Pts_visitante,3P_visitante,2P_visitante,LL_visitante,RT_visitante,RO_visitante,RD_visitante,AS_visitante,ER_visitante,IA%_visitante,3PC_visitante,3PT_visitante,3P%_visitante,2PC_visitante,2PT_visitante,2P%_visitante,LLC_visitante,LLT_visitante,LL%_visitante,EN_visitante,BR_visitante,B/E_visitante,TO_visitante,FC_visitante,T/FC_visitante,ET_visitante,VI_visitante,EF_visitante
82,78,2021-11-20,5,1,2021-2022,Sesi Franca,Paulistano,85.82266666666668,28.133333333333333,43.644,14.044,38.68933333333334,8.889333333333333,29.8,19.422666666666668,11.933333333333334,1.6633333333333333,9.377333333333333,25.77733333333333,36.333333333333336,21.82266666666667,38.77733333333333,56.69933333333332,14.044,19.333333333333332,73.10133333333332,3.066666666666667,7.4,0.636,2.2893333333333334,17.489333333333335,0.13866666666666666,11.933333333333334,1.5333333333333334,103.044,74.96666666666667,26.5,36.666666666666664,11.8,38.93333333333333,11.933333333333334,27.0,15.5,11.2,1.5939999999999996,8.833333333333334,27.766666666666666,32.013333333333335,18.333333333333332,39.2,47.35466666666667,11.8,17.033333333333335,70.79199999999999,1.3666666666666667,7.466666666666667,0.724,1.9666666666666666,20.033333333333335,0.1,11.2,2.6333333333333333,82.6
53,70,2021-11-21,5,1,2021-2022,BRB/Brasília,Pato Basquete,69.28933333333335,24.533333333333335,31.510666666666665,13.244,39.733333333333334,9.8,29.933333333333334,13.6,16.066666666666666,0.9246666666666666,8.177333333333333,26.577333333333332,30.473333333333336,15.756,35.956,44.38999999999999,13.244,17.556,76.152,0.6666666666666666,5.2,0.3460000000000001,1.9773333333333334,18.666666666666668,0.11333333333333334,16.066666666666666,2.044,70.82266666666668,71.23266666666667,23.5,36.20066666666666,11.533999999999999,36.53333333333333,10.699333333333334,25.834,14.199333333333334,14.434,1.1153333333333333,7.832666666666666,25.899333333333335,29.831999999999997,18.099333333333334,38.733333333333334,46.96200000000001,11.533999999999999,19.366666666666667,58.98066666666667,1.134,7.567333333333334,0.5653333333333334,1.4673333333333332,22.232666666666667,0.064,14.434,2.2666666666666666,70.03266666666667
74,86,2021-11-21,5,1,2021-2022,Cerrado,Mogi,74.68933333333332,24.4,39.910666666666664,10.377333333333334,40.156666666666666,12.133999999999999,28.02266666666667,13.666666666666666,13.689333333333334,1.0566666666666664,8.134,29.266666666666666,28.166000000000004,19.956000000000003,40.734,49.042,10.377333333333334,15.156,69.19666666666667,1.9093333333333333,7.711333333333333,0.5926666666666667,2.1106666666666665,18.156000000000002,0.11533333333333333,13.689333333333334,2.177333333333333,77.95733333333334,79.03333333333333,27.2,39.333333333333336,12.5,39.63333333333333,11.133333333333333,28.5,19.833333333333332,14.733333333333333,1.3760000000000001,9.066666666666666,28.2,31.836666666666662,19.666666666666668,37.96666666666667,51.89200000000001,12.5,15.933333333333334,78.19933333333333,2.6666666666666665,6.7,0.4713333333333333,2.6666666666666665,20.766666666666666,0.12799999999999997,14.733333333333333,2.2666666666666666,92.26666666666667
66,63,2021-12-01,6,1,2021-2022,Pato Basquete,Fortaleza B. C. / CFO,70.03266666666667,23.3,36.00066666666667,10.734,36.166666666666664,10.499333333333334,25.667333333333332,13.832666666666666,14.467333333333332,1.0886666666666664,7.766000000000001,26.099333333333334,29.308666666666664,17.999333333333333,38.233333333333334,47.34600000000001,10.734,18.466666666666665,57.98466666666666,1.134,7.500666666666666,0.5593333333333333,1.5339999999999998,21.899333333333335,0.06866666666666667,14.467333333333332,2.1666666666666665,68.29933333333334,74.66733333333333,24.3,37.93333333333333,12.434,39.266,10.900666666666666,28.36733333333333,14.332666666666666,13.732666666666667,1.0800000000000003,8.1,28.333333333333332,29.202666666666666,18.966666666666665,38.4,49.13,12.434,17.900666666666666,70.56,0.866,6.800666666666667,0.5053333333333334,2.332666666666667,19.267333333333333,0.12200000000000003,13.732666666666667,3.266,78.53333333333333
85,84,2021-12-01,6,1,2021-2022,Paulistano,Cerrado,74.9,26.4,36.666666666666664,11.833333333333334,38.53333333333333,11.9,26.633333333333333,15.4,10.933333333333334,1.6159999999999997,8.8,27.7,31.964666666666666,18.333333333333332,39.96666666666667,46.39200000000001,11.833333333333334,17.0,71.11733333333333,1.4,7.3,0.7220000000000001,2.1,20.333333333333332,0.10666666666666667,10.933333333333334,2.566666666666667,81.6,75.41133333333333,24.7,40.15533333333333,10.555333333333332,40.77866666666667,12.500666666666666,28.278000000000002,14.166666666666666,13.578000000000001,1.1119999999999999,8.234,29.3,28.563333333333336,20.078,41.134,48.89266666666667,10.555333333333332,15.344666666666667,69.32466666666666,1.9206666666666667,7.589333333333333,0.588,2.222,18.078,0.12266666666666667,13.578000000000001,2.322,79.67933333333333
75,85,2021-12-01,6,1,2021-2022,Mogi,UNIFACISA,79.1,26.9,39.06666666666667,13.133333333333333,39.3,11.0,28.3,19.7,14.466666666666667,1.3920000000000001,8.966666666666667,27.933333333333334,31.77733333333333,19.533333333333335,38.03333333333333,51.37800000000001,13.133333333333333,16.7,78.21333333333332,2.6333333333333333,6.833333333333333,0.48933333333333345,2.6666666666666665,20.733333333333334,0.12866666666666662,14.466666666666667,2.2,92.1,79.966,30.1,37.99933333333333,11.866666666666667,37.366,12.100666666666665,25.267333333333333,17.767333333333333,14.1,1.3366666666666664,10.033999999999999,28.233999999999998,35.58400000000001,19.000666666666667,38.10066666666667,50.276,11.866666666666667,16.167333333333332,72.346,1.6,7.033333333333333,0.5139999999999999,1.5333333333333334,20.134,0.07866666666666669,14.1,2.9673333333333334,87.96733333333333
73,64,2021-12-01,6,1,2021-2022,Corinthians,BRB/Brasília,76.71066666666665,33.3,31.77733333333333,11.633333333333333,36.022666666666666,10.943999999999999,25.077333333333332,16.2,13.344,1.2919999999999996,11.1,32.477333333333334,34.76199999999999,15.889333333333333,32.022666666666666,49.544666666666664,11.633333333333333,15.289333333333333,76.348,1.1773333333333333,6.6,0.5066666666666666,2.344,18.310666666666666,0.132,13.344,2.466666666666667,83.36666666666666,68.81133333333334,23.566666666666666,31.822,13.421999999999999,40.0,9.633333333333333,30.366666666666667,13.633333333333333,16.0,0.9319999999999999,7.855333333333333,25.988666666666667,29.815333333333335,15.911333333333335,36.11133333333334,44.576,13.421999999999999,17.978,75.44466666666668,0.7,4.966666666666667,0.3320000000000001,2.222,18.733333333333334,0.12533333333333335,16.0,2.055333333333333,70.74466666666667
73,68,2021-12-02,6,1,2021-2022,Bauru Basket,Pinheiros,76.53333333333333,26.0,38.221999999999994,12.311333333333334,36.13333333333333,8.111333333333333,28.022,17.578,12.978000000000002,1.4653333333333332,8.666666666666666,27.755333333333333,31.40333333333334,19.111333333333334,32.422,59.28266666666666,12.311333333333334,16.244666666666667,77.19666666666666,1.1553333333333333,5.866666666666666,0.4740000000000001,2.2886666666666664,18.711333333333336,0.12399999999999999,12.978000000000002,2.2666666666666666,89.08866666666667,73.0,24.666666666666668,35.86666666666667,12.466666666666667,39.84466666666667,12.6,27.244666666666667,17.35533333333333,13.955333333333332,1.2613333333333334,8.222,27.933333333333334,29.355999999999998,17.933333333333334,39.88866666666666,44.862,12.466666666666667,17.6,70.804,1.7113333333333334,8.311333333333334,0.604,3.0446666666666666,18.555333333333333,0.16266666666666668,13.955333333333332,1.9113333333333336,80.8
75,96,2021-12-02,6,1,2021-2022,Minas,Sesi Franca,82.26666666666667,31.1,37.86666666666667,13.3,37.63333333333333,9.766666666666667,27.866666666666667,16.966666666666665,13.1,1.434,10.366666666666667,28.066666666666666,36.915333333333336,18.933333333333334,33.93333333333333,56.15666666666667,13.3,18.2,74.23333333333333,1.6666666666666667,6.433333333333334,0.526,2.033333333333333,17.7,0.13,13.1,2.6666666666666665,94.63333333333334,86.51133333333334,29.066666666666666,43.48866666666666,13.955333333333332,38.87800000000001,8.811333333333334,30.066666666666666,19.544666666666668,12.033333333333333,1.6593333333333333,9.688666666666666,26.588666666666665,36.39,21.744666666666667,37.721999999999994,58.06266666666666,13.955333333333332,19.3,72.69399999999999,3.1,7.233333333333333,0.6153333333333334,2.278,17.411333333333335,0.13866666666666666,12.033333333333333,1.6333333333333333,104.18866666666666
91,66,2021-12-02,6,1,2021-2022,Flamengo,Rio Claro,88.2,35.1,39.13333333333333,13.966666666666667,43.2,12.4,30.8,19.433333333333334,12.766666666666667,1.9619999999999997,11.7,32.53333333333333,36.2,19.566666666666666,34.166666666666664,57.13266666666665,13.966666666666667,18.966666666666665,73.60533333333333,1.1,6.1,0.5613333333333335,1.8333333333333333,17.733333333333334,0.10933333333333332,12.766666666666667,2.3,105.56666666666666,75.5,22.9,37.46666666666667,15.133333333333333,36.2,9.833333333333334,26.366666666666667,17.233333333333334,12.7,1.4153333333333333,7.633333333333334,23.366666666666667,33.05533333333333,18.733333333333334,38.5,48.486666666666665,15.133333333333333,19.933333333333334,75.21399999999998,1.9333333333333333,7.0,0.5773333333333335,1.2,22.6,0.053333333333333344,12.7,2.6666666666666665,84.13333333333334
71,66,2021-12-02,6,1,2021-2022,União Corinthians,São Paulo,73.66666666666667,28.333333333333332,35.77777777777778,9.555555555555555,37.666666666666664,10.11111111111111,27.555555555555557,13.555555555555555,13.88888888888889,1.092222222222222,9.444444444444445,31.666666666666668,29.66333333333333,17.88888888888889,38.22222222222222,47.693333333333335,9.555555555555555,14.666666666666666,64.16888888888889,1.8888888888888888,10.11111111111111,0.7544444444444444,2.888888888888889,20.0,0.14777777777777779,13.88888888888889,2.6666666666666665,76.33333333333333,80.96666666666667,28.8,41.666666666666664,10.5,36.1,8.266666666666667,27.833333333333332,17.433333333333334,11.233333333333333,1.680666666666667,9.6,28.566666666666666,32.96333333333334,20.833333333333332,35.7,58.667999999999985,10.5,14.566666666666666,71.61333333333333,2.0,6.166666666666667,0.5533333333333333,2.8,16.166666666666668,0.174,11.233333333333333,2.3333333333333335,94.33333333333333
79,89,2021-12-03,6,1,2021-2022,Corinthians,Cerrado,76.08866666666667,33.2,31.288666666666664,11.6,36.178000000000004,11.021999999999998,25.15533333333333,16.2,12.955333333333332,1.3319999999999999,11.066666666666666,33.422,33.639333333333326,15.644666666666668,31.444666666666667,49.742,11.6,15.044666666666668,77.39533333333333,1.1553333333333333,6.333333333333333,0.5,2.4219999999999997,18.221999999999998,0.1366666666666667,12.955333333333332,2.533333333333333,82.66666666666667,76.13333333333334,25.0,40.4,10.733333333333333,41.400666666666666,12.867333333333333,28.533333333333335,14.666666666666666,13.466666666666667,1.1673333333333331,8.334,29.333333333333332,28.960666666666665,20.2,41.534,48.74333333333334,10.733333333333333,15.533333333333333,69.45266666666666,1.932,7.467333333333333,0.5833333333333334,2.3333333333333335,18.0,0.13,13.466666666666667,2.466666666666667,81.40133333333333
75,77,2021-12-03,6,1,2021-2022,Paulistano,BRB/Brasília,74.66666666666667,26.0,36.93333333333333,11.733333333333333,37.93333333333333,11.733333333333333,26.2,14.933333333333334,10.666666666666666,1.6126666666666662,8.666666666666666,27.133333333333333,32.05199999999999,18.466666666666665,40.46666666666667,46.155333333333346,11.733333333333333,16.666666666666668,71.73266666666667,1.5333333333333334,6.866666666666666,0.7013333333333333,2.066666666666667,20.266666666666666,0.10533333333333333,10.666666666666666,2.7333333333333334,80.4,68.33333333333333,22.6,32.13333333333333,13.6,40.266666666666666,9.466666666666667,30.8,13.666666666666666,15.933333333333334,0.9393333333333332,7.533333333333333,25.4,29.157333333333334,16.066666666666666,36.266666666666666,44.76199999999999,13.6,18.4,74.73733333333334,0.7333333333333333,4.733333333333333,0.3180000000000001,2.466666666666667,18.8,0.13733333333333334,15.933333333333334,2.066666666666667,70.66666666666667
86,79,2021-12-03,6,1,2021-2022,Mogi,Fortaleza B. C. / CFO,78.4,25.0,39.333333333333336,14.066666666666666,39.46666666666667,10.933333333333334,28.533333333333335,19.333333333333332,14.4,1.372666666666667,8.333333333333334,27.0,30.944,19.666666666666668,38.46666666666667,51.05733333333333,14.066666666666666,17.666666666666668,79.46066666666665,2.6666666666666665,7.066666666666666,0.5086666666666667,2.8,20.533333333333335,0.13599999999999998,14.4,2.1333333333333333,91.6,74.334,25.0,36.53333333333333,12.800666666666666,39.266,10.734,28.534,13.866000000000001,14.132666666666667,1.012,8.333333333333334,28.266666666666666,30.25333333333333,18.266666666666666,37.46666666666667,48.71800000000001,12.800666666666666,18.334,70.86533333333334,0.866,6.867333333333333,0.4960000000000001,2.266,19.467333333333332,0.11800000000000001,14.132666666666667,3.466,77.8
69,80,2021-12-03,6,1,2021-2022,Pato Basquete,UNIFACISA,70.044,24.133333333333333,35.42266666666667,10.489333333333333,36.13333333333333,10.310666666666666,25.82266666666667,13.710666666666667,14.222666666666667,1.0913333333333333,8.044,26.510666666666665,29.93866666666666,17.710666666666665,37.8,47.14133333333334,10.489333333333333,18.266666666666666,57.29,1.156,7.489333333333334,0.5666666666666667,1.556,21.577333333333332,0.07133333333333333,14.222666666666667,2.2,68.37733333333333,79.866,30.5,37.93266666666667,11.433333333333334,37.566,12.100666666666665,25.467333333333332,17.834,13.766666666666667,1.3699999999999999,10.167333333333334,28.767333333333333,35.416000000000004,18.967333333333332,37.60066666666667,51.00466666666667,11.433333333333334,15.734,71.61333333333333,1.6,7.166666666666667,0.5359999999999999,1.3666666666666667,19.934,0.07133333333333333,13.766666666666667,3.067333333333333,88.50066666666666
65,80,2021-12-04,6,1,2021-2022,Flamengo,Sesi Franca,87.26666666666667,35.0,38.53333333333333,13.733333333333333,43.0,12.333333333333334,30.666666666666668,19.2,12.933333333333334,1.908,11.666666666666666,32.93333333333333,35.67133333333334,19.266666666666666,33.666666666666664,57.077333333333314,13.733333333333333,18.533333333333335,73.79799999999999,1.0,6.066666666666666,0.5486666666666669,1.8,17.4,0.10933333333333332,12.933333333333334,2.4,103.93333333333334,87.2,30.0,43.333333333333336,13.866666666666667,39.06666666666667,8.733333333333333,30.333333333333332,19.666666666666668,12.133333333333333,1.6553333333333333,10.0,27.4,36.44666666666667,21.666666666666668,36.666666666666664,59.42600000000001,13.866666666666667,19.266666666666666,72.28666666666666,3.1333333333333333,7.066666666666666,0.5946666666666668,2.2666666666666666,17.333333333333332,0.13866666666666666,12.133333333333333,1.7333333333333334,105.33333333333333
89,61,2021-12-04,6,1,2021-2022,Minas,Rio Claro,82.86666666666666,32.0,37.733333333333334,13.133333333333333,37.06666666666667,9.4,27.666666666666668,17.333333333333332,13.0,1.4726666666666666,10.666666666666666,28.266666666666666,37.77866666666667,18.866666666666667,33.53333333333333,56.62266666666667,13.133333333333333,18.0,74.03133333333334,1.9333333333333333,6.8,0.56,2.066666666666667,17.266666666666666,0.13533333333333333,13.0,2.7333333333333334,96.0,74.13333333333334,22.5,36.93333333333333,14.7,36.1,10.033333333333333,26.066666666666666,17.066666666666666,12.633333333333333,1.4100000000000001,7.5,23.766666666666666,32.01,18.466666666666665,38.46666666666667,47.876,14.7,19.533333333333335,74.38066666666667,1.8666666666666667,7.1,0.5860000000000001,1.3333333333333333,22.566666666666666,0.05866666666666667,12.633333333333333,2.566666666666667,82.0
69,79,2021-12-04,6,1,2021-2022,Caxias do Sul Basquete,São Paulo,73.03333333333333,23.0,38.6,11.433333333333334,35.733333333333334,9.366666666666667,26.366666666666667,16.266666666666666,12.566666666666666,1.3399999999999996,7.666666666666667,23.866666666666667,32.83266666666667,19.3,36.86666666666667,52.01733333333333,11.433333333333334,16.666666666666668,68.75466666666668,1.2,7.366666666666666,0.6153333333333333,1.9,20.833333333333332,0.09333333333333332,12.566666666666666,2.7,82.73333333333333,80.53333333333333,28.4,41.733333333333334,10.4,35.2,7.666666666666667,27.533333333333335,17.4,11.533333333333333,1.6573333333333335,9.466666666666667,28.133333333333333,32.949333333333335,20.866666666666667,35.46666666666667,59.10266666666665,10.4,14.866666666666667,69.66466666666666,1.8,6.333333333333333,0.5513333333333333,2.7333333333333334,16.466666666666665,0.16533333333333336,11.533333333333333,2.2666666666666666,92.93333333333334
92,67,2021-12-07,7,1,2021-2022,Bauru Basket,União Corinthians,77.1,26.3,38.288666666666664,12.511333333333335,36.63333333333333,8.444666666666667,28.188666666666666,17.511333333333333,12.744666666666667,1.4853333333333334,8.766666666666667,28.055333333333333,31.340000000000007,19.14466666666667,32.722,58.73399999999999,12.511333333333335,16.111333333333334,78.508,0.9886666666666667,5.933333333333334,0.48733333333333345,2.4553333333333334,18.778000000000002,0.13333333333333333,12.744666666666667,2.1333333333333333,90.422,72.95,27.6,35.7,9.65,37.1,9.8,27.3,13.75,14.0,1.0859999999999999,9.2,31.25,29.241999999999997,17.85,37.9,47.924,9.65,14.55,65.53,1.9,9.75,0.7219999999999999,2.7,19.55,0.139,14.0,2.65,75.25
60,69,2021-12-07,7,1,2021-2022,BRB/Brasília,Flamengo,69.11133333333333,22.466666666666665,32.578,14.066666666666666,40.544666666666664,9.688666666666668,30.85533333333333,13.688666666666668,15.433333333333334,0.9613333333333333,7.488666666666666,24.966666666666665,29.43933333333333,16.288666666666664,36.46666666666667,45.10666666666666,14.066666666666666,19.322,73.54400000000001,0.7553333333333333,4.655333333333333,0.32200000000000006,2.5113333333333334,18.488666666666667,0.1406666666666667,15.433333333333334,2.0446666666666666,72.16666666666667,86.46666666666667,36.2,37.46666666666667,12.8,43.0,12.6,30.4,19.466666666666665,12.666666666666666,1.9673333333333332,12.066666666666666,34.13333333333333,36.02866666666667,18.733333333333334,32.8,57.02799999999999,12.8,17.266666666666666,74.13133333333333,1.0666666666666667,6.066666666666666,0.5626666666666668,2.066666666666667,17.2,0.12533333333333332,12.666666666666666,2.533333333333333,103.8
75,79,2021-12-07,7,1,2021-2022,Pinheiros,Caxias do Sul Basquete,74.63333333333334,25.6,36.333333333333336,12.7,40.2,13.0,27.2,17.6,14.1,1.2693333333333332,8.533333333333333,28.066666666666666,30.338,18.166666666666668,39.733333333333334,45.65266666666668,12.7,17.833333333333332,71.20533333333334,1.7,8.366666666666667,0.604,3.2,18.866666666666667,0.16933333333333334,14.1,2.1,83.66666666666667,73.06666666666666,23.7,37.86666666666667,11.5,34.9,8.966666666666667,25.933333333333334,16.133333333333333,12.6,1.3206666666666669,7.9,24.233333333333334,33.260000000000005,18.933333333333334,36.43333333333333,51.61333333333333,11.5,16.5,69.78,1.1666666666666667,7.633333333333334,0.6406666666666666,2.0,20.8,0.09799999999999999,12.6,2.7666666666666666,82.3
74,90,2021-12-07,7,1,2021-2022,Cerrado,Minas,76.622,25.4,40.578,10.644666666666668,41.333999999999996,12.934,28.4,15.155333333333333,13.311333333333334,1.226,8.467333333333332,29.711333333333336,28.974,20.288666666666664,41.22266666666667,49.316,10.644666666666668,15.5,68.88133333333333,2.0433333333333334,7.156000000000001,0.5639999999999998,2.5,18.233333333333334,0.138,13.311333333333334,2.4553333333333334,82.42333333333333,82.53333333333333,32.0,37.6,12.933333333333334,37.5,9.833333333333334,27.666666666666668,17.033333333333335,12.4,1.513333333333333,10.666666666666666,28.966666666666665,36.278000000000006,18.8,33.3,56.77866666666667,12.933333333333334,17.5,74.70466666666667,2.1333333333333333,6.566666666666666,0.5706666666666667,2.1333333333333333,17.0,0.14066666666666666,12.4,2.6666666666666665,96.0
86,76,2021-12-08,7,1,2021-2022,Sesi Franca,Rio Claro,87.46666666666667,30.0,42.8,14.666666666666666,39.733333333333334,9.333333333333334,30.4,19.466666666666665,12.333333333333334,1.6233333333333329,10.0,28.066666666666666,35.42266666666667,21.4,36.266666666666666,59.29800000000001,14.666666666666666,20.066666666666666,72.84266666666667,3.2,6.533333333333333,0.552,2.2666666666666666,17.533333333333335,0.13733333333333336,12.333333333333334,1.9333333333333333,104.8,73.6,22.6,36.266666666666666,14.733333333333333,35.86666666666667,10.2,25.666666666666668,16.866666666666667,12.266666666666667,1.4373333333333334,7.533333333333333,24.466666666666665,31.343333333333327,18.133333333333333,38.2,47.39666666666667,14.733333333333333,19.333333333333332,75.34533333333334,1.8,7.266666666666667,0.616,1.4,22.533333333333335,0.061333333333333344,12.266666666666667,2.533333333333333,81.13333333333334
72,69,2021-12-09,7,1,2021-2022,Fortaleza B. C. / CFO,Paulistano,74.156,24.6,36.93333333333333,12.622666666666667,39.71066666666666,10.722666666666667,28.989333333333335,13.377333333333333,14.077333333333334,0.9820000000000001,8.2,27.7,30.363999999999997,18.466666666666665,38.166666666666664,48.202000000000005,12.622666666666667,18.22266666666667,70.13533333333335,0.844,6.522666666666667,0.4740000000000001,2.277333333333333,19.389333333333337,0.11933333333333333,14.077333333333334,3.3106666666666666,77.16666666666667,74.66666666666667,25.6,37.13333333333333,11.933333333333334,38.36666666666667,11.666666666666666,26.7,15.0,11.2,1.5586666666666666,8.533333333333333,27.2,31.493333333333332,18.566666666666666,40.833333333333336,45.95466666666667,11.933333333333334,16.6,73.352,1.5,6.833333333333333,0.666,2.1,20.3,0.10666666666666665,11.2,2.8333333333333335,80.16666666666667
77,82,2021-12-09,7,1,2021-2022,BRB/Brasília,Minas,69.88933333333333,22.333333333333332,33.022666666666666,14.533333333333333,40.82266666666666,9.910666666666668,30.910666666666664,13.710666666666668,14.933333333333334,0.9833333333333332,7.444,24.533333333333335,29.721333333333337,16.510666666666665,36.666666666666664,45.451333333333324,14.533333333333333,20.243999999999996,72.35066666666668,0.7773333333333333,4.577333333333333,0.32599999999999996,2.556,18.17733333333333,0.14400000000000002,14.933333333333334,2.022666666666667,73.66666666666667,83.46666666666667,32.0,38.53333333333333,12.933333333333334,37.266666666666666,9.733333333333333,27.533333333333335,17.066666666666666,11.6,1.5806666666666664,10.666666666666666,28.8,36.48600000000001,19.266666666666666,33.86666666666667,57.29333333333333,12.933333333333334,17.4,75.122,2.3333333333333335,6.733333333333333,0.6060000000000001,2.0,16.733333333333334,0.13666666666666666,11.6,2.4,97.73333333333333
89,81,2021-12-09,7,1,2021-2022,Bauru Basket,Caxias do Sul Basquete,77.4,26.8,38.266666666666666,12.333333333333334,36.0,8.133333333333333,27.866666666666667,17.866666666666667,12.666666666666666,1.5206666666666668,8.933333333333334,27.866666666666667,32.12733333333333,19.133333333333333,32.266666666666666,59.431333333333335,12.333333333333334,15.8,78.73866666666666,0.9333333333333333,5.933333333333334,0.49066666666666664,2.3333333333333335,18.6,0.12866666666666668,12.666666666666666,2.2,91.33333333333333,73.9,23.8,38.333333333333336,11.766666666666667,34.46666666666667,8.833333333333334,25.633333333333333,16.333333333333332,12.566666666666666,1.3446666666666667,7.933333333333334,24.033333333333335,33.59933333333334,19.166666666666668,36.86666666666667,51.72933333333334,11.766666666666667,16.4,71.55933333333334,1.1333333333333333,7.7,0.6493333333333333,2.1,20.966666666666665,0.102,12.566666666666666,2.7333333333333334,83.5
88,66,2021-12-09,7,1,2021-2022,Pinheiros,União Corinthians,75.03333333333333,25.9,36.333333333333336,12.8,41.2,13.633333333333333,27.566666666666666,17.1,14.1,1.2406666666666666,8.633333333333333,28.3,30.41466666666667,18.166666666666668,39.7,45.69733333333333,12.8,18.033333333333335,70.968,1.7666666666666666,8.2,0.5946666666666667,3.3,18.433333333333334,0.17866666666666667,14.1,2.4,84.3,72.36363636363636,27.0,35.63636363636363,9.727272727272727,36.63636363636363,9.545454545454545,27.09090909090909,13.909090909090908,14.090909090909092,1.0809090909090906,9.0,30.90909090909091,28.89727272727272,17.818181818181817,37.63636363636363,48.11272727272728,9.727272727272727,14.454545454545455,66.64363636363636,1.9090909090909092,9.454545454545455,0.6954545454545453,2.5454545454545454,19.181818181818183,0.13181818181818183,14.090909090909092,2.6363636363636362,74.36363636363636
78,66,2021-12-11,7,1,2021-2022,Fortaleza B. C. / CFO,Corinthians,72.85600000000001,23.6,37.2,12.056000000000001,39.443999999999996,10.456,28.989333333333335,12.943999999999999,14.010666666666667,0.9566666666666668,7.866666666666666,26.866666666666667,30.128,18.6,38.2,48.470666666666666,12.056000000000001,17.489333333333335,69.54466666666667,0.844,6.156000000000001,0.4506666666666667,2.3106666666666666,19.389333333333337,0.12066666666666667,14.010666666666667,3.177333333333333,75.66666666666667,74.8,32.6,30.8,11.4,36.53333333333333,11.466666666666667,25.066666666666666,15.666666666666666,12.466666666666667,1.3253333333333333,10.866666666666667,33.8,32.465333333333334,15.4,30.733333333333334,50.211999999999996,11.4,15.333333333333334,75.52,1.0666666666666667,6.0,0.4906666666666667,2.3333333333333335,17.733333333333334,0.132,12.466666666666667,2.533333333333333,80.66666666666667
72,87,2021-12-11,7,1,2021-2022,UNIFACISA,Paulistano,79.066,29.4,37.99933333333333,11.666666666666666,37.532666666666664,12.200666666666667,25.334,17.334,13.4,1.3606666666666667,9.800666666666666,28.667333333333332,34.092666666666666,19.000666666666667,37.800666666666665,50.833999999999996,11.666666666666666,15.934,71.95666666666668,1.4666666666666666,7.4,0.5686666666666667,1.2,19.600666666666665,0.06400000000000002,13.4,3.067333333333333,87.20066666666666,74.73333333333333,25.6,37.333333333333336,11.8,38.93333333333333,11.533333333333333,27.4,15.066666666666666,11.8,1.488,8.533333333333333,27.0,31.70866666666667,18.666666666666668,41.266666666666666,45.65866666666667,11.8,16.333333333333332,73.56400000000001,1.3333333333333333,7.066666666666666,0.6593333333333333,2.2,20.333333333333332,0.11199999999999997,11.8,3.066666666666667,80.6
72,82,2021-12-11,7,1,2021-2022,BRB/Brasília,Cerrado,69.70066666666666,21.8,33.40066666666667,14.5,40.80066666666666,9.999333333333334,30.79933333333333,13.499333333333336,14.733333333333333,0.9806666666666665,7.266,24.033333333333335,29.60666666666667,16.699333333333332,36.86666666666667,45.700666666666656,14.5,20.49933333333333,71.23466666666668,0.8326666666666667,4.299333333333333,0.31266666666666665,2.5673333333333335,17.965999999999998,0.14533333333333337,14.733333333333333,2.0673333333333335,73.2,77.26666666666667,26.266666666666666,40.4,10.6,41.489333333333335,13.022666666666668,28.466666666666665,15.666666666666666,13.4,1.2613333333333332,8.756,29.8,29.816666666666666,20.2,41.089333333333336,49.26066666666667,10.6,15.533333333333333,68.29266666666666,2.088,6.956,0.5399999999999999,2.533333333333333,18.333333333333332,0.13866666666666666,13.4,2.466666666666667,83.64533333333334
99,87,2021-12-13,8,1,2021-2022,UNIFACISA,Corinthians,79.14399999999999,29.666666666666668,37.644,11.833333333333334,37.410666666666664,12.189333333333334,25.22266666666667,16.989333333333335,12.9,1.3760000000000001,9.889333333333333,28.789333333333335,34.24733333333334,18.82266666666667,37.556000000000004,50.705333333333336,11.833333333333334,16.156,71.95666666666668,1.4666666666666666,7.266666666666667,0.5826666666666666,1.1,19.52266666666667,0.05933333333333334,12.9,2.822666666666667,87.05600000000001,74.56666666666666,32.7,30.466666666666665,11.4,36.6,11.8,24.8,15.6,12.366666666666667,1.3319999999999999,10.9,34.2,32.10066666666666,15.233333333333333,30.833333333333332,49.57733333333332,11.4,15.033333333333333,77.12533333333333,0.8333333333333334,5.933333333333334,0.49000000000000005,2.2,17.733333333333334,0.12466666666666668,12.366666666666667,2.566666666666667,80.0
83,73,2021-12-14,8,1,2021-2022,Pinheiros,Paulistano,75.06666666666666,26.1,36.266666666666666,12.7,41.7,13.833333333333334,27.866666666666667,16.366666666666667,13.966666666666667,1.204,8.7,28.466666666666665,30.45466666666667,18.133333333333333,39.7,45.608666666666664,12.7,18.133333333333333,70.05066666666669,1.7666666666666666,8.033333333333333,0.5886666666666667,3.3,18.066666666666666,0.18133333333333332,13.966666666666667,2.533333333333333,83.73333333333333,74.4,25.2,37.46666666666667,11.733333333333333,39.333333333333336,11.8,27.533333333333335,14.866666666666667,12.4,1.276666666666667,8.4,27.2,30.884666666666668,18.733333333333334,41.13333333333333,45.93533333333334,11.733333333333333,16.266666666666666,73.52066666666666,1.2666666666666666,7.133333333333334,0.5839999999999999,2.3333333333333335,20.4,0.11866666666666666,12.4,3.2,79.93333333333334
81,69,2021-12-16,8,1,2021-2022,Pato Basquete,Pinheiros,71.15533333333333,25.766666666666666,35.11133333333334,10.278,36.9,10.222,26.678,13.921999999999999,13.911333333333335,1.121333333333333,8.588666666666665,26.888666666666666,31.56066666666666,17.555333333333333,37.6,46.99133333333334,10.278,17.933333333333334,57.36933333333334,1.2446666666666668,7.378,0.5693333333333334,1.5446666666666669,21.388666666666666,0.07200000000000001,13.911333333333335,2.1666666666666665,70.98866666666666,76.06666666666666,26.0,37.46666666666667,12.6,42.6,14.333333333333334,28.266666666666666,16.4,14.066666666666666,1.2006666666666665,8.666666666666666,27.933333333333334,30.864666666666665,18.733333333333334,40.6,46.30866666666667,12.6,18.2,69.27133333333335,1.8,7.933333333333334,0.578,3.2,17.733333333333334,0.17933333333333332,14.066666666666666,2.6,85.4
89,72,2021-12-16,8,1,2021-2022,São Paulo,Mogi,80.4,27.2,42.266666666666666,10.933333333333334,34.2,6.966666666666667,27.233333333333334,17.733333333333334,11.166666666666666,1.738666666666667,9.066666666666666,27.266666666666666,32.78266666666667,21.133333333333333,35.833333333333336,59.255999999999986,10.933333333333334,15.433333333333334,70.73733333333332,1.9,6.366666666666666,0.57,2.5,16.333333333333332,0.1526666666666667,11.166666666666666,2.066666666666667,92.63333333333334,78.06666666666666,24.6,39.6,13.866666666666667,39.86666666666667,11.133333333333333,28.733333333333334,19.2,15.066666666666666,1.3086666666666666,8.2,26.933333333333334,30.581333333333337,19.8,38.2,51.914,13.866666666666667,17.4,79.46066666666664,2.7333333333333334,6.533333333333333,0.44866666666666677,2.7333333333333334,20.733333333333334,0.13066666666666665,15.066666666666666,2.2666666666666666,90.66666666666667
89,72,2021-12-16,8,1,2021-2022,Caxias do Sul Basquete,União Corinthians,75.33333333333333,24.4,39.46666666666667,11.466666666666667,34.666666666666664,8.866666666666667,25.8,17.0,12.8,1.3713333333333333,8.133333333333333,23.666666666666668,34.81600000000001,19.733333333333334,37.4,52.642,11.466666666666667,16.066666666666666,70.94800000000001,1.2,7.866666666666666,0.6506666666666667,2.2,21.0,0.10666666666666665,12.8,2.6,86.46666666666667,72.33333333333333,26.5,35.833333333333336,10.0,36.5,9.75,26.75,14.166666666666666,14.166666666666666,1.0849999999999997,8.833333333333334,30.166666666666668,29.14083333333333,17.916666666666668,38.0,47.873333333333335,10.0,15.0,66.24833333333332,2.1666666666666665,9.666666666666666,0.7041666666666666,2.6666666666666665,19.0,0.14083333333333334,14.166666666666666,2.5833333333333335,74.75
93,75,2021-12-16,8,1,2021-2022,Rio Claro,Cerrado,73.63333333333334,23.0,35.93333333333333,14.7,35.9,10.333333333333334,25.566666666666666,16.6,11.7,1.4753333333333332,7.666666666666667,25.0,31.14133333333333,17.966666666666665,38.1,47.095333333333336,14.7,19.6,73.99133333333333,1.7666666666666666,7.466666666666667,0.6533333333333334,1.4333333333333333,22.4,0.06333333333333334,11.7,2.466666666666667,80.96666666666667,77.24466666666667,26.833333333333332,39.821999999999996,10.588666666666665,41.244666666666674,13.044666666666668,28.2,15.578000000000001,13.655333333333333,1.2286666666666666,8.944666666666668,30.055333333333333,30.203333333333333,19.911333333333335,40.68933333333334,49.00933333333334,10.588666666666665,15.466666666666667,68.646,2.166,7.022666666666667,0.5313333333333332,2.5,18.133333333333333,0.13866666666666666,13.655333333333333,2.478,83.16733333333333
78,83,2021-12-18,8,1,2021-2022,Corinthians,São Paulo,74.06666666666666,32.6,30.266666666666666,11.2,36.2,11.666666666666666,24.533333333333335,15.4,12.266666666666667,1.3279999999999998,10.866666666666667,34.53333333333333,31.596666666666668,15.133333333333333,30.8,49.345333333333315,11.2,14.4,78.90733333333333,0.8,5.866666666666666,0.4893333333333334,2.066666666666667,17.733333333333334,0.11733333333333335,12.266666666666667,2.7333333333333334,78.8,80.13333333333334,27.0,42.53333333333333,10.6,33.666666666666664,6.466666666666667,27.2,18.333333333333332,11.333333333333334,1.766666666666667,9.0,27.133333333333333,32.733333333333334,21.266666666666666,35.8,59.753333333333316,10.6,14.8,71.53266666666667,2.066666666666667,6.4,0.5579999999999999,2.3333333333333335,16.066666666666666,0.14533333333333334,11.333333333333334,2.1333333333333333,92.66666666666667
87,53,2021-12-18,8,1,2021-2022,Pato Basquete,Bauru Basket,71.08866666666667,25.866666666666667,34.84466666666667,10.378000000000002,37.333333333333336,10.222,27.111333333333334,13.755333333333333,14.444666666666668,0.9953333333333331,8.621999999999998,26.555333333333333,32.148666666666664,17.422,37.2,47.158,10.378000000000002,17.6,59.086000000000006,1.3780000000000001,7.578,0.558,1.4446666666666668,20.888666666666666,0.06999999999999999,14.444666666666668,2.1333333333333333,71.82199999999999,75.93333333333334,26.0,37.733333333333334,12.2,35.93333333333333,8.2,27.733333333333334,17.2,12.2,1.5046666666666668,8.666666666666666,27.733333333333334,31.167333333333335,18.866666666666667,32.666666666666664,57.694,12.2,16.0,77.31333333333333,0.7333333333333333,5.933333333333334,0.502,2.3333333333333335,18.4,0.13000000000000003,12.2,1.9333333333333333,88.46666666666667
96,61,2021-12-18,8,1,2021-2022,Sesi Franca,Cerrado,88.4,31.0,43.333333333333336,14.066666666666666,39.8,9.6,30.2,19.266666666666666,13.0,1.5586666666666666,10.333333333333334,28.266666666666666,36.33533333333334,21.666666666666668,36.4,59.748000000000005,14.066666666666666,18.933333333333334,75.06466666666667,3.066666666666667,6.666666666666667,0.5406666666666666,2.533333333333333,16.666666666666668,0.18133333333333335,13.0,2.0,106.13333333333334,77.06666666666666,26.933333333333334,39.6,10.533333333333333,40.778000000000006,13.044666666666668,27.733333333333334,15.466666666666667,13.666666666666666,1.2193333333333334,8.978000000000002,30.6,29.760666666666665,19.8,40.11133333333334,49.385999999999996,10.533333333333333,15.333333333333334,69.01666666666667,2.3106666666666666,6.978,0.5273333333333333,2.6,18.066666666666666,0.146,13.666666666666666,2.466666666666667,82.48933333333335
101,74,2021-12-19,8,1,2021-2022,Minas,Fortaleza B. C. / CFO,84.0,31.6,39.46666666666667,12.933333333333334,37.13333333333333,10.0,27.133333333333333,17.133333333333333,11.333333333333334,1.6139999999999999,10.533333333333333,29.066666666666666,35.77666666666668,19.733333333333334,34.86666666666667,56.60533333333333,12.933333333333334,17.266666666666666,75.81666666666666,2.6,7.066666666666666,0.6393333333333333,2.0,16.4,0.13666666666666666,11.333333333333334,2.3333333333333335,98.0,72.61133333333333,22.8,37.2,12.611333333333334,39.15533333333333,10.344666666666667,28.811333333333334,12.921999999999999,14.121999999999998,0.9480000000000001,7.6,26.4,29.586,18.6,38.4,48.134,12.611333333333334,17.911333333333335,70.76266666666668,0.8886666666666667,5.978,0.4366666666666667,2.222,19.411333333333335,0.11666666666666668,14.121999999999998,3.222,74.86666666666666
80,58,2021-12-19,8,1,2021-2022,Rio Claro,BRB/Brasília,73.83333333333333,23.4,36.06666666666667,14.366666666666667,35.3,10.066666666666666,25.233333333333334,16.2,11.666666666666666,1.4406666666666665,7.8,25.4,31.141333333333325,18.033333333333335,37.5,48.116000000000014,14.366666666666667,19.4,73.21733333333333,1.6333333333333333,7.633333333333334,0.6726666666666666,1.4666666666666666,22.466666666666665,0.06466666666666666,11.666666666666666,2.3666666666666667,80.66666666666667,68.03399999999999,20.0,33.134,14.9,40.934,10.299333333333333,30.632666666666662,12.866000000000003,15.533333333333333,0.8979999999999998,6.6659999999999995,23.333333333333332,28.17866666666667,16.565999999999995,36.6,45.65266666666666,14.9,21.065999999999995,71.162,0.8326666666666667,4.366,0.296,2.500666666666667,18.199333333333332,0.14200000000000002,15.533333333333333,2.3673333333333337,70.3
89,70,2021-12-19,8,1,2021-2022,Flamengo,UNIFACISA,87.8,38.0,36.53333333333333,13.266666666666667,41.46666666666667,12.0,29.466666666666665,19.066666666666666,13.0,1.877333333333333,12.666666666666666,33.666666666666664,38.239333333333335,18.266666666666666,31.666666666666668,58.213333333333324,13.266666666666667,18.0,73.484,0.9333333333333333,6.066666666666666,0.5526666666666666,2.0,17.4,0.11866666666666668,13.0,2.4,104.26666666666667,79.222,29.933333333333334,37.288666666666664,12.0,37.288666666666664,12.178,25.111333333333334,16.64466666666667,12.4,1.3913333333333335,9.978000000000002,28.911333333333335,34.40200000000001,18.64466666666667,37.31133333333334,50.576666666666675,12.0,16.378,71.95666666666666,1.4666666666666666,7.133333333333334,0.5966666666666666,1.0,19.444666666666667,0.05466666666666667,12.4,2.5780000000000003,86.91133333333333
76,79,2021-12-20,9,1,2021-2022,Mogi,Bauru Basket,77.16666666666667,25.6,38.266666666666666,13.3,40.03333333333333,10.833333333333334,29.2,19.066666666666666,15.066666666666666,1.2979999999999998,8.533333333333333,27.3,31.744666666666667,19.133333333333333,37.53333333333333,51.269999999999996,13.3,16.833333333333332,78.69733333333333,2.8,6.766666666666667,0.46666666666666673,2.5,20.066666666666666,0.12399999999999999,15.066666666666666,2.4,89.76666666666667,76.26666666666667,26.0,38.13333333333333,12.133333333333333,36.666666666666664,8.266666666666667,28.4,17.266666666666666,12.2,1.5120000000000002,8.666666666666666,28.133333333333333,30.70466666666667,19.066666666666666,32.8,58.07866666666668,12.133333333333333,15.866666666666667,77.51533333333333,0.9333333333333333,6.066666666666666,0.5166666666666667,2.1333333333333333,18.066666666666666,0.12133333333333333,12.2,1.9333333333333333,89.26666666666667
71,68,2021-12-21,9,1,2021-2022,Minas,UNIFACISA,84.06666666666666,31.8,39.06666666666667,13.2,37.8,10.466666666666667,27.333333333333332,16.866666666666667,11.333333333333334,1.5913333333333333,10.6,29.2,35.96866666666668,19.533333333333335,34.8,56.178666666666665,13.2,17.733333333333334,75.614,2.6,7.066666666666666,0.6393333333333333,2.0,16.866666666666667,0.13466666666666663,11.333333333333334,2.533333333333333,98.06666666666666,78.2,28.6,37.2,12.4,37.53333333333333,12.133333333333333,25.4,16.533333333333335,12.133333333333333,1.402666666666667,9.533333333333333,28.6,32.78933333333333,18.6,37.06666666666667,50.808666666666674,12.4,16.933333333333334,71.884,1.6,6.933333333333334,0.5920000000000001,0.9333333333333333,19.733333333333334,0.05066666666666666,12.133333333333333,2.3333333333333335,85.93333333333334
91,74,2021-12-21,9,1,2021-2022,Flamengo,Fortaleza B. C. / CFO,87.46666666666667,37.4,36.93333333333333,13.133333333333333,41.733333333333334,11.8,29.933333333333334,19.666666666666668,13.4,1.8213333333333332,12.466666666666667,32.8,38.49333333333333,18.466666666666665,32.2,57.80933333333333,13.133333333333333,17.866666666666667,73.20466666666668,1.0,6.133333333333334,0.5413333333333333,1.9333333333333333,17.6,0.11333333333333336,13.4,2.6,104.73333333333333,72.36666666666666,22.4,37.46666666666667,12.5,39.06666666666667,10.366666666666667,28.7,13.433333333333334,13.766666666666667,1.0366666666666664,7.466666666666667,25.733333333333334,29.832,18.733333333333334,39.4,47.14866666666668,12.5,18.066666666666666,69.55666666666666,0.9333333333333333,5.933333333333334,0.45000000000000007,2.2,18.966666666666665,0.12000000000000001,13.766666666666667,3.0,74.73333333333333
87,79,2021-12-21,9,1,2021-2022,Sesi Franca,BRB/Brasília,88.53333333333333,31.4,43.2,13.933333333333334,40.13333333333333,9.533333333333333,30.6,19.066666666666666,12.733333333333333,1.5733333333333333,10.466666666666667,28.333333333333332,36.713333333333345,21.6,36.666666666666664,59.22933333333334,13.933333333333334,18.4,76.59266666666667,2.933333333333333,6.533333333333333,0.5466666666666666,2.6666666666666665,16.466666666666665,0.1886666666666667,12.733333333333333,2.0,106.8,68.46733333333331,19.6,34.00066666666667,14.866666666666667,40.734,10.232666666666667,30.49933333333333,12.699333333333335,15.4,0.8946666666666664,6.532666666666667,22.633333333333333,28.600666666666665,16.99933333333333,37.266666666666666,45.917333333333325,14.866666666666667,21.09933333333333,70.81733333333334,0.9326666666666666,4.266,0.294,2.6673333333333336,18.232666666666663,0.15000000000000002,15.4,2.434,70.83333333333333
65,82,2021-12-22,9,1,2021-2022,Mogi,Pinheiros,75.6,25.4,37.86666666666667,12.333333333333334,39.666666666666664,11.0,28.666666666666668,18.666666666666668,15.133333333333333,1.2566666666666666,8.466666666666667,27.4,31.352666666666664,18.933333333333334,37.53333333333333,50.714666666666666,12.333333333333334,15.866666666666667,77.67466666666665,2.6666666666666665,6.866666666666666,0.4720000000000001,2.466666666666667,19.866666666666667,0.12333333333333334,15.133333333333333,2.6,87.06666666666666,78.4,27.2,38.0,13.2,42.93333333333333,14.333333333333334,28.6,16.2,13.733333333333333,1.2086666666666666,9.066666666666666,28.266666666666666,32.472,19.0,40.4,47.215999999999994,13.2,19.133333333333333,68.81666666666666,1.6666666666666667,7.666666666666667,0.5706666666666665,3.2666666666666666,17.866666666666667,0.18333333333333332,13.733333333333333,2.533333333333333,88.2
60,75,2021-12-23,9,1,2021-2022,Paulistano,São Paulo,73.8,25.8,36.8,11.2,39.53333333333333,11.866666666666667,27.666666666666668,15.133333333333333,12.533333333333333,1.2866666666666668,8.6,27.8,30.994666666666667,18.4,40.8,45.331999999999994,11.2,15.466666666666667,73.84866666666667,1.2666666666666666,7.2,0.5853333333333333,2.533333333333333,20.0,0.12933333333333333,12.533333333333333,3.2,79.8,79.8,26.4,42.666666666666664,10.733333333333333,34.4,6.466666666666667,27.933333333333334,18.466666666666665,11.6,1.7,8.8,27.0,32.25600000000001,21.333333333333332,35.86666666666667,59.854666666666645,10.733333333333333,14.8,72.366,2.0,6.666666666666667,0.5626666666666665,2.533333333333333,15.866666666666667,0.15866666666666665,11.6,2.066666666666667,93.46666666666667
92,80,2021-12-28,10,1,2021-2022,União Corinthians,Mogi,73.15384615384616,25.96153846153846,36.76923076923077,10.423076923076923,36.69230769230769,9.884615384615385,26.807692307692307,14.26923076923077,13.923076923076923,1.1099999999999997,8.653846153846153,29.76923076923077,28.899230769230766,18.384615384615383,38.26923076923077,48.63923076923077,10.423076923076923,15.538461538461538,66.57153846153845,2.1538461538461537,9.692307692307692,0.72,2.576923076923077,19.423076923076923,0.13461538461538464,13.923076923076923,2.4615384615384617,76.34615384615384,75.6,26.0,37.13333333333333,12.466666666666667,39.56666666666667,10.8,28.766666666666666,17.733333333333334,15.2,1.1993333333333331,8.666666666666666,27.8,31.528666666666663,18.566666666666666,36.7,50.864000000000004,12.466666666666667,16.233333333333334,77.02333333333333,2.7,7.133333333333334,0.48600000000000004,2.4,19.433333333333334,0.12133333333333333,15.2,2.7666666666666666,86.2
77,71,2021-12-28,10,1,2021-2022,Bauru Basket,Corinthians,77.0,26.8,38.266666666666666,11.933333333333334,36.46666666666667,8.133333333333333,28.333333333333332,17.466666666666665,11.933333333333334,1.5546666666666669,8.933333333333334,28.333333333333332,31.538,19.133333333333333,32.93333333333333,58.09066666666668,11.933333333333334,15.6,77.58533333333334,1.0666666666666667,6.333333333333333,0.5473333333333332,2.4,17.866666666666667,0.13933333333333334,11.933333333333334,2.0,90.86666666666666,72.86666666666666,32.6,30.133333333333333,10.133333333333333,35.86666666666667,11.4,24.466666666666665,14.866666666666667,12.533333333333333,1.2420000000000002,10.866666666666667,34.06666666666667,32.18,15.066666666666666,30.466666666666665,49.60199999999999,10.133333333333333,13.266666666666667,77.50866666666666,0.8,5.533333333333333,0.44466666666666665,2.2,17.866666666666667,0.12266666666666669,12.533333333333333,2.8,77.06666666666666
80,67,2021-12-28,10,1,2021-2022,Caxias do Sul Basquete,Pato Basquete,74.9,24.2,39.93333333333333,10.766666666666667,34.13333333333333,8.733333333333333,25.4,17.5,12.9,1.3973333333333333,8.066666666666666,23.466666666666665,34.806666666666665,19.966666666666665,37.5,53.13999999999999,10.766666666666667,15.266666666666667,70.34400000000001,1.2666666666666666,8.233333333333333,0.6733333333333335,2.4,21.033333333333335,0.11533333333333333,12.9,2.533333333333333,86.83333333333333,71.1,26.0,34.46666666666667,10.633333333333333,37.733333333333334,10.4,27.333333333333332,13.5,14.233333333333333,0.9879999999999999,8.666666666666666,26.533333333333335,32.37466666666666,17.233333333333334,37.333333333333336,46.495333333333335,10.633333333333333,18.033333333333335,58.95533333333334,1.5,7.566666666666666,0.5640000000000001,1.4333333333333333,20.9,0.06999999999999999,14.233333333333333,2.2,71.73333333333333
74,68,2021-12-30,10,1,2021-2022,União Corinthians,Pato Basquete,73.85714285714286,25.5,37.57142857142857,10.785714285714286,36.857142857142854,10.0,26.857142857142858,14.357142857142858,13.714285714285714,1.1314285714285712,8.5,29.428571428571427,28.69214285714285,18.785714285714285,38.5,49.29571428571429,10.785714285714286,16.0,66.84857142857143,2.142857142857143,9.714285714285714,0.7335714285714285,2.5,19.785714285714285,0.1292857142857143,13.714285714285714,2.357142857142857,77.71428571428571,71.53333333333333,25.4,34.8,11.333333333333334,38.13333333333333,10.466666666666667,27.666666666666668,13.333333333333334,14.133333333333333,0.9813333333333333,8.466666666666667,26.266666666666666,31.884666666666657,17.4,37.666666666666664,46.57066666666666,11.333333333333334,19.066666666666666,59.26933333333334,1.6,7.666666666666667,0.5733333333333335,1.5333333333333334,20.866666666666667,0.07466666666666666,14.133333333333333,2.2,72.26666666666667
75,91,2021-12-30,10,1,2021-2022,Cerrado,Flamengo,77.51133333333334,26.6,40.48866666666666,10.421999999999999,40.6,12.866666666666667,27.733333333333334,15.711333333333334,13.822,1.222,8.866666666666667,30.35533333333333,29.545999999999996,20.244666666666667,40.44466666666667,49.99733333333334,10.421999999999999,15.2,68.81466666666667,2.4219999999999997,7.378,0.5513333333333333,2.533333333333333,18.133333333333333,0.142,13.822,2.5113333333333334,83.44466666666668,88.06666666666666,37.4,37.333333333333336,13.333333333333334,42.4,12.133333333333333,30.266666666666666,20.066666666666666,13.866666666666667,1.8060000000000003,12.466666666666667,32.53333333333333,38.75666666666667,18.666666666666668,32.53333333333333,57.92399999999999,13.333333333333334,18.4,72.39866666666668,1.1333333333333333,6.2,0.536,2.066666666666667,16.666666666666668,0.12866666666666668,13.866666666666667,2.466666666666667,105.93333333333334
73,78,2021-12-30,10,1,2021-2022,Caxias do Sul Basquete,Mogi,75.66666666666667,25.0,40.0,10.666666666666666,34.13333333333333,8.2,25.933333333333334,18.0,12.733333333333333,1.4373333333333334,8.333333333333334,23.866666666666667,35.53666666666667,20.0,37.13333333333333,53.733333333333334,10.666666666666666,15.133333333333333,70.28466666666667,1.4666666666666666,8.133333333333333,0.6726666666666667,2.6666666666666665,21.2,0.12733333333333335,12.733333333333333,2.6,88.73333333333333,76.4,26.8,36.8,12.8,39.0,10.4,28.6,17.6,15.266666666666667,1.1893333333333334,8.933333333333334,27.666666666666668,32.63533333333333,18.4,36.06666666666667,51.24599999999999,12.8,17.0,75.27333333333334,2.8,7.066666666666666,0.4806666666666667,2.2,19.4,0.11066666666666669,15.266666666666667,2.8,86.4
81,85,2022-01-03,11,1,2021-2022,UNIFACISA,Sesi Franca,78.86666666666666,29.7,36.733333333333334,12.433333333333334,37.2,11.933333333333334,25.266666666666666,16.233333333333334,11.6,1.4213333333333336,9.9,29.333333333333332,33.21133333333333,18.366666666666667,36.6,50.808666666666674,12.433333333333334,16.6,73.77266666666668,1.7,7.2,0.6313333333333334,0.7666666666666667,20.033333333333335,0.03933333333333333,11.6,2.2333333333333334,86.83333333333333,89.44466666666668,31.4,43.644666666666666,14.4,40.822,9.533333333333333,31.288666666666664,18.488666666666667,12.888666666666667,1.4973333333333332,10.466666666666667,28.64466666666667,36.27133333333334,21.822,36.31133333333333,60.396,14.4,18.84466666666667,77.468,2.9113333333333333,6.2,0.506,2.822,16.4,0.198,12.888666666666667,1.9113333333333336,107.778
91,87,2022-01-04,11,1,2021-2022,São Paulo,Minas,79.53333333333333,26.4,41.93333333333333,11.2,34.03333333333333,6.133333333333334,27.9,18.466666666666665,11.733333333333333,1.662,8.8,27.1,32.134666666666675,20.966666666666665,35.0,60.18199999999999,11.2,15.5,71.82199999999999,1.8666666666666667,6.966666666666667,0.5913333333333333,2.6,16.5,0.158,11.733333333333333,2.0,93.23333333333333,83.83333333333333,32.0,38.666666666666664,13.166666666666666,38.43333333333333,10.8,27.633333333333333,16.966666666666665,11.633333333333333,1.5479999999999998,10.666666666666666,29.533333333333335,35.82533333333334,19.333333333333332,34.6,55.92,13.166666666666666,18.2,72.98266666666667,2.6333333333333333,7.3,0.6486666666666666,2.033333333333333,16.166666666666668,0.13866666666666663,11.633333333333333,2.6666666666666665,97.76666666666667
64,110,2022-01-05,11,1,2021-2022,Fortaleza B. C. / CFO,Sesi Franca,72.4,21.5,37.86666666666667,13.033333333333333,38.5,10.233333333333333,28.266666666666666,13.233333333333333,13.566666666666666,1.0366666666666664,7.166666666666667,25.2,29.396000000000004,18.933333333333334,40.3,46.724666666666664,13.033333333333333,18.766666666666666,69.75733333333334,1.0333333333333334,6.1,0.47133333333333344,2.1333333333333333,19.133333333333333,0.116,13.566666666666666,2.8666666666666667,73.66666666666667,91.28933333333335,33.2,43.289333333333325,14.8,42.044000000000004,9.533333333333333,32.510666666666665,18.17733333333333,13.110666666666669,1.434,11.066666666666666,29.289333333333335,37.76533333333334,21.644,35.62266666666667,60.97933333333334,14.8,19.089333333333336,78.70800000000003,2.8893333333333335,6.066666666666666,0.47933333333333333,3.0439999999999996,16.133333333333333,0.21133333333333335,13.110666666666669,1.8893333333333335,111.02266666666668
97,98,2022-01-06,11,1,2021-2022,Bauru Basket,Paulistano,76.56666666666666,27.3,37.4,11.866666666666667,36.43333333333333,8.333333333333334,28.1,17.433333333333334,12.1,1.5080000000000002,9.1,29.333333333333332,30.896666666666665,18.7,32.63333333333333,57.32333333333335,11.866666666666667,15.866666666666667,75.36333333333333,1.0333333333333334,6.6,0.5606666666666665,2.3333333333333335,18.266666666666666,0.13333333333333333,12.1,2.0,89.1,75.33333333333333,25.8,37.2,12.333333333333334,40.0,11.733333333333333,28.266666666666666,15.133333333333333,13.0,1.246,8.6,27.666666666666668,31.228666666666662,18.6,40.13333333333333,46.62599999999999,12.333333333333334,17.0,73.60333333333332,1.2,7.2,0.566,2.466666666666667,20.133333333333333,0.12599999999999997,13.0,3.2,81.86666666666666
67,65,2022-01-06,11,1,2021-2022,Pinheiros,Corinthians,77.6,26.8,37.86666666666667,12.933333333333334,43.43333333333333,15.1,28.333333333333332,15.7,13.566666666666666,1.184666666666667,8.933333333333334,28.3,31.921333333333333,18.933333333333334,40.9,46.49533333333333,12.933333333333334,19.0,67.686,1.7,7.333333333333333,0.5506666666666666,3.2333333333333334,17.533333333333335,0.18533333333333332,13.566666666666666,2.466666666666667,86.33333333333333,72.46666666666667,32.4,29.6,10.466666666666667,36.53333333333333,11.6,24.933333333333334,14.8,12.666666666666666,1.226,10.8,34.06666666666667,31.98933333333333,14.8,29.733333333333334,49.82933333333333,10.466666666666667,13.666666666666666,77.842,0.8,5.4,0.42866666666666664,2.2666666666666666,17.933333333333334,0.12533333333333335,12.666666666666666,2.8666666666666667,77.4
92,87,2022-01-08,11,1,2021-2022,Sesi Franca,São Paulo,91.80066666666669,34.0,43.00066666666666,14.8,42.06600000000001,9.433333333333334,32.632666666666665,17.666,13.166000000000002,1.384,11.333333333333334,29.70066666666667,38.154666666666664,21.49933333333333,35.20066666666666,61.282666666666664,14.8,19.167333333333335,78.39933333333333,2.8673333333333337,6.0,0.4713333333333333,3.1326666666666663,16.066666666666666,0.2166666666666667,13.166000000000002,1.9340000000000004,111.06733333333335,80.06666666666666,28.0,40.8,11.266666666666667,33.666666666666664,6.0,27.666666666666668,18.666666666666668,11.666666666666666,1.6953333333333334,9.333333333333334,28.066666666666666,32.967333333333336,20.4,33.86666666666667,60.37266666666665,11.266666666666667,15.533333333333333,71.99199999999999,1.8,7.133333333333334,0.6126666666666666,2.6,17.066666666666666,0.15333333333333332,11.666666666666666,1.8666666666666667,94.0
76,64,2022-01-09,11,1,2021-2022,Minas,Bauru Basket,84.0,32.0,39.06666666666667,12.933333333333334,39.2,11.266666666666667,27.933333333333334,16.866666666666667,11.866666666666667,1.4960000000000002,10.666666666666666,30.0,35.28866666666667,19.533333333333335,34.733333333333334,56.37133333333334,12.933333333333334,18.266666666666666,71.46266666666666,2.6,7.6,0.6699999999999999,2.1333333333333333,15.733333333333333,0.14533333333333331,11.866666666666667,2.6666666666666665,98.06666666666666,77.6,28.8,37.2,11.6,35.93333333333333,8.133333333333333,27.8,18.133333333333333,12.0,1.5833333333333335,9.6,30.266666666666666,31.7,18.6,32.266666666666666,57.57200000000001,11.6,15.866666666666667,73.58600000000001,0.8666666666666667,7.133333333333334,0.6126666666666665,2.466666666666667,18.533333333333335,0.13866666666666666,12.0,2.0,90.66666666666667
60,79,2022-01-09,11,1,2021-2022,BRB/Brasília,UNIFACISA,66.934,18.4,34.400666666666666,14.133333333333333,40.867333333333335,10.532666666666668,30.332666666666665,12.266000000000002,15.733333333333333,0.8346666666666664,6.132666666666666,22.066666666666666,27.879999999999995,17.199333333333332,37.8,45.81266666666667,14.133333333333333,20.266,69.56,0.9993333333333333,4.199333333333333,0.27799999999999997,2.7340000000000004,17.732666666666663,0.1566666666666667,15.733333333333333,2.3340000000000005,68.6,77.86666666666666,30.4,35.86666666666667,11.6,37.0,11.133333333333333,25.866666666666667,15.866666666666667,11.4,1.4126666666666667,10.133333333333333,30.066666666666666,33.05333333333333,17.933333333333334,35.666666666666664,50.87666666666667,11.6,15.533333333333333,73.64466666666667,1.7333333333333334,7.266666666666667,0.6493333333333333,0.8,19.8,0.04066666666666666,11.4,1.8666666666666667,85.8
122,126,2022-01-09,11,1,2021-2022,Cerrado,Fortaleza B. C. / CFO,80.93333333333334,28.0,41.6,11.333333333333334,42.13333333333333,13.0,29.133333333333333,16.2,14.8,1.2033333333333334,9.333333333333334,31.133333333333333,30.074666666666666,20.8,40.93333333333333,50.70333333333333,11.333333333333334,16.6,68.63000000000001,2.533333333333333,7.133333333333334,0.52,3.066666666666667,19.466666666666665,0.15466666666666665,14.8,2.8666666666666667,87.46666666666667,74.46666666666667,20.6,39.86666666666667,14.0,39.4,10.733333333333333,28.666666666666668,13.266666666666667,13.266666666666667,1.056,6.866666666666666,25.0,28.60133333333334,19.933333333333334,42.46666666666667,47.056666666666665,14.0,20.266666666666666,69.23,1.1333333333333333,6.333333333333333,0.5000000000000001,2.066666666666667,19.6,0.10933333333333335,13.266666666666667,2.8,75.33333333333333
81,64,2022-01-09,11,1,2021-2022,Flamengo,Pinheiros,87.26666666666667,36.6,37.6,13.066666666666666,43.0,12.333333333333334,30.666666666666668,19.933333333333334,14.733333333333333,1.4006666666666665,12.2,32.266666666666666,38.254,18.8,32.4,58.574,13.066666666666666,18.133333333333333,72.39866666666667,1.2,6.4,0.44,2.2,16.466666666666665,0.1386666666666667,14.733333333333333,2.6666666666666665,105.33333333333333,76.8,26.4,37.733333333333334,12.666666666666666,43.93333333333333,15.866666666666667,28.066666666666666,15.2,13.4,1.1606666666666667,8.8,28.333333333333332,31.37066666666666,18.866666666666667,41.4,45.77466666666667,12.666666666666666,18.866666666666667,66.55533333333332,1.7333333333333334,7.0,0.5306666666666666,3.2,17.2,0.18733333333333332,13.4,2.4,84.46666666666667
90,78,2022-01-10,12,1,2021-2022,Paulistano,União Corinthians,77.43333333333334,26.7,37.93333333333333,12.8,39.233333333333334,11.2,28.033333333333335,15.4,13.533333333333333,1.1886666666666668,8.9,27.5,32.39466666666667,18.966666666666665,39.266666666666666,48.395999999999994,12.8,17.766666666666666,71.66799999999999,1.3333333333333333,7.4,0.5546666666666666,2.3333333333333335,20.3,0.11799999999999998,13.533333333333333,3.3666666666666667,84.4,73.63333333333334,25.5,37.2,10.933333333333334,36.766666666666666,10.0,26.766666666666666,14.366666666666667,13.433333333333334,1.158,8.5,29.533333333333335,28.60733333333333,18.6,38.6,48.67600000000001,10.933333333333334,16.1,67.34466666666667,2.033333333333333,9.7,0.7513333333333333,2.533333333333333,19.7,0.13133333333333336,13.433333333333334,2.3,77.36666666666666
91,85,2022-01-10,12,1,2021-2022,Rio Claro,São Paulo,74.33333333333333,25.0,35.333333333333336,14.0,35.0,10.333333333333334,24.666666666666668,15.6,11.733333333333333,1.3726666666666665,8.333333333333334,26.466666666666665,31.585999999999995,17.666666666666668,37.13333333333333,47.58000000000001,14.0,19.133333333333333,72.52266666666667,1.5333333333333334,8.0,0.7026666666666668,1.4666666666666666,22.333333333333332,0.06466666666666668,11.733333333333333,2.2666666666666666,79.93333333333334,80.1,28.5,40.2,11.4,33.63333333333333,5.966666666666667,27.666666666666668,18.466666666666665,12.066666666666666,1.6353333333333333,9.5,27.933333333333334,33.75533333333333,20.1,33.666666666666664,59.833999999999975,11.4,15.833333333333334,71.43866666666666,1.8333333333333333,7.533333333333333,0.6353333333333333,2.433333333333333,17.166666666666668,0.14266666666666664,12.066666666666666,2.066666666666667,93.66666666666667
104,60,2022-01-10,12,1,2021-2022,Corinthians,Caxias do Sul Basquete,73.86666666666666,32.6,30.133333333333333,11.133333333333333,37.43333333333333,11.866666666666667,25.566666666666666,15.266666666666667,12.8,1.248,10.866666666666667,34.1,32.15533333333333,15.066666666666666,29.666666666666668,50.70333333333333,11.133333333333333,14.533333333333333,77.94000000000001,0.9333333333333333,5.733333333333333,0.454,2.4,18.133333333333333,0.13066666666666665,12.8,2.966666666666667,80.66666666666667,75.56666666666666,25.0,39.666666666666664,10.9,33.96666666666667,8.133333333333333,25.833333333333332,17.6,13.0,1.3886666666666665,8.333333333333334,24.366666666666667,34.467999999999996,19.833333333333332,37.0,53.486000000000004,10.9,15.433333333333334,70.33733333333333,1.4,8.233333333333333,0.6746666666666667,2.7666666666666666,21.133333333333333,0.13333333333333333,13.0,2.6333333333333333,87.4
68,72,2022-01-10,12,1,2021-2022,Mogi,Pato Basquete,76.03333333333333,27.1,36.6,12.333333333333334,39.43333333333333,10.5,28.933333333333334,17.666666666666668,15.966666666666667,1.151333333333333,9.033333333333333,28.233333333333334,32.186,18.3,35.4,51.87333333333333,12.333333333333334,16.666666666666668,73.26333333333334,2.933333333333333,7.0,0.46066666666666667,2.466666666666667,19.533333333333335,0.12400000000000004,15.966666666666667,2.8,86.0,70.9,27.2,32.8,10.9,37.13333333333333,10.2,26.933333333333334,12.8,14.033333333333333,0.954,9.066666666666666,27.066666666666666,33.11466666666666,16.4,36.266666666666666,45.67466666666666,10.9,18.533333333333335,58.69933333333334,1.5333333333333334,7.833333333333333,0.588,1.6666666666666667,20.333333333333332,0.08533333333333333,14.033333333333333,2.4,70.8
91,84,2022-01-11,12,1,2021-2022,Minas,Pinheiros,84.73333333333333,32.5,39.266666666666666,12.966666666666667,38.733333333333334,11.133333333333333,27.6,17.833333333333332,11.7,1.5733333333333335,10.833333333333334,30.0,35.955333333333336,19.633333333333333,34.733333333333334,56.665333333333336,12.966666666666667,18.233333333333334,71.76333333333332,2.6666666666666665,7.8,0.6886666666666666,2.1,15.866666666666667,0.14133333333333334,11.7,2.6333333333333333,99.96666666666667,76.86666666666666,26.5,38.2,12.166666666666666,43.53333333333333,15.966666666666667,27.566666666666666,15.7,13.466666666666667,1.1900000000000002,8.833333333333334,28.733333333333334,31.052,19.1,41.266666666666666,46.51933333333333,12.166666666666666,18.2,66.55533333333332,1.6,7.066666666666666,0.5333333333333333,3.3,16.966666666666665,0.19400000000000003,13.466666666666667,2.3666666666666667,84.9
103,59,2022-01-11,12,1,2021-2022,Flamengo,Bauru Basket,88.4,38.0,36.93333333333333,13.466666666666667,43.0,12.333333333333334,30.666666666666668,19.933333333333334,14.066666666666666,1.5746666666666664,12.666666666666666,33.13333333333333,38.766666666666666,18.466666666666665,32.06666666666667,58.288666666666664,13.466666666666667,18.533333333333335,73.71733333333334,1.4666666666666666,6.266666666666667,0.48066666666666674,2.6,16.266666666666666,0.16933333333333336,14.066666666666666,2.6,107.0,76.43333333333334,27.9,37.4,11.133333333333333,35.666666666666664,7.933333333333334,27.733333333333334,18.333333333333332,11.8,1.616,9.3,29.8,31.038,18.7,33.06666666666667,56.69933333333335,11.133333333333333,15.166666666666666,73.90133333333333,0.9666666666666667,7.033333333333333,0.612,2.466666666666667,18.2,0.14,11.8,1.8666666666666667,89.23333333333333
82,75,2022-01-11,12,1,2021-2022,BRB/Brasília,Fortaleza B. C. / CFO,68.00066666666666,18.4,34.534,15.066666666666666,41.20066666666666,10.732666666666667,30.465999999999998,12.332666666666666,15.666666666666666,0.8439999999999999,6.132666666666666,23.0,26.644666666666662,17.266,37.2,46.492666666666665,15.066666666666666,21.332666666666665,70.03600000000002,0.9993333333333333,4.599333333333333,0.30733333333333335,2.8673333333333337,18.065999999999995,0.1606666666666667,15.666666666666666,2.5340000000000003,70.26666666666667,75.6,20.8,41.2,13.6,39.8,11.2,28.6,13.933333333333334,13.533333333333333,1.0906666666666665,6.933333333333334,24.866666666666667,28.895333333333333,20.6,43.06666666666667,48.30466666666667,13.6,19.733333333333334,69.03666666666666,1.1333333333333333,6.2,0.48333333333333334,2.1333333333333333,19.333333333333332,0.11266666666666669,13.533333333333333,2.933333333333333,77.6
74,88,2022-01-11,12,1,2021-2022,Cerrado,UNIFACISA,80.66666666666667,28.2,41.06666666666667,11.4,42.0,12.933333333333334,29.066666666666666,16.066666666666666,14.266666666666667,1.224666666666667,9.4,31.4,30.034666666666666,20.533333333333335,40.666666666666664,50.37133333333332,11.4,16.733333333333334,68.45133333333334,2.6,6.933333333333334,0.518,3.1333333333333333,19.2,0.1633333333333333,14.266666666666667,2.533333333333333,87.06666666666666,78.06666666666666,28.8,37.86666666666667,11.4,37.2,11.0,26.2,15.466666666666667,11.2,1.4086666666666667,9.6,28.933333333333334,32.785999999999994,18.933333333333334,36.8,52.028666666666666,11.4,15.333333333333334,73.30866666666667,1.7333333333333334,7.4,0.6973333333333332,0.9333333333333333,19.133333333333333,0.048666666666666664,11.2,1.7333333333333334,86.73333333333333
89,83,2022-01-12,12,1,2021-2022,Paulistano,Caxias do Sul Basquete,78.73333333333333,27.4,38.86666666666667,12.466666666666667,38.9,10.966666666666667,27.933333333333334,15.566666666666666,13.333333333333334,1.212,9.133333333333333,27.633333333333333,33.08933333333334,19.433333333333334,39.36666666666667,49.50466666666667,12.466666666666667,17.233333333333334,71.85999999999999,1.3666666666666667,7.166666666666667,0.5466666666666666,2.2666666666666666,20.5,0.114,13.333333333333334,3.1333333333333333,86.1,75.4,24.6,39.2,11.6,34.03333333333333,8.1,25.933333333333334,17.466666666666665,13.3,1.3593333333333333,8.2,24.233333333333334,34.00666666666667,19.6,36.766666666666666,53.213333333333345,11.6,16.266666666666666,71.05933333333334,1.4333333333333333,8.066666666666666,0.6526666666666667,2.8,20.9,0.136,13.3,2.8,86.6
74,63,2022-01-12,12,1,2021-2022,Corinthians,União Corinthians,74.83333333333333,32.1,31.333333333333332,11.4,38.06666666666667,11.933333333333334,26.133333333333333,15.533333333333333,12.5,1.2973333333333334,10.7,34.03333333333333,31.74133333333333,15.666666666666666,30.233333333333334,51.74866666666667,11.4,14.8,78.42266666666666,1.0333333333333334,5.733333333333333,0.4646666666666667,2.3666666666666667,18.366666666666667,0.12666666666666668,12.5,2.8,82.73333333333333,73.83333333333333,25.7,36.733333333333334,11.4,36.86666666666667,10.133333333333333,26.733333333333334,14.5,13.066666666666666,1.2046666666666668,8.566666666666666,29.7,28.680666666666664,18.366666666666667,38.63333333333333,48.05133333333334,11.4,16.433333333333334,69.09733333333334,1.9666666666666666,9.633333333333333,0.7713333333333332,2.533333333333333,19.466666666666665,0.13266666666666665,13.066666666666666,2.2,77.86666666666666
86,77,2022-01-12,12,1,2021-2022,São Paulo,Pato Basquete,81.73333333333333,30.2,39.733333333333334,11.8,34.0,5.866666666666666,28.133333333333333,19.0,12.2,1.6640000000000001,10.066666666666666,28.0,35.81666666666667,19.866666666666667,33.13333333333333,59.95466666666665,11.8,16.266666666666666,72.23466666666667,2.0,7.266666666666667,0.612,2.4,17.2,0.14066666666666663,12.2,2.3333333333333335,96.53333333333333,71.6,28.2,32.6,10.8,37.1,10.4,26.7,13.1,13.9,0.9799999999999999,9.4,27.3,33.892666666666656,16.3,36.56666666666667,44.902,10.8,18.066666666666666,59.44733333333333,1.4666666666666666,8.066666666666666,0.6080000000000001,1.9666666666666666,20.033333333333335,0.10266666666666667,13.9,2.4,72.5
84,80,2022-01-25,1,2,2021-2022,Rio Claro,Pinheiros,73.93333333333334,23.2,37.0,13.733333333333333,35.0,10.633333333333333,24.366666666666667,15.1,11.8,1.3313333333333333,7.733333333333333,26.466666666666665,29.085999999999995,18.5,37.733333333333334,48.97200000000001,13.733333333333333,18.933333333333334,72.08466666666666,1.5333333333333334,8.166666666666666,0.712,1.5333333333333334,22.233333333333334,0.068,11.8,2.3,78.76666666666667,76.66666666666667,25.9,38.53333333333333,12.233333333333333,42.666666666666664,15.566666666666666,27.1,15.633333333333333,13.8,1.16,8.633333333333333,28.4,30.72133333333333,19.266666666666666,41.06666666666667,47.18266666666667,12.233333333333333,18.133333333333333,67.11066666666666,1.5666666666666667,7.366666666666666,0.5413333333333333,3.3,16.666666666666668,0.19600000000000004,13.8,2.3666666666666667,84.36666666666666
86,90,2022-01-25,1,2,2021-2022,BRB/Brasília,São Paulo,69.03399999999998,19.6,35.06733333333333,14.366666666666667,41.70066666666666,11.166,30.532666666666664,12.666,15.633333333333333,0.8726666666666667,6.532666666666667,23.5,27.386,17.532666666666664,37.4,46.9,14.366666666666667,20.699333333333332,67.84533333333333,0.9993333333333333,4.432666666666666,0.296,2.7673333333333336,18.132666666666662,0.15533333333333335,15.633333333333333,2.467333333333334,71.8,82.16666666666667,30.9,39.333333333333336,11.933333333333334,34.333333333333336,6.133333333333334,28.2,18.633333333333333,12.166666666666666,1.636,10.3,28.566666666666666,35.88066666666667,19.666666666666668,32.63333333333333,60.21533333333333,11.933333333333334,16.433333333333334,72.39333333333333,2.033333333333333,7.1,0.5986666666666666,2.3333333333333335,17.133333333333333,0.13733333333333336,12.166666666666666,2.4,96.66666666666667
98,75,2022-01-25,1,2,2021-2022,Corinthians,Mogi,75.06666666666666,31.8,31.933333333333334,11.333333333333334,38.1,11.833333333333334,26.266666666666666,15.666666666666666,12.066666666666666,1.3579999999999999,10.6,34.03333333333333,31.451333333333327,15.966666666666667,30.766666666666666,51.95733333333333,11.333333333333334,14.766666666666667,78.07400000000001,1.0666666666666667,5.833333333333333,0.49333333333333323,2.3666666666666667,18.6,0.12466666666666668,12.066666666666666,2.533333333333333,83.3,75.7,26.7,36.6,12.4,39.46666666666667,10.566666666666666,28.9,17.666666666666668,16.433333333333334,1.1199999999999999,8.9,28.4,31.371333333333332,18.3,35.0,52.385999999999996,12.4,17.133333333333333,71.676,2.9,6.733333333333333,0.43466666666666665,2.4,19.6,0.11933333333333336,16.433333333333334,3.033333333333333,84.6
90,55,2022-01-25,1,2,2021-2022,Flamengo,Caxias do Sul Basquete,88.63333333333334,39.0,37.2,12.433333333333334,43.46666666666667,12.233333333333333,31.233333333333334,20.933333333333334,13.966666666666667,1.6426666666666665,13.0,33.8,38.95466666666667,18.6,31.966666666666665,58.81333333333334,12.433333333333334,17.4,72.40866666666668,1.5333333333333334,6.466666666666667,0.49600000000000005,2.566666666666667,15.633333333333333,0.17133333333333337,13.966666666666667,2.566666666666667,108.96666666666667,74.36666666666666,24.4,38.46666666666667,11.5,34.1,7.933333333333334,26.166666666666668,17.533333333333335,13.466666666666667,1.3506666666666667,8.133333333333333,24.366666666666667,33.538,19.233333333333334,36.86666666666667,52.205333333333336,11.5,16.066666666666666,71.4,1.5,8.033333333333333,0.6426666666666667,2.933333333333333,20.8,0.14333333333333337,13.466666666666667,2.9,85.06666666666666
82,86,2022-01-26,1,2,2021-2022,Paulistano,Pato Basquete,79.1,27.4,39.333333333333336,12.366666666666667,38.53333333333333,10.8,27.733333333333334,15.5,13.233333333333333,1.2133333333333334,9.133333333333333,27.266666666666666,33.550000000000004,19.666666666666668,39.63333333333333,49.78266666666668,12.366666666666667,16.933333333333334,72.40866666666666,1.2666666666666666,7.0,0.5399999999999999,2.3,20.733333333333334,0.11466666666666668,13.233333333333333,3.033333333333333,86.53333333333333,72.2,28.3,33.0,10.9,37.7,10.866666666666667,26.833333333333332,13.333333333333334,13.566666666666666,1.0186666666666666,9.433333333333334,27.166666666666668,34.14733333333333,16.5,37.53333333333333,44.248666666666665,10.9,17.666666666666668,61.20933333333333,1.5666666666666667,8.033333333333333,0.616,2.1666666666666665,19.9,0.11266666666666666,13.566666666666666,2.4,74.33333333333333
95,68,2022-01-26,1,2,2021-2022,UNIFACISA,Fortaleza B. C. / CFO,79.6,31.0,37.46666666666667,11.133333333333333,36.666666666666664,10.8,25.866666666666667,16.066666666666666,11.0,1.4786666666666668,10.333333333333334,29.733333333333334,33.986666666666665,18.733333333333334,36.0,52.42733333333334,11.133333333333333,15.133333333333333,72.642,1.7333333333333334,7.4,0.702,1.0666666666666667,19.133333333333333,0.05533333333333334,11.0,1.7333333333333334,89.13333333333334,75.4,21.2,40.93333333333333,13.266666666666667,39.4,11.066666666666666,28.333333333333332,14.133333333333333,13.666666666666666,1.094,7.066666666666666,24.533333333333335,29.738,20.466666666666665,42.733333333333334,48.38200000000001,13.266666666666667,19.666666666666668,66.72866666666665,1.2666666666666666,5.933333333333334,0.44933333333333336,2.2,19.266666666666666,0.1166666666666667,13.666666666666666,2.8,77.26666666666667
83,62,2022-01-27,1,2,2021-2022,Minas,Caxias do Sul Basquete,85.4,33.1,39.8,12.5,39.0,11.133333333333333,27.866666666666667,18.333333333333332,11.733333333333333,1.6013333333333337,11.033333333333333,30.266666666666666,36.29533333333334,19.9,34.833333333333336,57.27133333333333,12.5,17.966666666666665,70.236,2.7333333333333334,7.966666666666667,0.6980000000000001,2.2333333333333334,16.1,0.14666666666666667,11.733333333333333,2.6,101.56666666666666,73.6,23.5,38.93333333333333,11.166666666666666,34.1,8.066666666666666,26.033333333333335,17.166666666666668,13.3,1.338666666666667,7.833333333333333,24.3,32.38266666666666,19.466666666666665,37.86666666666667,51.526666666666664,11.166666666666666,15.333333333333334,72.29933333333335,1.5666666666666667,8.033333333333333,0.6473333333333334,2.933333333333333,20.2,0.14666666666666667,13.3,2.7666666666666666,83.5
76,84,2022-01-27,1,2,2021-2022,Rio Claro,Bauru Basket,74.6,22.2,38.333333333333336,14.066666666666666,35.2,10.933333333333334,24.266666666666666,14.6,12.066666666666666,1.2653333333333332,7.4,26.1,28.11133333333333,19.166666666666668,37.93333333333333,50.386,14.066666666666666,19.433333333333334,71.932,1.5666666666666667,8.3,0.7073333333333333,1.4666666666666666,22.1,0.066,12.066666666666666,2.466666666666667,79.26666666666667,77.06666666666666,28.6,37.13333333333333,11.333333333333334,35.03333333333333,7.966666666666667,27.066666666666666,18.4,11.5,1.6493333333333335,9.533333333333333,29.733333333333334,31.915333333333333,18.566666666666666,33.0,56.37400000000001,11.333333333333334,15.366666666666667,74.17800000000001,0.9333333333333333,7.033333333333333,0.6246666666666666,2.4,18.366666666666667,0.136,11.5,1.8333333333333333,89.76666666666667
95,80,2022-01-27,1,2,2021-2022,Sesi Franca,Pinheiros,92.56733333333335,35.6,42.33399999999999,14.633333333333333,41.79933333333334,9.566666666666666,32.23266666666667,17.532666666666668,13.299333333333335,1.3553333333333333,11.866666666666667,30.534000000000002,38.79666666666667,21.165999999999997,34.367333333333335,61.83933333333333,14.633333333333333,19.00066666666667,78.22333333333334,2.8340000000000005,5.966666666666667,0.4626666666666667,3.1326666666666663,15.833333333333334,0.21933333333333335,13.299333333333335,2.0340000000000003,111.46733333333334,76.26666666666667,25.6,38.0,12.666666666666666,41.5,14.7,26.8,15.466666666666667,14.033333333333333,1.1326666666666665,8.533333333333333,28.2,30.582666666666665,19.0,39.96666666666667,47.75533333333333,12.666666666666666,18.366666666666667,68.47533333333334,1.5666666666666667,7.533333333333333,0.5433333333333333,3.1,16.366666666666667,0.18866666666666668,14.033333333333333,2.2666666666666666,83.5
86,84,2022-01-27,1,2,2021-2022,Cerrado,São Paulo,80.56666666666666,28.5,40.93333333333333,11.133333333333333,41.166666666666664,12.933333333333334,28.233333333333334,16.433333333333334,14.2,1.2646666666666668,9.5,31.466666666666665,30.267333333333337,20.466666666666665,40.43333333333333,50.54933333333334,11.133333333333333,16.2,69.63666666666667,2.5,6.8,0.5086666666666667,3.066666666666667,19.1,0.16066666666666665,14.2,2.6666666666666665,86.83333333333333,82.6,31.6,38.93333333333333,12.066666666666666,34.666666666666664,6.4,28.266666666666666,18.266666666666666,12.133333333333333,1.6079999999999999,10.533333333333333,29.133333333333333,35.94466666666666,19.466666666666665,32.13333333333333,60.47599999999999,12.066666666666666,16.6,72.55199999999999,2.066666666666667,6.933333333333334,0.5853333333333333,2.2666666666666666,17.066666666666666,0.134,12.133333333333333,2.466666666666667,96.8
69,62,2022-01-28,1,2,2021-2022,Paulistano,Mogi,79.2,26.8,39.46666666666667,12.933333333333334,38.6,10.866666666666667,27.733333333333334,15.0,13.6,1.134,8.933333333333334,27.066666666666666,32.994,19.733333333333334,39.6,49.98533333333334,12.933333333333334,17.466666666666665,73.85999999999999,1.2666666666666666,7.066666666666666,0.528,2.3333333333333335,20.733333333333334,0.11600000000000002,13.6,3.2,86.06666666666666,75.33333333333333,26.4,36.266666666666666,12.666666666666666,39.766666666666666,10.5,29.266666666666666,17.8,16.733333333333334,1.1106666666666665,8.8,28.066666666666666,31.371333333333336,18.133333333333333,34.63333333333333,52.42933333333334,12.666666666666666,17.733333333333334,70.80266666666667,2.933333333333333,6.666666666666667,0.4266666666666667,2.2333333333333334,19.3,0.11266666666666669,16.733333333333334,3.2333333333333334,84.23333333333333
58,60,2022-01-28,1,2,2021-2022,Corinthians,Pato Basquete,75.66666666666667,32.6,32.0,11.066666666666666,37.8,11.6,26.2,16.133333333333333,11.733333333333333,1.4333333333333333,10.866666666666667,34.2,32.087999999999994,16.0,30.866666666666667,51.91666666666667,11.066666666666666,14.466666666666667,77.63466666666666,1.0,5.933333333333334,0.5186666666666666,2.4,18.733333333333334,0.12533333333333335,11.733333333333333,2.466666666666667,84.6,72.76666666666667,28.9,33.13333333333333,10.733333333333333,38.733333333333334,11.566666666666666,27.166666666666668,13.133333333333333,13.533333333333333,1.0053333333333334,9.633333333333333,27.4,34.635999999999996,16.566666666666666,38.03333333333333,43.87266666666666,10.733333333333333,17.366666666666667,61.44866666666667,1.6666666666666667,7.7,0.5893333333333334,2.3666666666666667,19.866666666666667,0.12266666666666666,13.533333333333333,2.566666666666667,75.3
104,88,2022-01-29,1,2,2021-2022,Sesi Franca,Bauru Basket,92.56733333333334,36.8,41.534,14.233333333333333,41.366,9.8,31.565999999999995,17.532666666666668,13.366000000000003,1.3473333333333335,12.266666666666667,31.334000000000003,38.98666666666667,20.766,33.56733333333334,62.172666666666665,14.233333333333333,18.267333333333337,78.87466666666667,2.7673333333333336,6.033333333333333,0.4653333333333334,3.099333333333333,15.8,0.218,13.366000000000003,2.0340000000000003,111.33400000000002,77.73333333333333,30.0,36.333333333333336,11.4,34.2,8.133333333333333,26.066666666666666,18.366666666666667,11.466666666666667,1.6506666666666665,10.0,30.0,33.304,18.166666666666668,32.46666666666667,56.06333333333334,11.4,15.5,74.01133333333334,1.0,7.133333333333334,0.6359999999999999,2.1,18.533333333333335,0.11933333333333335,11.466666666666667,1.9333333333333333,89.66666666666667
97,82,2022-01-29,1,2,2021-2022,Minas,União Corinthians,85.13333333333334,33.0,40.2,11.933333333333334,38.96666666666667,10.733333333333333,28.233333333333334,17.9,12.166666666666666,1.5140000000000002,11.0,30.133333333333333,36.37266666666667,20.1,34.86666666666667,57.784666666666666,11.933333333333334,17.266666666666666,69.63000000000001,2.7333333333333334,8.0,0.6806666666666668,2.433333333333333,16.033333333333335,0.15866666666666665,12.166666666666666,2.5,101.03333333333333,74.8,25.8,36.8,12.2,36.8,10.133333333333333,26.666666666666668,14.8,12.933333333333334,1.2366666666666666,8.6,29.533333333333335,28.97733333333333,18.4,38.93333333333333,47.790000000000006,12.2,17.133333333333333,71.11466666666666,2.1333333333333333,9.8,0.7913333333333331,2.6666666666666665,19.333333333333332,0.14,12.933333333333334,2.2,79.53333333333333
107,95,2022-01-31,2,2,2021-2022,Pinheiros,BRB/Brasília,77.03333333333333,26.7,37.333333333333336,13.0,41.166666666666664,14.266666666666667,26.9,15.433333333333334,14.133333333333333,1.122,8.9,28.733333333333334,31.122666666666664,18.666666666666668,39.13333333333333,47.83533333333333,13.0,18.6,69.36400000000002,1.5333333333333334,8.0,0.5693333333333332,2.933333333333333,16.233333333333334,0.18133333333333332,14.133333333333333,2.3,84.53333333333333,69.96733333333333,19.3,35.934,14.733333333333333,41.534,11.366000000000001,30.165999999999997,12.766,16.1,0.8520000000000001,6.432666666666666,23.566666666666666,26.88533333333333,17.966,37.03333333333333,48.32666666666667,14.733333333333333,21.632666666666662,66.554,1.1326666666666667,4.532666666666667,0.29,2.7340000000000004,18.266000000000002,0.15333333333333332,16.1,2.5673333333333335,72.33333333333333
85,77,2022-02-01,2,2,2021-2022,Caxias do Sul Basquete,Rio Claro,74.03333333333333,23.4,39.266666666666666,11.366666666666667,34.166666666666664,8.333333333333334,25.833333333333332,16.8,13.066666666666666,1.3320000000000003,7.8,24.333333333333332,32.192,19.633333333333333,38.333333333333336,51.30533333333333,11.366666666666667,15.366666666666667,73.23066666666666,1.6666666666666667,7.933333333333334,0.6466666666666667,2.933333333333333,19.7,0.14933333333333335,13.066666666666666,2.6666666666666665,83.56666666666666,75.0,22.3,38.2,14.5,35.2,10.866666666666667,24.333333333333332,14.5,12.366666666666667,1.2253333333333332,7.433333333333334,26.0,28.327333333333332,19.1,37.4,50.936,14.5,19.833333333333332,72.51133333333334,1.5666666666666667,8.066666666666666,0.6759999999999999,1.3,22.466666666666665,0.05933333333333334,12.366666666666667,2.7333333333333334,79.5
96,74,2022-02-02,2,2,2021-2022,Bauru Basket,BRB/Brasília,78.33333333333333,30.9,36.4,11.033333333333333,34.333333333333336,8.566666666666666,25.766666666666666,18.666666666666668,11.366666666666667,1.6973333333333334,10.3,30.3,34.07666666666667,18.2,32.666666666666664,55.85600000000001,11.033333333333333,15.166666666666666,73.25133333333332,1.1333333333333333,7.1,0.6373333333333334,1.9666666666666666,18.566666666666666,0.11200000000000002,11.366666666666667,1.9666666666666666,90.43333333333334,71.634,19.9,37.00066666666667,14.733333333333333,41.800666666666665,11.932666666666668,29.865999999999996,13.366000000000001,15.966666666666667,0.8833333333333333,6.632666666666666,24.166666666666668,27.14866666666666,18.499333333333333,37.56666666666667,49.05533333333334,14.733333333333333,22.199333333333332,64.98933333333333,1.2326666666666668,4.899333333333333,0.30866666666666664,2.5673333333333335,18.63266666666667,0.1406666666666667,15.966666666666667,2.8340000000000005,74.23333333333333
88,70,2022-02-02,2,2,2021-2022,Pinheiros,Cerrado,78.6,27.9,37.4,13.3,41.0,13.9,27.1,15.6,14.466666666666667,1.1000000000000003,9.3,28.733333333333334,32.26533333333333,18.7,39.43333333333333,47.56266666666667,13.3,18.833333333333332,70.06266666666669,1.4666666666666666,8.466666666666667,0.5833333333333334,3.0,16.433333333333334,0.1833333333333333,14.466666666666667,2.5,86.5,79.33333333333333,28.3,40.333333333333336,10.7,40.833333333333336,12.6,28.233333333333334,16.433333333333334,14.2,1.2646666666666668,9.433333333333334,31.333333333333332,30.175333333333334,20.166666666666668,40.3,49.96666666666667,10.7,15.533333333333333,70.23866666666666,2.466666666666667,6.9,0.5173333333333333,3.033333333333333,18.866666666666667,0.16066666666666665,14.2,2.533333333333333,85.46666666666667
87,93,2022-02-03,2,2,2021-2022,Pato Basquete,Flamengo,73.7,30.3,32.93333333333333,10.466666666666667,38.833333333333336,11.7,27.133333333333333,12.733333333333333,13.366666666666667,0.9880000000000001,10.1,28.0,35.55,16.466666666666665,37.733333333333334,43.98866666666666,10.466666666666667,16.833333333333332,62.22933333333333,1.6333333333333333,7.3,0.562,2.4,20.0,0.12399999999999999,13.366666666666667,2.6666666666666665,76.06666666666666,89.86666666666666,39.8,37.8,12.266666666666667,43.0,11.733333333333333,31.266666666666666,21.433333333333334,13.9,1.6759999999999997,13.266666666666667,34.0,39.56133333333333,18.9,31.633333333333333,60.289333333333346,12.266666666666667,17.033333333333335,72.99133333333333,1.5666666666666667,6.333333333333333,0.48933333333333334,2.6,15.366666666666667,0.17533333333333337,13.9,2.4,111.1
68,83,2022-02-03,2,2,2021-2022,Caxias do Sul Basquete,Sesi Franca,74.2,24.3,38.266666666666666,11.633333333333333,33.53333333333333,8.0,25.533333333333335,16.266666666666666,13.066666666666666,1.2913333333333332,8.1,24.533333333333335,33.19199999999999,19.133333333333333,37.63333333333333,50.94533333333332,11.633333333333333,15.766666666666667,73.15466666666667,1.6666666666666667,7.466666666666667,0.6106666666666668,2.9,19.833333333333332,0.14666666666666667,13.066666666666666,2.6333333333333333,82.23333333333333,91.534,36.3,41.00066666666667,14.233333333333333,40.566,9.8,30.766,17.066000000000003,13.266000000000002,1.3193333333333335,12.1,31.367333333333338,38.33133333333333,20.49933333333333,33.06733333333334,62.29666666666666,14.233333333333333,17.934000000000005,79.884,2.7340000000000004,5.933333333333334,0.4600000000000001,3.066,15.966666666666667,0.214,13.266000000000002,1.9673333333333336,109.36733333333335
84,75,2022-02-03,2,2,2021-2022,União Corinthians,Rio Claro,76.0,25.0,38.13333333333333,12.866666666666667,37.733333333333334,11.033333333333333,26.7,14.766666666666667,12.8,1.249333333333333,8.333333333333334,28.5,29.048666666666666,19.066666666666666,40.2,47.90133333333334,12.866666666666667,18.233333333333334,70.91266666666667,2.1333333333333333,9.4,0.7606666666666666,2.566666666666667,19.7,0.13533333333333333,12.8,2.2333333333333334,81.0,75.5,22.3,38.53333333333333,14.666666666666666,35.0,10.733333333333333,24.266666666666666,14.533333333333333,12.333333333333334,1.23,7.433333333333334,26.133333333333333,28.172,19.266666666666666,37.3,51.62933333333333,14.666666666666666,19.933333333333334,72.89200000000001,1.6,7.766666666666667,0.6566666666666665,1.2666666666666666,23.0,0.05733333333333334,12.333333333333334,2.9,79.73333333333333
81,71,2022-02-03,2,2,2021-2022,Corinthians,Paulistano,76.23333333333333,32.4,32.93333333333333,10.9,38.1,11.766666666666667,26.333333333333332,16.233333333333334,11.766666666666667,1.438,10.8,32.86666666666667,33.715999999999994,16.466666666666665,31.866666666666667,51.88000000000001,10.9,14.366666666666667,76.96266666666666,1.2,5.933333333333334,0.5166666666666666,2.3,18.433333333333334,0.12066666666666669,11.766666666666667,2.7,86.1,78.8,26.8,39.6,12.4,38.2,10.733333333333333,27.466666666666665,14.966666666666667,13.3,1.1713333333333336,8.933333333333334,26.833333333333332,33.35733333333334,19.8,39.63333333333333,50.10800000000001,12.4,16.766666666666666,73.342,1.2666666666666666,6.866666666666666,0.5226666666666667,2.4,20.3,0.12200000000000001,13.3,3.2,85.83333333333333
74,68,2022-02-04,2,2,2021-2022,Bauru Basket,Cerrado,78.73333333333333,30.9,36.93333333333333,10.9,34.53333333333333,8.566666666666666,25.966666666666665,18.733333333333334,11.3,1.7173333333333332,10.3,30.0,34.39066666666667,18.466666666666665,33.36666666666667,55.454666666666675,10.9,15.266666666666667,71.722,1.2666666666666666,7.066666666666666,0.6366666666666668,1.9,18.633333333333333,0.10800000000000004,11.3,1.9333333333333333,90.7,79.26666666666667,28.0,40.666666666666664,10.6,40.63333333333333,12.5,28.133333333333333,16.533333333333335,13.7,1.2986666666666666,9.333333333333334,31.333333333333332,29.862666666666666,20.333333333333332,40.56666666666667,50.077999999999996,10.6,15.133333333333333,71.846,2.566666666666667,6.9,0.534,3.1333333333333333,18.866666666666667,0.16666666666666663,13.7,2.466666666666667,86.0
77,117,2022-02-05,2,2,2021-2022,Mogi,Flamengo,75.53333333333333,26.4,36.53333333333333,12.6,39.6,10.666666666666666,28.933333333333334,17.866666666666667,16.4,1.1473333333333333,8.8,28.666666666666668,30.910000000000004,18.266666666666666,34.93333333333333,52.39533333333334,12.6,17.866666666666667,69.61200000000001,2.933333333333333,7.066666666666666,0.47,2.066666666666667,19.266666666666666,0.10533333333333335,16.4,3.2,83.93333333333334,89.86666666666666,39.5,37.733333333333334,12.633333333333333,42.333333333333336,11.133333333333333,31.2,21.0,13.866666666666667,1.6526666666666663,13.166666666666666,33.56666666666667,39.854000000000006,18.866666666666667,31.566666666666666,60.32533333333334,12.633333333333333,17.066666666666666,74.59666666666665,1.5333333333333334,6.066666666666666,0.47400000000000003,2.533333333333333,15.366666666666667,0.17066666666666666,13.866666666666667,2.3333333333333335,110.4
88,70,2022-02-05,2,2,2021-2022,São Paulo,UNIFACISA,83.16666666666667,31.9,38.8,12.466666666666667,34.266666666666666,6.266666666666667,28.0,17.9,12.2,1.5679999999999998,10.633333333333333,28.9,36.666666666666664,19.4,32.166666666666664,60.218666666666664,12.466666666666667,17.2,72.31400000000001,2.066666666666667,7.2,0.604,2.3,17.3,0.13466666666666666,12.2,2.5,96.86666666666666,79.86666666666666,31.2,37.2,11.466666666666667,36.4,10.266666666666667,26.133333333333333,15.933333333333334,11.133333333333333,1.460666666666667,10.4,29.4,34.681999999999995,18.6,35.8,52.342000000000006,11.466666666666667,15.4,74.03066666666665,1.7333333333333334,7.4,0.6986666666666667,1.1333333333333333,19.0,0.05866666666666667,11.133333333333333,1.8,89.46666666666667
89,85,2022-02-05,2,2,2021-2022,União Corinthians,Sesi Franca,77.2,24.2,39.46666666666667,13.533333333333333,38.666666666666664,11.933333333333334,26.733333333333334,14.733333333333333,12.666666666666666,1.2619999999999998,8.066666666666666,27.466666666666665,29.119999999999997,19.733333333333334,41.46666666666667,48.01266666666667,13.533333333333333,19.333333333333332,70.71066666666667,2.1333333333333333,9.0,0.73,2.466666666666667,20.066666666666666,0.13066666666666668,12.666666666666666,2.2666666666666666,82.46666666666667,90.80066666666666,35.3,40.867333333333335,14.633333333333333,40.199333333333335,9.833333333333334,30.365999999999996,16.532666666666668,13.166,1.2860000000000003,11.766666666666667,30.934000000000005,37.74466666666667,20.432666666666663,33.00066666666667,62.219333333333324,14.633333333333333,18.20066666666667,80.79933333333332,2.700666666666667,5.666666666666667,0.4413333333333334,3.1326666666666663,16.0,0.21733333333333332,13.166,1.9340000000000004,107.86733333333333
70,101,2022-02-06,2,2,2021-2022,Pato Basquete,Minas,74.33333333333333,31.4,32.266666666666666,10.666666666666666,38.36666666666667,11.4,26.966666666666665,12.6,13.0,1.0073333333333334,10.466666666666667,28.566666666666666,36.105999999999995,16.133333333333333,37.1,43.893333333333324,10.666666666666666,16.766666666666666,64.106,1.6,7.333333333333333,0.5753333333333334,2.3333333333333335,20.133333333333333,0.12000000000000001,13.0,2.6666666666666665,76.8,85.6,33.6,40.4,11.6,38.733333333333334,10.2,28.533333333333335,17.266666666666666,11.866666666666667,1.5300000000000002,11.2,30.0,37.254666666666665,20.2,34.8,58.18200000000001,11.6,16.733333333333334,69.74666666666667,2.933333333333333,7.8,0.6853333333333332,2.4,16.0,0.15666666666666668,11.866666666666667,2.3333333333333335,101.4
73,62,2022-02-07,3,2,2021-2022,São Paulo,Fortaleza B. C. / CFO,82.73333333333333,32.4,36.8,13.533333333333333,34.666666666666664,6.733333333333333,27.933333333333334,17.533333333333335,12.333333333333334,1.5226666666666664,10.8,28.866666666666667,37.34400000000001,18.4,31.733333333333334,57.723333333333336,13.533333333333333,18.466666666666665,72.69066666666667,1.9333333333333333,7.2,0.5980000000000002,2.533333333333333,17.533333333333335,0.14666666666666664,12.333333333333334,2.466666666666667,96.0,75.33333333333333,21.8,40.044666666666664,13.488666666666667,38.622,10.511333333333333,28.111333333333334,14.177999999999999,13.933333333333334,1.0806666666666667,7.266666666666667,24.378,30.554666666666666,20.022,41.71133333333333,48.52066666666667,13.488666666666667,20.111333333333334,65.592,1.3553333333333333,6.0,0.442,2.3553333333333333,19.555333333333333,0.12533333333333335,13.933333333333334,2.822,77.13333333333334
78,79,2022-02-07,3,2,2021-2022,BRB/Brasília,Caxias do Sul Basquete,73.334,21.1,38.00066666666667,14.233333333333333,42.434,12.299333333333333,30.132666666666662,14.266,15.433333333333334,0.9580000000000001,7.032666666666667,24.9,28.033333333333335,18.999333333333333,38.13333333333333,49.653333333333336,14.233333333333333,21.732666666666667,64.40066666666667,1.2660000000000002,5.066000000000001,0.32399999999999995,2.4673333333333334,18.932666666666666,0.13133333333333333,15.433333333333334,2.9006666666666665,77.63333333333334,73.93333333333334,24.4,37.86666666666667,11.666666666666666,32.833333333333336,7.566666666666666,25.266666666666666,16.166666666666668,12.833333333333334,1.3226666666666667,8.133333333333333,24.3,33.68733333333333,18.933333333333334,37.6,50.53199999999999,11.666666666666666,15.866666666666667,72.908,1.5333333333333334,7.0,0.5846666666666667,2.966666666666667,19.8,0.15066666666666667,12.833333333333334,2.533333333333333,81.03333333333333
70,73,2022-02-08,3,2,2021-2022,Mogi,Minas,74.4,26.0,36.266666666666666,12.133333333333333,39.03333333333333,10.566666666666666,28.466666666666665,17.7,16.366666666666667,1.1393333333333333,8.666666666666666,28.666666666666668,30.442,18.133333333333333,34.666666666666664,52.38933333333333,12.133333333333333,17.3,69.234,2.8666666666666667,7.033333333333333,0.4686666666666667,2.1333333333333333,19.333333333333332,0.10866666666666669,16.366666666666667,3.1666666666666665,82.23333333333333,85.13333333333334,32.5,41.0,11.633333333333333,38.166666666666664,10.133333333333333,28.033333333333335,17.3,11.766666666666667,1.5426666666666666,10.833333333333334,29.666666666666668,36.35266666666667,20.5,35.0,58.661333333333324,11.633333333333333,16.933333333333334,68.94533333333332,3.066666666666667,7.766666666666667,0.6873333333333334,2.466666666666667,16.166666666666668,0.15866666666666668,11.766666666666667,2.6333333333333333,100.43333333333334
87,85,2022-02-09,3,2,2021-2022,UNIFACISA,Pinheiros,80.7,31.4,37.733333333333334,11.566666666666666,36.766666666666666,10.3,26.466666666666665,15.533333333333333,10.933333333333334,1.4553333333333336,10.466666666666667,29.8,34.41133333333333,18.866666666666667,36.0,52.89,11.566666666666666,15.566666666666666,73.83933333333334,1.6333333333333333,7.466666666666667,0.7226666666666668,1.1333333333333333,19.333333333333332,0.05800000000000001,10.933333333333334,1.8,90.2,79.2,28.2,37.8,13.2,40.733333333333334,13.466666666666667,27.266666666666666,15.566666666666666,14.7,1.0726666666666667,9.4,28.433333333333334,32.832,18.9,39.36666666666667,48.20066666666666,13.2,18.666666666666668,70.12666666666668,1.5,8.233333333333333,0.5553333333333333,2.966666666666667,16.566666666666666,0.18066666666666664,14.7,2.8333333333333335,87.03333333333333
92,71,2022-02-09,3,2,2021-2022,BRB/Brasília,União Corinthians,74.634,21.6,39.06733333333333,13.966666666666667,42.56733333333333,12.532666666666668,30.032666666666664,14.832666666666666,15.5,0.9926666666666667,7.199333333333333,24.7,28.841333333333335,19.532666666666668,38.733333333333334,50.30933333333334,13.966666666666667,20.999333333333333,65.53533333333334,1.1660000000000001,5.266000000000001,0.33666666666666667,2.534,19.13266666666667,0.13333333333333333,15.5,2.767333333333333,80.6,77.16666666666667,24.3,38.86666666666667,14.0,38.333333333333336,11.633333333333333,26.7,15.033333333333333,12.666666666666666,1.284,8.1,27.2,29.555999999999997,19.433333333333334,40.9,47.822,14.0,19.866666666666667,71.37733333333333,2.066666666666667,8.533333333333333,0.6953333333333334,2.3333333333333335,20.066666666666666,0.12466666666666668,12.666666666666666,2.1333333333333333,82.3
79,61,2022-02-09,3,2,2021-2022,Cerrado,Caxias do Sul Basquete,79.06666666666666,27.1,41.06666666666667,10.9,41.06666666666667,12.933333333333334,28.133333333333333,16.433333333333334,13.233333333333333,1.3133333333333332,9.033333333333333,31.1,29.066,20.533333333333335,40.96666666666667,50.11333333333333,10.9,15.466666666666667,72.42266666666666,2.6333333333333333,6.8,0.5406666666666666,3.3,18.733333333333334,0.17799999999999996,13.233333333333333,2.5,86.36666666666666,73.43333333333334,23.8,38.0,11.633333333333333,32.43333333333333,7.533333333333333,24.9,16.466666666666665,12.666666666666666,1.3780000000000001,7.933333333333334,24.133333333333333,32.992,19.0,37.86666666666667,50.380666666666656,11.633333333333333,15.933333333333334,72.35266666666666,1.4,6.833333333333333,0.5779999999999998,3.066666666666667,19.733333333333334,0.15666666666666665,12.666666666666666,2.4,80.2
79,65,2022-02-10,3,2,2021-2022,Rio Claro,Pato Basquete,76.06666666666666,21.9,39.6,14.566666666666666,35.03333333333333,10.833333333333334,24.2,14.533333333333333,12.2,1.2399999999999995,7.3,25.766666666666666,28.106666666666666,19.8,37.86666666666667,52.378,14.566666666666666,19.666666666666668,73.48133333333332,1.6,7.7,0.6573333333333332,1.3333333333333333,22.933333333333334,0.06066666666666667,12.2,3.1333333333333333,80.83333333333333,74.56666666666666,31.9,31.933333333333334,10.733333333333333,37.733333333333334,11.133333333333333,26.6,12.766666666666667,12.933333333333334,1.0233333333333334,10.633333333333333,28.833333333333332,36.38733333333333,15.966666666666667,36.56666666666667,44.178666666666665,10.733333333333333,16.6,65.49799999999999,1.5666666666666667,7.5,0.588,2.2666666666666666,20.033333333333335,0.11666666666666667,12.933333333333334,2.7,77.23333333333333
92,64,2022-02-11,3,2,2021-2022,UNIFACISA,Bauru Basket,81.53333333333333,31.6,38.266666666666666,11.666666666666666,37.13333333333333,10.333333333333334,26.8,15.133333333333333,10.733333333333333,1.4500000000000004,10.533333333333333,30.2,34.14066666666667,19.133333333333333,36.2,53.43800000000001,11.666666666666666,15.733333333333333,73.64799999999998,1.5333333333333334,7.533333333333333,0.7466666666666667,1.1333333333333333,19.666666666666668,0.05733333333333335,10.733333333333333,1.8,90.93333333333334,78.0,30.4,36.733333333333334,10.866666666666667,34.0,8.166666666666666,25.833333333333332,18.366666666666667,11.5,1.663333333333333,10.133333333333333,29.533333333333335,34.30733333333333,18.366666666666667,33.7,54.57533333333334,10.866666666666667,15.433333333333334,70.556,1.3666666666666667,7.066666666666666,0.6293333333333334,1.7666666666666666,18.466666666666665,0.10133333333333336,11.5,1.9,88.4
65,81,2022-02-11,3,2,2021-2022,Fortaleza B. C. / CFO,Pinheiros,75.83333333333333,22.2,40.08933333333333,13.544000000000002,38.47733333333334,10.322666666666665,28.156000000000002,13.922666666666665,13.9,1.0653333333333335,7.4,24.622666666666667,30.816,20.043999999999997,41.32266666666666,49.083333333333336,13.544000000000002,20.089333333333336,66.06666666666666,1.4439999999999997,6.066666666666666,0.4473333333333334,2.3106666666666666,19.610666666666663,0.12266666666666669,13.9,2.844,77.66666666666667,80.06666666666666,28.4,38.93333333333333,12.733333333333333,41.0,13.466666666666667,27.533333333333335,15.666666666666666,14.8,1.072,9.466666666666667,28.666666666666668,32.79600000000001,19.466666666666665,39.266666666666666,49.84666666666667,12.733333333333333,18.2,69.42,1.7333333333333334,8.133333333333333,0.5453333333333332,2.933333333333333,16.933333333333334,0.17600000000000002,14.8,3.066666666666667,88.53333333333333
55,73,2022-02-11,3,2,2021-2022,Cerrado,União Corinthians,78.23333333333333,26.8,40.8,10.633333333333333,41.13333333333333,12.9,28.233333333333334,16.166666666666668,13.2,1.2946666666666669,8.933333333333334,30.833333333333332,28.91666666666667,20.4,40.8,49.984666666666655,10.633333333333333,14.966666666666667,72.65799999999999,2.566666666666667,6.6,0.5266666666666667,3.4,18.3,0.1873333333333333,13.2,2.6666666666666665,85.7,77.13333333333334,24.4,38.266666666666666,14.466666666666667,38.0,11.333333333333334,26.666666666666668,15.333333333333334,12.666666666666666,1.3060000000000003,8.133333333333333,26.933333333333334,29.992,19.133333333333333,40.333333333333336,47.63133333333333,14.466666666666667,20.4,72.044,2.0,8.066666666666666,0.6606666666666666,2.2,20.066666666666666,0.11866666666666668,12.666666666666666,2.0,82.13333333333334
91,88,2022-02-12,3,2,2021-2022,Minas,Corinthians,84.66666666666667,31.4,41.6,11.666666666666666,37.6,10.066666666666666,27.533333333333335,17.333333333333332,11.666666666666666,1.5553333333333332,10.466666666666667,29.333333333333332,35.45066666666667,20.8,35.2,59.14066666666666,11.666666666666666,17.133333333333333,68.14399999999999,3.2,7.733333333333333,0.6893333333333335,2.533333333333333,16.333333333333332,0.1606666666666667,11.666666666666666,2.933333333333333,99.46666666666667,77.26666666666667,32.4,33.86666666666667,11.0,38.6,12.2,26.4,16.333333333333332,12.0,1.4193333333333333,10.8,32.13333333333333,34.45466666666666,16.933333333333334,32.86666666666667,51.84333333333334,11.0,14.4,77.45333333333335,1.2666666666666666,5.666666666666667,0.48933333333333334,2.2,18.533333333333335,0.11466666666666668,12.0,2.933333333333333,87.4
75,56,2022-02-12,3,2,2021-2022,Rio Claro,Mogi,76.63333333333334,21.7,40.2,14.733333333333333,35.0,10.766666666666667,24.233333333333334,14.733333333333333,12.3,1.248,7.233333333333333,25.633333333333333,27.998666666666665,20.1,37.8,53.19533333333333,14.733333333333333,19.566666666666666,74.77733333333332,1.5666666666666667,7.666666666666667,0.6493333333333332,1.4,22.9,0.064,12.3,3.1666666666666665,82.2,73.26666666666667,25.6,36.0,11.666666666666666,38.46666666666667,10.466666666666667,28.0,17.533333333333335,16.333333333333332,1.1313333333333333,8.533333333333333,28.666666666666668,29.973999999999997,18.0,34.4,52.38333333333334,11.666666666666666,16.733333333333334,68.856,2.8,7.0,0.4673333333333334,2.2,19.4,0.11200000000000003,16.333333333333332,3.1333333333333333,80.53333333333333
97,80,2022-02-12,3,2,2021-2022,Sesi Franca,Pato Basquete,90.93399999999998,35.0,40.934,15.0,39.93266666666667,9.8,30.132666666666662,16.266000000000002,13.399333333333335,1.2446666666666668,11.666666666666666,30.467333333333336,38.06000000000001,20.465999999999998,32.66733333333334,63.13399999999999,15.0,18.467333333333336,81.56999999999998,2.600666666666667,5.466666666666667,0.41933333333333334,3.199333333333333,15.866666666666667,0.22266666666666665,13.399333333333335,1.8673333333333333,107.934,74.2,32.3,31.4,10.5,36.53333333333333,10.7,25.833333333333332,12.9,13.2,1.0073333333333334,10.766666666666667,29.033333333333335,36.62133333333333,15.7,35.266666666666666,44.99066666666667,10.5,16.0,66.51333333333334,1.4,7.3,0.5553333333333333,2.2,20.033333333333335,0.11333333333333334,13.2,2.9,76.6
74,72,2022-02-13,3,2,2021-2022,Fortaleza B. C. / CFO,Bauru Basket,76.33333333333333,22.6,40.13399999999999,13.599333333333336,38.33266666666667,10.133999999999997,28.20066666666667,13.66733333333333,13.866666666666667,1.05,7.533333333333333,24.867333333333338,31.077333333333335,20.065999999999995,40.93399999999999,49.646,13.599333333333336,20.067333333333337,66.54133333333333,1.5326666666666664,6.133333333333334,0.45266666666666666,2.2659999999999996,19.665999999999997,0.11999999999999998,13.866666666666667,2.8659999999999997,78.2,77.4,30.6,35.733333333333334,11.066666666666666,33.86666666666667,7.933333333333334,25.933333333333334,17.933333333333334,11.8,1.582,10.2,29.4,34.67333333333333,17.866666666666667,33.6,53.31933333333335,11.066666666666666,15.8,69.954,1.4,6.933333333333334,0.602,1.8,18.266666666666666,0.10400000000000004,11.8,1.8666666666666667,86.46666666666667
92,71,2022-02-14,4,2,2021-2022,Sesi Franca,Mogi,91.10066666666665,35.1,41.134,14.866666666666667,40.23266666666667,9.966666666666667,30.266,16.466,12.832666666666666,1.3946666666666665,11.7,30.934000000000005,37.54400000000001,20.565999999999995,33.00066666666667,62.89599999999999,14.866666666666667,18.167333333333332,82.33866666666664,2.6340000000000003,5.5,0.462,3.066,15.666666666666666,0.21466666666666664,12.832666666666666,1.8673333333333333,108.56733333333332,73.32199999999999,25.6,36.2,11.522,38.18866666666667,10.511333333333333,27.678,17.933333333333334,16.433333333333334,1.1506666666666667,8.533333333333333,28.566666666666666,30.075333333333333,18.1,34.477999999999994,52.53733333333334,11.522,16.58866666666667,68.67266666666666,2.722,6.955333333333333,0.4606666666666667,2.1113333333333335,19.055333333333333,0.11000000000000003,16.433333333333334,3.1,80.6
104,67,2022-02-15,4,2,2021-2022,Minas,Paulistano,86.86666666666666,33.0,41.733333333333334,12.133333333333333,38.666666666666664,10.0,28.666666666666668,17.966666666666665,12.133333333333333,1.5439999999999998,11.0,29.633333333333333,37.010000000000005,20.866666666666667,34.9,59.74400000000001,12.133333333333333,17.566666666666666,69.29066666666668,3.1333333333333333,7.666666666666667,0.6513333333333334,2.6,17.033333333333335,0.15266666666666667,12.133333333333333,3.066666666666667,103.53333333333333,78.622,26.666666666666668,39.51133333333333,12.444666666666667,37.84466666666666,10.555333333333333,27.288666666666664,14.777999999999999,13.111333333333333,1.1753333333333336,8.888666666666667,26.84466666666667,33.162666666666674,19.755333333333333,39.577999999999996,50.06533333333334,12.444666666666667,16.666666666666668,74.01666666666667,1.3113333333333335,7.044666666666667,0.5486666666666665,2.466666666666667,20.311333333333334,0.12533333333333335,13.111333333333333,3.178,85.64466666666667
92,98,2022-02-15,4,2,2021-2022,Pinheiros,São Paulo,81.66666666666667,29.8,39.46666666666667,12.4,41.266666666666666,13.866666666666667,27.4,16.066666666666666,14.6,1.140666666666667,9.933333333333334,29.133333333333333,33.734666666666676,19.733333333333334,39.86666666666667,49.84666666666667,12.4,18.0,67.97533333333334,1.8,7.733333333333333,0.5213333333333332,2.7333333333333334,16.733333333333334,0.166,14.6,3.0,89.93333333333334,83.4,33.0,36.266666666666666,14.133333333333333,34.46666666666667,6.6,27.866666666666667,17.466666666666665,12.166666666666666,1.5433333333333332,11.0,28.9,38.015333333333324,18.133333333333333,31.6,57.16733333333334,14.133333333333333,19.1,73.65666666666668,2.0,7.2,0.6053333333333335,2.6,17.866666666666667,0.14666666666666664,12.166666666666666,2.3666666666666667,96.63333333333334
77,75,2022-02-17,4,2,2021-2022,Pato Basquete,BRB/Brasília,74.16666666666667,32.9,30.733333333333334,10.533333333333333,35.266666666666666,10.333333333333334,24.933333333333334,12.866666666666667,13.266666666666667,0.996,10.966666666666667,29.133333333333333,37.22066666666667,15.366666666666667,34.266666666666666,45.181333333333335,10.533333333333333,15.7,67.84133333333334,1.3,7.133333333333334,0.5346666666666666,2.066666666666667,20.3,0.10666666666666667,13.266666666666667,3.066666666666667,76.0,75.16733333333333,21.6,39.66733333333333,13.9,42.234,12.666,29.566,14.866000000000001,15.733333333333333,0.9813333333333334,7.199333333333334,24.4,29.125999999999998,19.832666666666668,39.03333333333333,50.772666666666666,13.9,20.666,66.158,1.066,5.566000000000001,0.352,2.5006666666666666,19.266000000000002,0.13066666666666665,15.733333333333333,2.8006666666666664,81.43333333333334
84,78,2022-02-17,4,2,2021-2022,Corinthians,Rio Claro,77.66666666666667,32.0,34.8,10.866666666666667,39.46666666666667,12.466666666666667,27.0,16.566666666666666,11.833333333333334,1.4433333333333336,10.666666666666666,32.03333333333333,34.108,17.4,33.9,51.65466666666667,10.866666666666667,14.266666666666667,77.28666666666668,1.2333333333333334,5.466666666666667,0.48000000000000004,2.1333333333333333,18.633333333333333,0.10933333333333334,11.833333333333334,2.8333333333333335,88.2,77.26666666666667,21.5,40.8,14.966666666666667,35.03333333333333,10.7,24.333333333333332,14.966666666666667,12.6,1.2446666666666666,7.166666666666667,25.3,28.252666666666663,20.4,38.1,53.58933333333333,14.966666666666667,20.0,74.56333333333333,1.5666666666666667,7.533333333333333,0.628,1.5333333333333334,23.033333333333335,0.06933333333333333,12.6,3.1,82.86666666666666
87,67,2022-02-17,4,2,2021-2022,Mogi,Cerrado,73.37733333333334,25.6,36.4,11.377333333333334,37.91066666666667,10.556,27.356,18.333333333333332,16.533333333333335,1.1700000000000002,8.533333333333333,28.466666666666665,30.176666666666666,18.2,34.556000000000004,52.69133333333334,11.377333333333334,16.444000000000003,68.4893333333333,2.6439999999999997,6.910666666666667,0.45399999999999996,2.022666666666667,18.710666666666665,0.10800000000000001,16.533333333333335,3.066666666666667,80.66666666666667,78.3,26.8,40.53333333333333,10.966666666666667,40.833333333333336,12.7,28.133333333333333,16.1,13.133333333333333,1.2953333333333332,8.933333333333334,30.366666666666667,29.310666666666666,20.266666666666666,40.7,49.780666666666654,10.966666666666667,14.9,74.12799999999999,2.433333333333333,6.266666666666667,0.5026666666666667,3.433333333333333,17.933333333333334,0.192,13.133333333333333,2.8666666666666667,86.0
102,87,2022-02-18,4,2,2021-2022,Bauru Basket,São Paulo,79.33333333333333,31.0,36.266666666666666,12.066666666666666,33.266666666666666,7.866666666666666,25.4,17.933333333333334,11.333333333333334,1.6453333333333333,10.333333333333334,29.133333333333333,35.40533333333334,18.133333333333333,33.86666666666667,53.67,12.066666666666666,16.8,71.00266666666667,1.4666666666666666,6.866666666666666,0.6173333333333332,1.7333333333333334,18.733333333333334,0.09733333333333336,11.333333333333334,1.9333333333333333,88.53333333333333,84.06666666666666,33.6,35.733333333333334,14.733333333333333,34.266666666666666,6.466666666666667,27.8,17.4,12.0,1.564,11.2,28.933333333333334,38.68666666666665,17.866666666666667,31.466666666666665,56.61133333333334,14.733333333333333,19.733333333333334,74.62266666666666,2.066666666666667,7.2,0.6126666666666668,2.6666666666666665,18.2,0.14666666666666664,12.0,2.2666666666666666,97.26666666666667
74,66,2022-02-18,4,2,2021-2022,Caxias do Sul Basquete,Fortaleza B. C. / CFO,72.73333333333333,23.3,37.86666666666667,11.566666666666666,32.43333333333333,7.7,24.733333333333334,16.466666666666665,12.9,1.358,7.766666666666667,24.3,31.978666666666665,18.933333333333334,37.86666666666667,50.21399999999999,11.566666666666666,15.766666666666667,72.85999999999999,1.2666666666666666,6.833333333333333,0.5680000000000001,3.066666666666667,19.866666666666667,0.1553333333333333,12.9,2.3,78.96666666666667,75.7,22.5,39.534,13.666000000000002,38.43266666666667,10.200666666666667,28.234,13.433999999999997,13.9,1.0246666666666668,7.5,25.20066666666667,30.245333333333335,19.766,40.60066666666667,49.29466666666667,13.666000000000002,20.500666666666667,65.77733333333335,1.399333333333333,6.333333333333333,0.4693333333333334,2.1326666666666663,19.699333333333332,0.11266666666666665,13.9,2.799333333333333,76.76666666666667
70,74,2022-02-18,4,2,2021-2022,União Corinthians,UNIFACISA,76.3,24.1,38.06666666666667,14.133333333333333,37.766666666666666,11.133333333333333,26.633333333333333,15.133333333333333,12.966666666666667,1.2546666666666668,8.033333333333333,26.7,29.942,19.033333333333335,40.06666666666667,47.72266666666666,14.133333333333333,20.066666666666666,71.28666666666666,2.033333333333333,7.933333333333334,0.6393333333333332,2.3,20.533333333333335,0.12000000000000001,12.966666666666667,1.9333333333333333,80.83333333333333,81.4,31.6,38.0,11.8,36.7,9.9,26.8,14.633333333333333,11.166666666666666,1.374666666666667,10.533333333333333,29.733333333333334,34.657333333333334,19.0,35.5,54.19800000000001,11.8,15.866666666666667,73.86933333333333,1.4333333333333333,7.7,0.7466666666666668,1.2,19.6,0.06200000000000001,11.166666666666666,1.8666666666666667,90.7
83,72,2022-02-19,4,2,2021-2022,Mogi,BRB/Brasília,73.366,25.7,36.93333333333333,10.732666666666669,38.166000000000004,10.533999999999997,27.634000000000004,18.5,16.6,1.1746666666666667,8.566666666666666,28.533333333333335,30.22133333333333,18.466666666666665,34.900666666666666,52.92866666666667,10.732666666666669,15.699333333333335,68.27066666666664,2.699333333333333,6.699333333333333,0.436,2.000666666666667,18.79933333333333,0.106,16.6,3.2,80.76666666666667,75.36733333333333,22.1,39.20066666666666,14.066666666666666,42.00066666666667,12.832666666666666,29.166,14.566,15.866666666666667,0.954,7.3660000000000005,24.7,29.529333333333337,19.599333333333334,38.733333333333334,50.580000000000005,14.066666666666666,20.799333333333333,66.52133333333335,1.0993333333333335,5.766000000000001,0.36200000000000004,2.267333333333333,19.199333333333335,0.11933333333333335,15.866666666666667,2.834,80.9
78,94,2022-02-19,4,2,2021-2022,Pato Basquete,Cerrado,74.83333333333333,33.3,30.8,10.733333333333333,34.96666666666667,10.433333333333334,24.533333333333335,13.033333333333333,13.0,1.0279999999999998,11.1,29.1,37.73666666666667,15.4,34.63333333333333,44.77333333333334,10.733333333333333,15.666666666666666,69.25266666666667,1.3333333333333333,7.033333333333333,0.5393333333333333,1.9333333333333333,20.7,0.09933333333333334,13.0,3.1,76.63333333333334,77.9,26.5,39.93333333333333,11.466666666666667,40.733333333333334,12.633333333333333,28.1,15.633333333333333,13.2,1.2466666666666664,8.833333333333334,30.566666666666666,28.622,19.966666666666665,40.13333333333333,49.69933333333332,11.466666666666667,15.5,74.092,2.3,6.1,0.4853333333333334,3.3333333333333335,17.9,0.18666666666666668,13.2,2.7,84.56666666666666
65,81,2022-02-19,4,2,2021-2022,Corinthians,Sesi Franca,78.06666666666666,31.6,35.733333333333334,10.733333333333333,40.333333333333336,12.733333333333333,27.6,16.8,11.666666666666666,1.4673333333333334,10.533333333333333,31.933333333333334,33.76133333333333,17.866666666666667,34.93333333333333,51.466,10.733333333333333,14.133333333333333,77.12000000000002,1.2,5.266666666666667,0.4706666666666667,2.066666666666667,18.733333333333334,0.10400000000000002,11.666666666666666,2.7333333333333334,89.0,91.26733333333331,35.2,41.333999999999996,14.733333333333333,40.532666666666664,10.133333333333333,30.39933333333333,16.666,12.266,1.5446666666666666,11.733333333333333,31.40066666666667,37.028000000000006,20.666,33.334,62.658,14.733333333333333,17.86733333333333,83.10733333333333,2.667333333333333,5.533333333333333,0.5046666666666667,2.9326666666666665,15.466666666666667,0.20666666666666664,12.266,1.8673333333333333,109.20066666666665
