placar_casa,placar_visitante,data,round,stage,ano,equipe_casa,equipe_visitante,resultado,Pts_casa,3P_casa,2P_casa,LL_casa,RT_casa,RO_casa,RD_casa,AS_casa,ER_casa,IA%_casa,3PC_casa,3PT_casa,3P%_casa,2PC_casa,2PT_casa,2P%_casa,LLC_casa,LLT_casa,LL%_casa,EN_casa,BR_casa,B/E_casa,TO_casa,FC_casa,T/FC_casa,ET_casa,VI_casa,EF_casa,Pts_visitante,3P_visitante,2P_visitante,LL_visitante,RT_visitante,RO_visitante,RD_visitante,AS_visitante,ER_visitante,IA%_visitante,3PC_visitante,3PT_visitante,3P%_visitante,2PC_visitante,2PT_visitante,2P%_visitante,LLC_visitante,LLT_visitante,LL%_visitante,EN_visitante,BR_visitante,B/E_visitante,TO_visitante,FC_visitante,T/FC_visitante,ET_visitante,VI_visitante,EF_visitante
91,99,2014-10-31,1,1,2014-2015,Paulistano,Flamengo,0,0.0,0.0,0.0,0.0,0.0,0.0,0.0,0.0,0.0,0.0,0.0,0.0,0.0,0.0,0.0,0.0,0.0,0.0,0.0,0.0,0.0,0.0,0.0,0.0,0.0,0.0,0.0,0.0,0.0,0.0,0.0,0.0,0.0,0.0,0.0,0.0,0.0,0.0,0.0,0.0,0.0,0.0,0.0,0.0,0.0,0.0,0.0,0.0,0.0,0.0,0.0,0.0,0.0,0.0,0.0,0.0
90,66,2014-11-04,1,1,2014-2015,Sesi Franca,Fortaleza B. C. / CFO,1,0.0,0.0,0.0,0.0,0.0,0.0,0.0,0.0,0.0,0.0,0.0,0.0,0.0,0.0,0.0,0.0,0.0,0.0,0.0,0.0,0.0,0.0,0.0,0.0,0.0,0.0,0.0,0.0,0.0,0.0,0.0,0.0,0.0,0.0,0.0,0.0,0.0,0.0,0.0,0.0,0.0,0.0,0.0,0.0,0.0,0.0,0.0,0.0,0.0,0.0,0.0,0.0,0.0,0.0,0.0,0.0
83,86,2014-11-04,1,1,2014-2015,Bauru Basket,Brasília,0,0.0,0.0,0.0,0.0,0.0,0.0,0.0,0.0,0.0,0.0,0.0,0.0,0.0,0.0,0.0,0.0,0.0,0.0,0.0,0.0,0.0,0.0,0.0,0.0,0.0,0.0,0.0,0.0,0.0,0.0,0.0,0.0,0.0,0.0,0.0,0.0,0.0,0.0,0.0,0.0,0.0,0.0,0.0,0.0,0.0,0.0,0.0,0.0,0.0,0.0,0.0,0.0,0.0,0.0,0.0,0.0
71,64,2014-11-04,1,1,2014-2015,Coop/São José Basketball,Minas,1,0.0,0.0,0.0,0.0,0.0,0.0,0.0,0.0,0.0,0.0,0.0,0.0,0.0,0.0,0.0,0.0,0.0,0.0,0.0,0.0,0.0,0.0,0.0,0.0,0.0,0.0,0.0,0.0,0.0,0.0,0.0,0.0,0.0,0.0,0.0,0.0,0.0,0.0,0.0,0.0,0.0,0.0,0.0,0.0,0.0,0.0,0.0,0.0,0.0,0.0,0.0,0.0,0.0,0.0,0.0,0.0
90,80,2014-11-04,1,1,2014-2015,Mogi,Uberlândia,1,0.0,0.0,0.0,0.0,0.0,0.0,0.0,0.0,0.0,0.0,0.0,0.0,0.0,0.0,0.0,0.0,0.0,0.0,0.0,0.0,0.0,0.0,0.0,0.0,0.0,0.0,0.0,0.0,0.0,0.0,0.0,0.0,0.0,0.0,0.0,0.0,0.0,0.0,0.0,0.0,0.0,0.0,0.0,0.0,0.0,0.0,0.0,0.0,0.0,0.0,0.0,0.0,0.0,0.0,0.0,0.0
72,75,2014-11-05,1,1,2014-2015,Rio Claro,Palmeiras,0,0.0,0.0,0.0,0.0,0.0,0.0,0.0,0.0,0.0,0.0,0.0,0.0,0.0,0.0,0.0,0.0,0.0,0.0,0.0,0.0,0.0,0.0,0.0,0.0,0.0,0.0,0.0,0.0,0.0,0.0,0.0,0.0,0.0,0.0,0.0,0.0,0.0,0.0,0.0,0.0,0.0,0.0,0.0,0.0,0.0,0.0,0.0,0.0,0.0,0.0,0.0,0.0,0.0,0.0,0.0,0.0
96,73,2014-11-05,1,1,2014-2015,L. Sorocabana,Macaé Basquete,1,0.0,0.0,0.0,0.0,0.0,0.0,0.0,0.0,0.0,0.0,0.0,0.0,0.0,0.0,0.0,0.0,0.0,0.0,0.0,0.0,0.0,0.0,0.0,0.0,0.0,0.0,0.0,0.0,0.0,0.0,0.0,0.0,0.0,0.0,0.0,0.0,0.0,0.0,0.0,0.0,0.0,0.0,0.0,0.0,0.0,0.0,0.0,0.0,0.0,0.0,0.0,0.0,0.0,0.0,0.0,0.0
81,73,2014-11-06,2,1,2014-2015,Sesi Franca,Brasília,1,90.0,33.0,42.0,15.0,36.0,3.0,33.0,19.0,16.0,1.19,11.0,22.0,50.0,21.0,35.0,60.0,15.0,26.0,57.69,3.0,14.0,0.88,8.0,24.0,0.33,16.0,2.0,115.0,86.0,15.0,56.0,15.0,33.0,6.0,27.0,27.0,15.0,1.8,5.0,16.0,31.25,28.0,45.0,62.22,15.0,18.0,83.33,4.0,14.0,0.93,3.0,27.0,0.11,15.0,4.0,117.0
60,61,2014-11-06,2,1,2014-2015,Mogi,Minas,0,90.0,21.0,56.0,13.0,50.0,15.0,35.0,18.0,14.0,1.29,7.0,15.0,46.67,28.0,55.0,50.91,13.0,17.0,76.47,2.0,6.0,0.43,2.0,22.0,0.09,14.0,2.0,113.0,64.0,18.0,34.0,12.0,36.0,16.0,20.0,16.0,16.0,1.0,6.0,23.0,26.09,17.0,41.0,41.46,12.0,18.0,66.67,2.0,12.0,0.75,2.0,19.0,0.11,16.0,4.0,67.0
80,52,2014-11-06,2,1,2014-2015,Coop/São José Basketball,Uberlândia,1,71.0,6.0,50.0,15.0,35.0,9.0,26.0,20.0,16.0,1.25,2.0,10.0,20.0,25.0,45.0,55.56,15.0,20.0,75.0,0.0,9.0,0.56,0.0,20.0,0.0,16.0,3.0,86.0,80.0,39.0,28.0,13.0,32.0,9.0,23.0,13.0,7.0,1.86,13.0,36.0,36.11,14.0,32.0,43.75,13.0,19.0,68.42,0.0,11.0,1.57,3.0,20.0,0.15,7.0,0.0,85.0
99,81,2014-11-07,2,1,2014-2015,Bauru Basket,Fortaleza B. C. / CFO,1,83.0,33.0,26.0,24.0,39.0,15.0,24.0,18.0,17.0,1.06,11.0,34.0,32.35,13.0,32.0,40.63,24.0,29.0,82.76,1.0,10.0,0.59,1.0,16.0,0.06,17.0,2.0,87.0,66.0,15.0,36.0,15.0,42.0,15.0,27.0,10.0,19.0,0.53,5.0,21.0,23.81,18.0,46.0,39.13,15.0,24.0,62.5,0.0,14.0,0.74,3.0,20.0,0.15,19.0,5.0,63.0
82,76,2014-11-07,2,1,2014-2015,Paulistano,Macaé Basquete,1,91.0,18.0,60.0,13.0,35.0,12.0,23.0,12.0,7.0,1.71,6.0,24.0,25.0,30.0,47.0,63.83,13.0,20.0,65.0,5.0,10.0,1.43,1.0,24.0,0.04,7.0,0.0,100.0,73.0,15.0,38.0,20.0,29.0,13.0,16.0,8.0,17.0,0.47,5.0,20.0,25.0,19.0,41.0,46.34,20.0,25.0,80.0,0.0,11.0,0.65,2.0,18.0,0.11,17.0,6.0,64.0
70,84,2014-11-07,2,1,2014-2015,Rio Claro,Pinheiros,0,72.0,24.0,34.0,14.0,28.0,9.0,19.0,16.0,10.0,1.6,8.0,24.0,33.33,17.0,35.0,48.57,14.0,19.0,73.68,0.0,8.0,0.8,0.0,21.0,0.0,10.0,2.0,75.0,0.0,0.0,0.0,0.0,0.0,0.0,0.0,0.0,0.0,0.0,0.0,0.0,0.0,0.0,0.0,0.0,0.0,0.0,0.0,0.0,0.0,0.0,0.0,0.0,0.0,0.0,0.0,0.0
92,97,2014-11-07,2,1,2014-2015,L. Sorocabana,Flamengo,0,96.0,30.0,54.0,12.0,30.0,7.0,23.0,19.0,19.0,1.0,10.0,15.0,66.67,27.0,45.0,60.0,12.0,15.0,80.0,5.0,10.0,0.53,2.0,22.0,0.09,19.0,6.0,112.0,99.0,42.0,42.0,15.0,37.0,12.0,25.0,23.0,12.0,1.92,14.0,27.0,51.85,21.0,41.0,51.22,15.0,21.0,71.43,3.0,7.0,0.58,2.0,19.0,0.11,12.0,0.0,117.0
71,65,2014-11-11,3,1,2014-2015,Fortaleza B. C. / CFO,Minas,1,73.5,25.5,34.0,14.0,34.0,13.5,20.5,12.0,15.5,0.85,8.5,25.0,32.595,17.0,43.5,39.075,14.0,20.0,71.875,0.5,13.0,0.87,2.5,19.5,0.13,15.5,4.0,70.5,62.5,18.0,35.0,9.5,33.5,10.5,23.0,14.5,16.0,0.905,6.0,23.5,25.545,17.5,36.0,49.760000000000005,9.5,14.0,68.33500000000001,1.5,10.0,0.625,1.0,21.0,0.055,16.0,3.5,65.0
89,70,2014-11-11,3,1,2014-2015,Coop/São José Basketball,Pinheiros,1,75.5,15.0,47.0,13.5,39.5,9.5,30.0,21.0,16.0,1.315,5.0,15.5,29.05,23.5,46.5,50.695,13.5,20.0,67.5,0.5,11.5,0.72,1.5,19.5,0.08,16.0,2.0,93.0,84.0,33.0,46.0,5.0,30.0,7.0,23.0,15.0,15.0,1.0,11.0,18.0,61.11,23.0,38.0,60.53,5.0,12.0,41.67,3.0,14.0,0.93,1.0,20.0,0.05,15.0,2.0,100.0
75,68,2014-11-12,3,1,2014-2015,L. Sorocabana,Rio Claro,1,94.0,28.5,53.0,12.5,33.5,12.0,21.5,18.0,15.0,1.275,9.5,22.5,48.335,26.5,51.0,52.805,12.5,14.5,86.43,3.0,13.5,1.04,2.5,25.0,0.1,15.0,4.5,107.0,71.0,19.5,38.0,13.5,28.5,10.0,18.5,17.0,12.0,1.445,6.5,22.0,29.165,19.0,38.0,49.894999999999996,13.5,18.0,75.075,0.5,9.5,0.795,0.0,20.5,0.0,12.0,1.0,75.0
84,85,2014-11-12,3,1,2014-2015,Paulistano,Limeira,0,86.5,16.5,52.0,18.0,36.5,12.5,24.0,12.5,9.0,1.4449999999999998,5.5,22.0,25.0,26.0,43.0,60.12,18.0,26.0,68.44,4.0,9.0,1.08,0.5,22.5,0.02,9.0,0.5,94.5,0.0,0.0,0.0,0.0,0.0,0.0,0.0,0.0,0.0,0.0,0.0,0.0,0.0,0.0,0.0,0.0,0.0,0.0,0.0,0.0,0.0,0.0,0.0,0.0,0.0,0.0,0.0,0.0
82,79,2014-11-12,3,1,2014-2015,Flamengo,Sesi Franca,1,98.0,37.5,43.0,17.5,37.0,8.5,28.5,21.5,17.0,1.415,12.5,23.5,53.425,21.5,37.0,58.945,17.5,25.5,69.05000000000001,2.5,6.5,0.425,3.0,18.0,0.175,17.0,1.5,114.5,85.5,31.5,40.0,14.0,34.0,7.0,27.0,17.0,13.5,1.275,10.5,24.5,43.519999999999996,20.0,38.5,52.620000000000005,14.0,23.0,61.345,3.0,13.0,0.9850000000000001,5.0,22.5,0.21500000000000002,13.5,1.0,99.5
56,55,2014-11-13,4,1,2014-2015,Coop/São José Basketball,Palmeiras,1,80.0,17.0,48.666666666666664,14.333333333333334,40.333333333333336,10.0,30.333333333333332,21.333333333333332,16.666666666666668,1.2833333333333332,5.666666666666667,16.333333333333332,32.330000000000005,24.333333333333332,45.666666666666664,53.49333333333334,14.333333333333334,19.333333333333332,74.63,0.3333333333333333,9.666666666666666,0.59,2.0,17.666666666666668,0.12333333333333334,16.666666666666668,2.6666666666666665,99.66666666666667,75.0,15.0,38.0,22.0,34.0,9.0,25.0,14.0,13.0,1.08,5.0,17.0,29.41,19.0,34.0,55.88,22.0,23.0,95.65,3.0,7.0,0.54,0.0,19.0,0.0,13.0,4.0,89.0
78,79,2014-11-14,4,1,2014-2015,Macaé Basquete,Sesi Franca,0,74.5,16.5,41.0,17.0,28.5,10.5,18.0,10.5,14.0,0.825,5.5,21.0,26.134999999999998,20.5,40.5,50.67,17.0,20.5,83.75,0.5,10.5,0.78,2.5,22.0,0.11499999999999999,14.0,4.0,73.5,83.33333333333333,27.0,40.0,16.333333333333332,34.333333333333336,9.0,25.333333333333332,15.333333333333334,14.666666666666666,1.0866666666666667,9.0,23.0,39.01333333333333,20.0,38.666666666666664,52.17333333333334,16.333333333333332,25.333333333333332,64.23,2.3333333333333335,12.333333333333334,0.8733333333333334,3.3333333333333335,24.333333333333332,0.14333333333333334,14.666666666666666,1.6666666666666667,92.33333333333333
83,85,2014-11-14,4,1,2014-2015,L. Sorocabana,Limeira,0,87.66666666666667,22.0,52.0,13.666666666666666,35.333333333333336,11.333333333333334,24.0,15.666666666666666,14.666666666666666,1.1133333333333333,7.333333333333333,19.333333333333332,39.916666666666664,26.0,49.333333333333336,53.32,13.666666666666666,16.0,85.69,2.3333333333333335,12.666666666666666,0.9566666666666667,2.3333333333333335,23.333333333333332,0.10000000000000002,14.666666666666666,3.6666666666666665,101.33333333333333,85.0,27.0,36.0,22.0,27.0,4.0,23.0,16.0,17.0,0.94,9.0,21.0,42.86,18.0,28.0,64.29,22.0,31.0,70.97,2.0,8.0,0.47,4.0,21.0,0.19,17.0,5.0,92.0
94,89,2014-11-14,4,1,2014-2015,Paulistano,Rio Claro,1,85.66666666666667,19.0,47.333333333333336,19.333333333333332,35.0,12.333333333333334,22.666666666666668,11.333333333333334,10.666666666666666,1.1766666666666665,6.333333333333333,21.333333333333332,30.0,23.666666666666668,43.666666666666664,54.15333333333333,19.333333333333332,26.0,73.83333333333333,3.6666666666666665,9.333333333333334,0.9566666666666667,0.6666666666666666,24.666666666666668,0.023333333333333334,10.666666666666666,1.3333333333333333,89.66666666666667,70.0,17.0,40.666666666666664,12.333333333333334,29.0,9.333333333333334,19.666666666666668,15.666666666666666,13.666666666666666,1.2166666666666668,5.666666666666667,22.333333333333332,25.24,20.333333333333332,37.333333333333336,54.56,12.333333333333334,18.0,68.57000000000001,0.6666666666666666,10.0,0.7466666666666667,0.0,20.333333333333332,0.0,13.666666666666666,2.0,71.66666666666667
83,75,2014-11-16,4,1,2014-2015,Mogi,Pinheiros,1,75.0,15.0,44.0,16.0,42.0,11.0,31.0,11.0,15.0,0.77,5.0,15.0,33.335,22.0,47.0,45.97,16.0,21.5,74.775,1.5,9.0,0.59,2.5,19.0,0.14,15.0,4.0,84.0,77.0,22.5,49.0,5.5,32.0,11.0,21.0,14.5,13.5,1.085,7.5,19.5,40.08,24.5,46.5,53.900000000000006,5.5,11.0,50.835,4.0,13.5,1.0050000000000001,3.0,16.5,0.215,13.5,3.5,87.0
76,64,2014-11-17,2,1,2014-2015,Limeira,Palmeiras,1,85.0,21.0,39.0,25.0,29.0,7.0,22.0,15.5,16.5,0.94,7.0,19.0,36.135,19.5,31.0,63.025000000000006,25.0,30.0,83.75999999999999,3.5,8.0,0.485,4.0,23.5,0.16999999999999998,16.5,4.5,96.5,65.0,13.5,35.0,16.5,32.5,8.5,24.0,14.5,13.0,1.115,4.5,15.5,28.990000000000002,17.5,36.0,48.995000000000005,16.5,20.5,78.38,4.0,8.0,0.615,0.5,17.5,0.03,13.0,3.0,74.0
81,74,2014-11-18,5,1,2014-2015,Bauru Basket,Paulistano,1,91.0,34.5,34.0,22.5,41.0,13.0,28.0,18.0,15.5,1.175,11.5,31.5,36.865,17.0,31.0,55.315,22.5,26.0,87.03,1.0,9.5,0.615,0.5,19.5,0.03,15.5,1.5,107.0,87.75,20.25,48.0,19.5,37.0,14.5,22.5,11.25,12.25,1.045,6.75,22.5,30.1925,24.0,45.75,52.63499999999999,19.5,26.25,73.8925,3.0,9.75,0.88,0.75,25.5,0.027500000000000004,12.25,2.5,90.0
78,76,2014-11-18,5,1,2014-2015,Minas,Flamengo,1,63.333333333333336,16.0,34.666666666666664,12.666666666666666,34.0,12.666666666666666,21.333333333333332,13.0,16.0,0.8133333333333334,5.333333333333333,25.333333333333332,21.626666666666665,17.333333333333332,36.0,48.913333333333334,12.666666666666666,17.666666666666668,70.89,1.0,10.666666666666666,0.6666666666666666,0.6666666666666666,22.0,0.03666666666666667,16.0,3.6666666666666665,62.0,92.66666666666667,32.0,40.666666666666664,20.0,35.0,8.0,27.0,19.0,17.333333333333332,1.2033333333333334,10.666666666666666,23.666666666666668,45.339999999999996,20.333333333333332,34.333333333333336,59.98666666666667,20.0,29.333333333333332,68.55666666666667,2.3333333333333335,9.0,0.5433333333333333,2.3333333333333335,19.666666666666668,0.12999999999999998,17.333333333333332,3.3333333333333335,104.33333333333333
81,80,2014-11-18,5,1,2014-2015,Uberlândia,Macaé Basquete,1,66.0,19.5,36.0,10.5,38.0,10.5,27.5,11.5,12.0,1.225,6.5,25.5,18.055,18.0,41.5,43.445,10.5,16.5,62.78,0.5,10.5,1.08,2.0,21.5,0.095,12.0,2.0,67.5,75.66666666666667,21.0,40.0,14.666666666666666,27.666666666666668,10.666666666666666,17.0,10.666666666666666,11.333333333333334,1.16,7.0,21.666666666666668,31.916666666666668,20.0,39.333333333333336,50.89666666666667,14.666666666666666,17.333333333333332,86.13666666666666,0.3333333333333333,8.666666666666666,0.7966666666666667,1.6666666666666667,22.333333333333332,0.07666666666666666,11.333333333333334,3.6666666666666665,76.33333333333333
82,55,2014-11-18,5,1,2014-2015,Sesi Franca,L. Sorocabana,1,82.25,27.75,36.5,18.0,32.25,8.0,24.25,13.5,13.25,1.0374999999999999,9.25,21.25,44.885,18.25,35.75,51.167500000000004,18.0,25.25,71.1725,2.25,10.0,0.7375,2.75,22.5,0.12250000000000001,13.25,2.0,90.75,86.5,21.0,50.5,15.0,34.5,12.75,21.75,14.5,13.5,1.1099999999999999,7.0,18.75,38.76,25.25,48.75,52.225,15.0,18.0,84.06,2.75,11.75,0.9425,1.75,24.5,0.07500000000000001,13.5,3.0,97.25
97,81,2014-11-19,5,1,2014-2015,Pinheiros,Fortaleza B. C. / CFO,1,76.33333333333333,21.0,44.666666666666664,10.666666666666666,32.666666666666664,11.0,21.666666666666668,13.0,14.0,0.9466666666666667,7.0,21.333333333333332,34.72,22.333333333333332,44.0,51.31666666666667,10.666666666666666,16.0,60.81333333333333,3.0,14.0,1.0033333333333334,3.0,19.0,0.18666666666666668,14.0,3.0,83.66666666666667,72.66666666666667,23.0,32.666666666666664,17.0,34.666666666666664,11.333333333333334,23.333333333333332,10.666666666666666,14.666666666666666,0.7733333333333333,7.666666666666667,22.333333333333332,33.49333333333333,16.333333333333332,39.0,42.71666666666667,17.0,23.666666666666668,72.64666666666666,1.0,11.333333333333334,0.7866666666666666,2.6666666666666665,19.0,0.14333333333333334,14.666666666666666,4.0,73.33333333333333
86,70,2014-11-19,5,1,2014-2015,Palmeiras,Brasília,1,64.66666666666667,13.0,36.666666666666664,15.0,32.666666666666664,9.333333333333334,23.333333333333332,15.0,14.333333333333334,1.0566666666666666,4.333333333333333,17.0,25.993333333333336,18.333333333333332,36.333333333333336,50.68000000000001,15.0,18.666666666666668,78.92,3.0,8.333333333333334,0.5866666666666667,0.6666666666666666,20.333333333333332,0.03333333333333333,14.333333333333334,3.0,72.66666666666667,79.5,16.5,46.0,17.0,34.0,6.5,27.5,20.0,15.5,1.3050000000000002,5.5,17.5,31.415,23.0,40.5,56.11,17.0,20.0,84.845,4.0,11.0,0.7150000000000001,2.5,25.5,0.095,15.5,3.0,99.0
79,66,2014-11-19,5,1,2014-2015,Rio Claro,Coop/São José Basketball,1,74.75,17.25,43.0,14.5,31.0,9.75,21.25,15.25,15.25,1.0875000000000001,5.75,21.25,27.2625,21.5,39.0,55.125,14.5,19.75,72.42750000000001,0.5,9.5,0.66,0.25,22.0,0.01,15.25,3.0,77.25,74.0,16.5,45.0,12.5,38.5,9.5,29.0,20.5,15.25,1.3724999999999998,5.5,17.25,30.497500000000002,22.5,43.0,52.2625,12.5,17.25,71.8825,0.75,9.75,0.67,1.75,17.0,0.11,15.25,2.5,92.25
82,72,2014-11-19,5,1,2014-2015,Limeira,Mogi,1,82.0,21.0,38.0,23.0,30.333333333333332,7.666666666666667,22.666666666666668,16.666666666666668,15.0,1.1533333333333333,7.0,19.333333333333332,35.75666666666667,19.0,32.0,59.663333333333334,23.0,27.666666666666668,83.37666666666667,2.6666666666666665,8.666666666666666,0.6,2.6666666666666665,21.666666666666668,0.11333333333333333,15.0,4.0,95.33333333333333,77.66666666666667,21.0,40.666666666666664,16.0,41.666666666666664,11.333333333333334,30.333333333333332,12.333333333333334,16.0,0.79,7.0,17.666666666666668,38.166666666666664,20.333333333333332,44.0,45.56,16.0,21.333333333333332,75.24666666666667,2.0,10.0,0.6166666666666667,2.6666666666666665,21.0,0.13333333333333333,16.0,3.0,88.66666666666667
73,63,2014-11-20,6,1,2014-2015,Minas,Macaé Basquete,1,67.0,15.0,37.0,15.0,37.0,14.0,23.0,13.25,15.75,0.8425,5.0,24.5,20.765,18.5,38.0,49.185,15.0,20.75,71.5,1.0,8.5,0.5325,1.25,22.75,0.057499999999999996,15.75,3.75,66.5,76.75,24.0,40.0,12.75,27.0,9.5,17.5,11.75,12.25,1.12,8.0,21.5,37.0325,20.0,38.0,52.8775,12.75,15.5,82.10249999999999,0.25,9.0,0.765,1.5,21.75,0.06999999999999999,12.25,3.5,79.5
101,98,2014-11-20,6,1,2014-2015,Uberlândia,Flamengo,1,71.0,22.0,37.333333333333336,11.666666666666666,34.666666666666664,10.666666666666666,24.0,12.0,12.333333333333334,1.1500000000000001,7.333333333333333,24.0,26.323333333333334,18.666666666666668,39.333333333333336,48.01,11.666666666666666,17.666666666666668,65.18666666666667,1.0,10.666666666666666,1.0033333333333334,2.0,20.333333333333332,0.09999999999999999,12.333333333333334,1.6666666666666667,74.66666666666667,88.5,28.5,39.0,21.0,35.25,8.75,26.5,19.0,14.75,1.58,9.5,23.5,40.527499999999996,19.5,35.25,56.175000000000004,21.0,29.5,71.4175,2.0,9.0,0.73,2.75,22.0,0.1325,14.75,2.5,101.5
76,81,2014-11-20,6,1,2014-2015,Sesi Franca,Paulistano,0,82.2,28.2,36.8,17.2,35.8,10.4,25.4,14.6,15.6,0.9819999999999999,9.4,21.4,44.998000000000005,18.4,36.8,50.202000000000005,17.2,23.8,72.494,2.8,10.6,0.6940000000000001,2.8,21.2,0.136,15.6,2.6,93.4,85.0,21.6,44.4,19.0,36.6,14.6,22.0,11.4,11.6,1.1019999999999999,7.2,21.8,33.628,22.2,46.4,48.23,19.0,25.4,74.568,3.6,9.8,0.9259999999999999,0.8,25.2,0.030000000000000006,11.6,2.4,86.8
97,80,2014-11-20,6,1,2014-2015,Bauru Basket,L. Sorocabana,1,87.66666666666667,32.0,34.0,21.666666666666668,40.666666666666664,12.0,28.666666666666668,17.0,15.0,1.14,10.666666666666666,30.0,35.68666666666667,17.0,30.0,57.11333333333334,21.666666666666668,25.333333333333332,85.79666666666667,2.0,8.666666666666666,0.5766666666666667,1.3333333333333333,18.666666666666668,0.08,15.0,2.3333333333333335,104.33333333333333,80.2,18.6,48.0,13.6,32.4,12.0,20.4,14.0,14.2,1.0299999999999998,6.2,19.4,33.736000000000004,24.0,47.0,51.279999999999994,13.6,16.6,81.79400000000001,2.8,13.0,0.966,1.8,23.2,0.082,14.2,3.0,88.0
95,82,2014-11-21,6,1,2014-2015,Pinheiros,Brasília,1,81.5,22.5,46.5,12.5,33.0,10.5,22.5,14.75,14.0,1.0675,7.5,23.25,33.7975,23.25,43.0,54.737500000000004,12.5,16.75,69.295,3.25,15.0,1.0750000000000002,2.75,18.5,0.17,14.0,2.75,93.25,76.33333333333333,18.0,45.333333333333336,13.0,36.0,9.333333333333334,26.666666666666668,19.333333333333332,16.0,1.2233333333333334,6.0,18.0,33.223333333333336,22.666666666666668,43.666666666666664,52.07333333333333,13.0,15.333333333333334,84.33999999999999,4.0,9.333333333333334,0.5933333333333334,3.3333333333333335,23.0,0.15666666666666668,16.0,3.3333333333333335,93.0
94,87,2014-11-21,6,1,2014-2015,Palmeiras,Fortaleza B. C. / CFO,1,70.0,16.5,39.0,14.5,35.25,11.75,23.5,17.25,13.0,1.46,5.5,19.25,28.15,19.5,40.25,49.0675,14.5,17.75,80.8575,3.25,9.25,0.7725,1.25,18.75,0.0775,13.0,3.0,82.25,74.75,26.25,32.0,16.5,35.5,12.0,23.5,12.0,16.75,0.7549999999999999,8.75,24.75,34.495,16.0,37.75,43.0675,16.5,22.75,73.235,1.0,11.5,0.72,2.5,19.0,0.135,16.75,3.75,75.5
77,82,2014-11-21,6,1,2014-2015,Rio Claro,Mogi,0,75.6,16.2,45.2,14.2,32.4,10.2,22.2,16.0,14.2,1.25,5.4,20.2,26.810000000000002,22.6,41.4,54.688,14.2,18.8,75.27600000000001,1.8,9.8,0.748,0.4,20.2,0.024,14.2,3.2,81.8,76.25,24.0,36.0,16.25,40.5,11.5,29.0,11.75,17.0,0.7175,8.0,17.75,43.9025,18.0,42.0,41.81,16.25,20.5,80.045,1.5,8.75,0.525,2.25,20.0,0.115,17.0,3.25,84.5
82,71,2014-11-21,6,1,2014-2015,Limeira,Coop/São José Basketball,1,82.0,23.25,38.5,20.25,30.5,8.5,22.0,18.0,13.25,1.5525,7.75,21.25,36.0775,19.25,33.5,57.905,20.25,24.5,82.5325,2.25,9.75,0.8574999999999999,2.5,20.75,0.11249999999999999,13.25,3.5,97.5,72.4,15.0,46.0,11.4,35.8,8.4,27.4,19.2,15.2,1.2839999999999998,5.0,17.2,27.928000000000004,23.0,42.4,54.31,11.4,15.8,71.506,0.6,9.0,0.616,2.0,17.4,0.12,15.2,2.6,87.2
87,90,2014-11-23,3,1,2014-2015,Brasília,Uberlândia,0,77.75,21.75,42.0,14.0,36.0,9.5,26.5,18.5,16.0,1.1675,7.25,19.25,36.875,21.0,42.0,49.865,14.0,16.75,83.49249999999999,3.0,8.5,0.54,3.0,22.75,0.14,16.0,2.5,92.0,78.5,29.25,38.0,11.25,32.25,9.75,22.5,13.75,12.75,1.2025000000000001,9.75,26.5,32.2425,19.0,38.0,50.7125,11.25,16.25,69.7225,1.0,9.25,0.8425,2.0,22.0,0.0925,12.75,2.0,82.25
77,72,2014-11-25,7,1,2014-2015,Macaé Basquete,Palmeiras,1,74.0,23.4,37.2,13.4,27.8,9.0,18.8,11.2,14.2,0.9780000000000001,7.8,21.4,36.291999999999994,18.6,36.4,50.967999999999996,13.4,16.8,80.228,0.2,9.4,0.712,1.6,23.6,0.06799999999999999,14.2,3.8,75.0,74.8,16.8,42.8,15.2,37.0,12.6,24.4,17.2,13.2,1.41,5.6,19.2,28.836000000000002,21.4,42.2,50.854,15.2,19.2,79.086,3.4,9.4,0.76,1.0,19.0,0.062,13.2,3.2,87.8
79,78,2014-11-25,7,1,2014-2015,Brasília,Coop/São José Basketball,1,79.6,21.0,42.8,15.8,35.6,10.4,25.2,17.8,15.4,1.1640000000000001,7.0,19.8,34.954,21.4,41.2,51.998000000000005,15.8,18.8,83.832,3.0,8.4,0.556,3.0,23.0,0.138,15.4,2.8,93.4,72.16666666666667,14.5,44.0,13.666666666666666,36.333333333333336,8.166666666666666,28.166666666666668,17.833333333333332,15.0,1.2016666666666664,4.833333333333333,16.333333333333332,28.828333333333337,22.0,41.333333333333336,53.12833333333333,13.666666666666666,17.666666666666668,75.02,0.5,8.666666666666666,0.5966666666666667,2.0,17.833333333333332,0.11666666666666665,15.0,2.8333333333333335,87.16666666666667
100,74,2014-11-26,7,1,2014-2015,Limeira,Sesi Franca,1,82.0,23.4,39.6,19.0,29.8,8.2,21.6,17.8,13.0,1.526,7.8,23.0,34.196000000000005,19.8,34.6,57.605999999999995,19.0,23.6,80.026,2.4,10.6,0.9199999999999999,2.0,21.6,0.09,13.0,3.0,94.6,81.16666666666667,27.0,36.0,18.166666666666668,35.333333333333336,9.666666666666666,25.666666666666668,14.0,15.333333333333334,0.9499999999999998,9.0,22.666666666666668,41.52166666666667,18.0,35.5,51.03,18.166666666666668,24.833333333333332,73.19000000000001,2.6666666666666665,9.333333333333334,0.6133333333333334,3.1666666666666665,22.333333333333332,0.14333333333333334,15.333333333333334,2.8333333333333335,89.83333333333333
78,59,2014-11-26,7,1,2014-2015,Paulistano,Uberlândia,1,84.33333333333333,21.5,43.666666666666664,19.166666666666668,37.333333333333336,14.666666666666666,22.666666666666668,11.0,10.833333333333334,1.1333333333333333,7.166666666666667,22.666666666666668,32.345,21.833333333333332,45.5,48.32166666666666,19.166666666666668,25.666666666666668,74.485,3.1666666666666665,9.5,0.9616666666666666,0.8333333333333334,26.0,0.030000000000000002,10.833333333333334,2.3333333333333335,86.5,80.8,30.6,36.8,13.4,31.2,9.8,21.4,13.6,12.4,1.198,10.2,26.8,34.366,18.4,36.6,50.891999999999996,13.4,18.0,73.378,1.0,9.2,0.8380000000000001,1.8,22.2,0.08199999999999999,12.4,2.2,84.8
65,84,2014-11-26,7,1,2014-2015,L. Sorocabana,Minas,0,80.16666666666667,18.0,47.0,15.166666666666666,32.666666666666664,12.5,20.166666666666668,13.833333333333334,14.5,0.9933333333333332,6.0,19.166666666666668,32.74333333333333,23.5,46.166666666666664,51.06666666666666,15.166666666666666,17.833333333333332,84.13333333333334,2.5,12.333333333333334,0.8983333333333334,1.6666666666666667,24.333333333333332,0.07333333333333335,14.5,3.0,87.66666666666667,68.2,16.2,34.8,17.2,36.2,13.2,23.0,14.2,16.8,0.8460000000000001,5.4,23.4,23.98,17.4,36.0,48.634,17.2,24.0,71.25399999999999,1.4,9.8,0.568,1.8,24.0,0.074,16.8,3.8,70.0
70,76,2014-11-27,8,1,2014-2015,Fortaleza B. C. / CFO,Coop/São José Basketball,0,77.2,28.2,31.6,17.4,34.4,11.8,22.6,12.2,15.8,0.82,9.4,26.2,35.096,15.8,36.4,44.132000000000005,17.4,23.4,74.74199999999999,0.8,11.0,0.726,2.8,20.0,0.14200000000000002,15.8,3.2,78.4,73.0,14.571428571428571,44.285714285714285,14.142857142857142,36.42857142857143,8.428571428571429,28.0,17.0,14.285714285714286,1.2014285714285713,4.857142857142857,17.571428571428573,27.567142857142862,22.142857142857142,41.57142857142857,53.18,14.142857142857142,18.285714285714285,75.34142857142857,0.42857142857142855,8.428571428571429,0.6114285714285714,1.8571428571428572,18.428571428571427,0.10714285714285714,14.285714285714286,2.857142857142857,86.14285714285714
95,91,2014-11-27,8,1,2014-2015,Macaé Basquete,Pinheiros,1,74.5,24.0,36.0,14.5,29.166666666666668,9.0,20.166666666666668,11.833333333333334,13.833333333333334,1.0233333333333334,8.0,22.0,36.24333333333333,18.0,35.833333333333336,50.048333333333325,14.5,17.666666666666668,82.00833333333333,0.3333333333333333,9.166666666666666,0.7050000000000001,1.5,23.5,0.06333333333333332,13.833333333333334,3.6666666666666665,77.33333333333333,84.2,24.6,45.6,14.0,33.2,10.4,22.8,15.6,13.2,1.234,8.2,23.8,35.5,22.8,43.2,53.336,14.0,17.6,74.48400000000001,3.2,15.2,1.1800000000000002,2.6,19.6,0.152,13.2,2.4,98.0
81,77,2014-11-27,8,1,2014-2015,Flamengo,Palmeiras,1,90.4,27.6,42.4,20.4,35.6,10.0,25.6,18.2,14.0,1.536,9.2,23.0,40.041999999999994,21.2,37.6,56.854000000000006,20.4,28.6,71.534,2.2,8.8,0.73,2.6,21.2,0.128,14.0,3.0,103.2,74.33333333333333,17.0,41.666666666666664,15.666666666666666,37.0,12.333333333333334,24.666666666666668,16.833333333333332,12.833333333333334,1.4016666666666666,5.666666666666667,20.833333333333332,27.478333333333335,20.833333333333332,40.666666666666664,51.47,15.666666666666666,19.666666666666668,79.54166666666667,3.6666666666666665,9.333333333333334,0.77,1.0,19.333333333333332,0.06,12.833333333333334,3.1666666666666665,86.66666666666667
68,75,2014-11-28,8,1,2014-2015,Rio Claro,Sesi Franca,0,75.83333333333333,19.0,43.0,13.833333333333334,30.666666666666668,9.666666666666666,21.0,17.0,13.666666666666666,1.375,6.333333333333333,21.333333333333332,29.13166666666667,21.5,40.5,52.98,13.833333333333334,17.833333333333332,78.11500000000001,2.0,10.0,0.79,0.5,19.5,0.03,13.666666666666666,3.0,82.33333333333333,80.14285714285714,24.428571428571427,37.142857142857146,18.571428571428573,34.714285714285715,10.0,24.714285714285715,13.0,15.142857142857142,0.8857142857142856,8.142857142857142,22.714285714285715,37.45285714285715,18.571428571428573,35.857142857142854,52.01,18.571428571428573,24.571428571428573,75.77714285714286,2.2857142857142856,9.428571428571429,0.6271428571428572,2.857142857142857,21.714285714285715,0.13142857142857145,15.142857142857142,3.0,87.14285714285714
70,82,2014-11-28,8,1,2014-2015,L. Sorocabana,Uberlândia,0,78.0,19.714285714285715,43.142857142857146,15.142857142857142,32.0,11.857142857142858,20.142857142857142,13.285714285714286,15.428571428571429,0.9199999999999999,6.571428571428571,19.857142857142858,34.01857142857143,21.571428571428573,44.42857142857143,47.972857142857144,15.142857142857142,18.571428571428573,81.43142857142857,2.2857142857142856,12.0,0.8385714285714287,1.5714285714285714,24.857142857142858,0.06857142857142857,15.428571428571429,2.857142857142857,81.85714285714286,77.16666666666667,31.0,33.333333333333336,12.833333333333334,31.0,9.666666666666666,21.333333333333332,13.5,12.666666666666666,1.1533333333333333,10.333333333333334,27.666666666666668,34.36833333333333,16.666666666666668,34.833333333333336,47.53833333333333,12.833333333333334,17.0,75.03666666666666,0.8333333333333334,9.166666666666666,0.805,2.1666666666666665,22.0,0.09999999999999999,12.666666666666666,2.3333333333333335,80.66666666666667
62,83,2014-11-28,8,1,2014-2015,Paulistano,Minas,0,83.42857142857143,22.285714285714285,43.42857142857143,17.714285714285715,39.0,15.142857142857142,23.857142857142858,11.285714285714286,10.857142857142858,1.14,7.428571428571429,23.142857142857142,32.67,21.714285714285715,45.142857142857146,48.395714285714284,17.714285714285715,23.428571428571427,76.70142857142856,3.0,9.285714285714286,0.9285714285714286,0.8571428571428571,24.142857142857142,0.037142857142857144,10.857142857142858,2.2857142857142856,88.14285714285714,70.83333333333333,17.5,36.333333333333336,17.0,36.833333333333336,12.5,24.333333333333332,13.666666666666666,17.166666666666668,0.8016666666666667,5.833333333333333,22.666666666666668,27.001666666666665,18.166666666666668,36.166666666666664,50.43833333333333,17.0,24.333333333333332,69.635,2.0,10.833333333333334,0.6133333333333333,1.5,24.166666666666668,0.06166666666666667,17.166666666666668,4.0,74.33333333333333
75,77,2014-11-30,4,1,2014-2015,Brasília,Minas,0,79.5,20.0,43.666666666666664,15.833333333333334,37.5,11.0,26.5,16.333333333333332,14.5,1.12,6.666666666666667,19.166666666666668,34.336666666666666,21.833333333333332,43.166666666666664,50.87833333333333,15.833333333333334,19.0,83.19333333333333,2.8333333333333335,7.833333333333333,0.5466666666666667,3.0,23.333333333333332,0.135,14.5,2.6666666666666665,92.66666666666667,72.57142857142857,20.142857142857142,35.142857142857146,17.285714285714285,36.714285714285715,11.714285714285714,25.0,14.142857142857142,16.0,0.9571428571428572,6.714285714285714,23.142857142857142,29.737142857142857,17.571428571428573,36.0,48.94714285714286,17.285714285714285,24.0,72.02428571428571,2.2857142857142856,11.285714285714286,0.7485714285714286,1.4285714285714286,23.571428571428573,0.06,16.0,3.5714285714285716,78.57142857142857
77,71,2014-12-03,8,1,2014-2015,Limeira,Bauru Basket,1,85.0,27.5,39.666666666666664,17.833333333333332,30.666666666666668,8.5,22.166666666666668,18.833333333333332,12.666666666666666,1.635,9.166666666666666,24.333333333333332,37.098333333333336,19.833333333333332,34.333333333333336,58.10666666666666,17.833333333333332,22.5,78.45333333333333,2.3333333333333335,10.333333333333334,0.9033333333333333,2.1666666666666665,21.333333333333332,0.09999999999999999,12.666666666666666,2.6666666666666665,100.0,90.0,32.25,33.5,24.25,38.75,12.5,26.25,17.75,14.5,1.24,10.75,29.5,36.5875,16.75,29.25,57.65,24.25,30.25,82.125,2.0,9.5,0.6625,1.25,19.25,0.0725,14.5,2.25,105.5
65,82,2014-12-05,7,1,2014-2015,Rio Claro,Bauru Basket,0,74.71428571428571,19.714285714285715,41.714285714285715,13.285714285714286,30.857142857142858,9.142857142857142,21.714285714285715,17.0,13.857142857142858,1.3399999999999999,6.571428571428571,22.428571428571427,28.911428571428576,20.857142857142858,39.142857142857146,53.24571428571429,13.285714285714286,16.857142857142858,79.94285714285715,2.0,9.714285714285714,0.7528571428571429,0.7142857142857143,18.857142857142858,0.04428571428571428,13.857142857142858,3.4285714285714284,81.42857142857143,86.2,30.0,34.4,21.8,36.0,11.0,25.0,16.6,13.4,1.258,10.0,28.6,34.87,17.2,29.0,59.69199999999999,21.8,27.4,80.7,1.8,9.2,0.708,1.2,18.4,0.072,13.4,2.0,99.8
72,86,2014-12-07,1,1,2014-2015,Limeira,Pinheiros,0,83.85714285714286,29.142857142857142,38.0,16.714285714285715,31.428571428571427,9.0,22.428571428571427,18.285714285714285,12.285714285714286,1.6157142857142859,9.714285714285714,24.285714285714285,39.53714285714286,19.0,34.42857142857143,55.519999999999996,16.714285714285715,21.0,79.15,2.0,9.857142857142858,0.8742857142857143,2.0,20.428571428571427,0.09571428571428571,12.285714285714286,2.5714285714285716,98.85714285714286,85.33333333333333,27.5,43.666666666666664,14.166666666666666,32.833333333333336,10.5,22.333333333333332,15.5,12.166666666666666,1.385,9.166666666666666,25.166666666666668,36.875,21.833333333333332,41.166666666666664,53.586666666666666,14.166666666666666,18.5,72.94,3.0,13.666666666666666,1.1266666666666667,2.1666666666666665,19.666666666666668,0.12666666666666668,12.166666666666666,2.1666666666666665,97.66666666666667
85,84,2014-12-07,3,1,2014-2015,Mogi,Palmeiras,1,77.4,25.2,36.0,16.2,39.6,11.0,28.6,13.0,17.6,0.754,8.4,17.2,48.456,18.0,40.6,43.734,16.2,20.0,81.814,1.4,8.6,0.5,1.8,19.4,0.092,17.6,3.8,87.6,74.71428571428571,18.0,42.0,14.714285714285714,37.0,11.714285714285714,25.285714285714285,16.571428571428573,12.571428571428571,1.3957142857142857,6.0,19.857142857142858,31.715714285714284,21.0,41.57142857142857,50.80428571428571,14.714285714285714,19.285714285714285,75.74142857142859,3.7142857142857144,8.571428571428571,0.7114285714285715,0.8571428571428571,19.285714285714285,0.05142857142857143,12.571428571428571,2.857142857142857,86.14285714285714
67,70,2014-12-09,9,1,2014-2015,Uberlândia,Sesi Franca,0,77.85714285714286,30.428571428571427,34.285714285714285,13.142857142857142,32.57142857142857,10.0,22.571428571428573,13.857142857142858,13.571428571428571,1.1085714285714285,10.142857142857142,27.0,35.04857142857143,17.142857142857142,35.142857142857146,48.46857142857142,13.142857142857142,17.0,76.92285714285713,0.8571428571428571,9.142857142857142,0.7571428571428571,2.2857142857142856,22.428571428571427,0.10285714285714286,13.571428571428571,2.857142857142857,83.42857142857143,79.5,23.625,38.5,17.375,36.375,11.0,25.375,13.125,14.625,0.9337499999999999,7.875,22.375,36.52125,19.25,38.125,51.06375,17.375,23.125,74.95875000000001,2.5,9.25,0.6400000000000001,2.75,21.125,0.13,14.625,2.875,87.25
88,96,2014-12-09,9,1,2014-2015,L. Sorocabana,Pinheiros,0,77.0,19.125,42.75,15.125,31.375,11.5,19.875,12.5,15.0,0.8775,6.375,19.75,33.05625,21.375,44.625,47.41125,15.125,19.0,79.775,2.125,11.5,0.8175000000000001,1.5,24.125,0.06625,15.0,2.75,78.375,85.42857142857143,26.571428571428573,45.142857142857146,13.714285714285714,33.0,10.142857142857142,22.857142857142858,15.714285714285714,12.0,1.4085714285714288,8.857142857142858,24.0,37.49,22.571428571428573,41.857142857142854,54.317142857142855,13.714285714285714,18.285714285714285,71.7642857142857,3.142857142857143,12.857142857142858,1.07,2.2857142857142856,19.714285714285715,0.13,12.0,2.5714285714285716,98.28571428571429
73,68,2014-12-09,9,1,2014-2015,Palmeiras,Paulistano,1,75.875,20.625,41.25,14.0,36.375,12.0,24.375,16.75,12.75,1.3824999999999998,6.875,21.0,33.355,20.625,41.375,50.07875,14.0,18.125,77.52375,3.5,8.75,0.71125,0.875,18.625,0.05375,12.75,2.875,86.875,80.75,21.0,42.75,17.0,39.125,14.375,24.75,11.125,11.625,1.07125,7.0,23.125,30.759999999999998,21.375,44.5,48.28375,17.0,22.25,77.8275,2.875,9.125,0.87125,1.0,24.25,0.0425,11.625,2.25,85.0
79,84,2014-12-09,9,1,2014-2015,Minas,Bauru Basket,0,73.125,21.375,34.0,17.75,37.75,12.25,25.5,13.5,15.75,0.9175,7.125,23.75,30.48375,17.0,35.75,47.60875,17.75,25.125,70.97625000000001,2.125,10.75,0.7175,1.375,23.25,0.05875,15.75,3.5,78.0,85.5,28.5,37.333333333333336,19.666666666666668,37.5,10.5,27.0,16.333333333333332,14.333333333333334,1.18,9.5,27.833333333333332,33.919999999999995,18.666666666666668,30.5,61.14666666666667,19.666666666666668,25.166666666666668,77.965,1.6666666666666667,9.666666666666666,0.695,1.1666666666666667,18.333333333333332,0.06999999999999999,14.333333333333334,2.1666666666666665,100.16666666666667
80,79,2014-12-10,9,1,2014-2015,Coop/São José Basketball,Macaé Basquete,1,73.375,15.375,44.5,13.5,36.75,8.75,28.0,16.5,14.875,1.1362499999999998,5.125,17.625,28.9825,22.25,41.875,53.06625,13.5,17.5,75.29875,0.5,8.625,0.6012500000000001,1.625,18.0,0.09375,14.875,3.125,85.875,77.42857142857143,26.142857142857142,35.714285714285715,15.571428571428571,30.0,9.142857142857142,20.857142857142858,12.714285714285714,13.285714285714286,1.1342857142857143,8.714285714285714,21.714285714285715,40.35142857142857,17.857142857142858,36.142857142857146,49.29,15.571428571428571,18.714285714285715,82.86428571428571,0.42857142857142855,8.714285714285714,0.6900000000000001,1.2857142857142858,23.0,0.05428571428571428,13.285714285714286,3.7142857142857144,82.42857142857143
68,60,2014-12-10,9,1,2014-2015,Fortaleza B. C. / CFO,Rio Claro,1,76.0,26.5,33.666666666666664,15.833333333333334,34.0,11.666666666666666,22.333333333333332,13.0,15.333333333333334,0.9016666666666667,8.833333333333334,25.666666666666668,33.595,16.833333333333332,37.166666666666664,45.720000000000006,15.833333333333334,22.5,69.69166666666666,1.0,11.333333333333334,0.7716666666666666,2.8333333333333335,19.5,0.14833333333333334,15.333333333333334,3.1666666666666665,78.0,73.5,19.5,40.0,14.0,30.625,8.75,21.875,16.875,14.125,1.2974999999999999,6.5,23.0,28.075000000000003,20.0,38.375,51.892500000000005,14.0,17.625,80.27625,2.0,10.375,0.7762500000000001,1.0,18.125,0.0675,14.125,3.5,79.75
83,87,2014-12-10,9,1,2014-2015,Brasília,Limeira,0,78.85714285714286,19.714285714285715,42.857142857142854,16.285714285714285,37.0,10.714285714285714,26.285714285714285,15.714285714285714,14.0,1.1157142857142859,6.571428571428571,20.142857142857142,32.728571428571435,21.428571428571427,42.0,51.36571428571428,16.285714285714285,20.0,81.74857142857142,2.7142857142857144,8.0,0.5857142857142857,3.0,23.571428571428573,0.13285714285714287,14.0,2.5714285714285716,90.71428571428571,82.375,28.5,38.0,15.875,31.0,8.625,22.375,17.5,12.25,1.53875,9.5,24.75,38.166250000000005,19.0,34.5,55.36625,15.875,19.75,80.62,1.875,9.125,0.80625,1.875,20.625,0.09,12.25,2.5,95.0
94,98,2014-12-10,9,1,2014-2015,Mogi,Flamengo,0,78.66666666666667,26.5,38.0,14.166666666666666,38.0,10.5,27.5,13.5,16.833333333333332,0.8333333333333334,8.833333333333334,18.333333333333332,48.01833333333334,19.0,39.5,48.21,14.166666666666666,18.166666666666668,75.585,1.8333333333333333,9.0,0.5583333333333333,2.1666666666666665,19.0,0.11666666666666665,16.833333333333332,3.3333333333333335,90.5,88.83333333333333,27.0,42.0,19.833333333333332,36.5,10.5,26.0,17.5,12.333333333333334,1.8633333333333333,9.0,23.166666666666668,38.923333333333325,21.0,39.0,54.62500000000001,19.833333333333332,27.166666666666668,73.77833333333334,2.1666666666666665,8.833333333333334,0.9833333333333334,2.5,21.0,0.12333333333333334,12.333333333333334,2.5,102.33333333333333
83,69,2014-12-11,10,1,2014-2015,Minas,Sesi Franca,1,73.77777777777777,21.666666666666668,35.55555555555556,16.555555555555557,38.44444444444444,12.333333333333334,26.11111111111111,14.0,15.333333333333334,0.9822222222222222,7.222222222222222,24.0,30.515555555555554,17.77777777777778,37.333333333333336,47.65222222222222,16.555555555555557,23.77777777777778,69.07333333333334,2.2222222222222223,10.666666666666666,0.73,1.2222222222222223,22.88888888888889,0.05222222222222222,15.333333333333334,3.6666666666666665,79.22222222222223,78.44444444444444,24.666666666666668,37.55555555555556,16.22222222222222,36.77777777777778,11.333333333333334,25.444444444444443,13.0,15.11111111111111,0.8999999999999999,8.222222222222221,22.666666666666668,37.352222222222224,18.77777777777778,37.55555555555556,50.44,16.22222222222222,21.77777777777778,73.70111111111112,2.6666666666666665,9.222222222222221,0.6211111111111112,2.7777777777777777,20.88888888888889,0.13333333333333333,15.11111111111111,3.2222222222222223,86.33333333333333
89,93,2014-12-11,10,1,2014-2015,Pinheiros,Paulistano,0,86.75,29.625,42.75,14.375,32.5,10.125,22.375,16.0,12.875,1.35125,9.875,24.75,39.8875,21.375,39.875,53.777499999999996,14.375,18.625,74.10374999999999,2.875,12.875,1.02125,2.25,19.5,0.1275,12.875,2.5,99.875,79.33333333333333,21.0,41.55555555555556,16.77777777777778,38.666666666666664,14.444444444444445,24.22222222222222,11.11111111111111,12.222222222222221,1.0244444444444445,7.0,22.88888888888889,31.045555555555552,20.77777777777778,44.22222222222222,47.15222222222222,16.77777777777778,21.88888888888889,77.95222222222223,2.5555555555555554,9.666666666666666,0.8655555555555555,0.8888888888888888,23.88888888888889,0.03777777777777778,12.222222222222221,2.6666666666666665,83.0
76,88,2014-12-11,10,1,2014-2015,Uberlândia,Bauru Basket,0,76.5,30.375,33.5,12.625,32.75,10.625,22.125,13.625,13.125,1.1199999999999999,10.125,27.875,34.34375,16.75,34.375,48.44499999999999,12.625,16.75,74.80749999999999,0.875,9.5,0.8125,2.375,21.875,0.11125,13.125,2.5,82.125,85.28571428571429,29.571428571428573,36.57142857142857,19.142857142857142,37.57142857142857,10.0,27.571428571428573,15.857142857142858,14.285714285714286,1.1442857142857144,9.857142857142858,28.142857142857142,34.78857142857142,18.285714285714285,31.142857142857142,58.94142857142857,19.142857142857142,24.428571428571427,78.25571428571428,1.4285714285714286,9.285714285714286,0.6671428571428571,1.5714285714285714,17.571428571428573,0.10428571428571429,14.285714285714286,2.4285714285714284,98.85714285714286
83,78,2014-12-11,10,1,2014-2015,Palmeiras,L. Sorocabana,1,75.55555555555556,21.0,40.44444444444444,14.11111111111111,36.333333333333336,11.88888888888889,24.444444444444443,16.88888888888889,13.666666666666666,1.3244444444444443,7.0,21.333333333333332,33.35222222222222,20.22222222222222,40.44444444444444,50.23888888888889,14.11111111111111,18.555555555555557,76.48555555555556,3.2222222222222223,8.88888888888889,0.6855555555555556,1.3333333333333333,18.444444444444443,0.08,13.666666666666666,3.2222222222222223,86.33333333333333,78.22222222222223,20.333333333333332,42.888888888888886,15.0,30.666666666666668,11.333333333333334,19.333333333333332,13.0,15.11111111111111,0.8977777777777778,6.777777777777778,20.0,34.43333333333333,21.444444444444443,44.111111111111114,48.254444444444445,15.0,18.77777777777778,80.06111111111112,2.0,11.88888888888889,0.8311111111111111,1.4444444444444444,23.77777777777778,0.06444444444444446,15.11111111111111,2.4444444444444446,80.44444444444444
71,94,2014-12-12,10,1,2014-2015,Coop/São José Basketball,Flamengo,0,74.11111111111111,16.0,45.55555555555556,12.555555555555555,36.888888888888886,9.11111111111111,27.77777777777778,17.11111111111111,14.444444444444445,1.232222222222222,5.333333333333333,18.666666666666668,28.643333333333334,22.77777777777778,41.888888888888886,54.31333333333333,12.555555555555555,16.77777777777778,71.98222222222222,0.8888888888888888,8.222222222222221,0.5844444444444445,1.5555555555555556,18.22222222222222,0.08888888888888889,14.444444444444445,2.888888888888889,86.77777777777777,90.14285714285714,30.857142857142858,40.0,19.285714285714285,34.714285714285715,10.0,24.714285714285715,18.142857142857142,13.285714285714286,1.762857142857143,10.285714285714286,25.428571428571427,39.95571428571428,20.0,37.0,54.82142857142858,19.285714285714285,25.714285714285715,76.6842857142857,2.142857142857143,10.0,0.97,2.2857142857142856,20.714285714285715,0.11285714285714286,13.285714285714286,2.4285714285714284,103.42857142857143
73,85,2014-12-12,10,1,2014-2015,Brasília,Rio Claro,0,79.375,21.375,41.5,16.5,36.625,11.125,25.5,16.625,13.625,1.2375,7.125,20.25,35.185,20.75,41.75,49.945,16.5,20.375,81.3125,2.75,8.0,0.60375,2.875,23.125,0.12875,13.625,2.625,91.875,72.0,18.666666666666668,40.22222222222222,13.11111111111111,30.77777777777778,8.11111111111111,22.666666666666668,16.444444444444443,14.777777777777779,1.2255555555555555,6.222222222222222,22.22222222222222,27.733333333333334,20.11111111111111,38.55555555555556,51.96000000000001,13.11111111111111,16.88888888888889,77.41777777777777,1.7777777777777777,11.11111111111111,0.7844444444444445,0.8888888888888888,17.333333333333332,0.060000000000000005,14.777777777777779,3.6666666666666665,78.22222222222223
67,85,2014-12-12,10,1,2014-2015,Fortaleza B. C. / CFO,Limeira,0,74.85714285714286,26.142857142857142,34.285714285714285,14.428571428571429,36.0,12.428571428571429,23.571428571428573,13.428571428571429,15.714285714285714,0.9,8.714285714285714,26.857142857142858,32.15714285714286,17.142857142857142,37.57142857142857,45.97428571428572,14.428571428571429,20.142857142857142,74.02142857142857,1.0,11.857142857142858,0.78,2.857142857142857,18.285714285714285,0.16571428571428573,15.714285714285714,2.857142857142857,79.0,82.88888888888889,28.0,39.77777777777778,15.11111111111111,31.22222222222222,9.0,22.22222222222222,18.0,12.222222222222221,1.5711111111111111,9.333333333333334,24.444444444444443,37.96555555555556,19.88888888888889,35.333333333333336,56.357777777777784,15.11111111111111,18.88888888888889,79.99555555555555,1.8888888888888888,9.0,0.7911111111111111,2.4444444444444446,20.555555555555557,0.11888888888888888,12.222222222222221,2.5555555555555554,97.0
81,70,2014-12-12,10,1,2014-2015,Mogi,Macaé Basquete,1,80.85714285714286,27.857142857142858,39.142857142857146,13.857142857142858,38.285714285714285,11.285714285714286,27.0,14.142857142857142,17.714285714285715,0.8257142857142857,9.285714285714286,19.428571428571427,47.75142857142857,19.571428571428573,39.714285714285715,49.33714285714286,13.857142857142858,18.0,74.87142857142858,2.142857142857143,9.857142857142858,0.5714285714285714,2.2857142857142856,19.428571428571427,0.12,17.714285714285715,3.2857142857142856,93.28571428571429,77.625,25.5,36.75,15.375,30.5,9.25,21.25,13.25,12.5,1.2962500000000001,8.5,21.875,39.11125,18.375,36.875,49.676249999999996,15.375,19.125,80.46124999999999,0.5,8.875,0.7825,1.25,22.375,0.05499999999999999,12.5,3.5,83.375
89,71,2014-12-16,11,1,2014-2015,Paulistano,Coop/São José Basketball,1,80.7,20.4,42.6,17.7,39.2,14.6,24.6,10.7,12.4,0.9720000000000001,6.8,22.5,30.572999999999997,21.3,44.9,47.535000000000004,17.7,22.9,78.28200000000001,2.5,9.6,0.843,0.9,24.4,0.037,12.4,2.7,84.2,73.8,16.5,45.0,12.3,36.4,9.7,26.7,16.7,13.9,1.2529999999999997,5.5,18.8,29.279000000000003,22.5,42.3,53.23,12.3,16.8,70.66600000000001,0.9,8.3,0.6260000000000001,1.4,17.8,0.08,13.9,2.8,85.1
85,87,2014-12-16,11,1,2014-2015,L. Sorocabana,Mogi,0,78.2,21.0,42.8,14.4,30.7,11.5,19.2,13.6,14.9,0.954,7.0,20.9,34.092999999999996,21.4,43.5,48.955,14.4,18.1,79.555,2.0,12.1,0.8560000000000001,1.6,24.0,0.07,14.9,2.4,81.6,80.875,25.875,41.25,13.75,38.875,12.0,26.875,14.875,17.125,0.915,8.625,19.5,44.2825,20.625,41.0,50.17,13.75,18.125,74.065,2.375,9.875,0.59625,2.125,19.75,0.11125,17.125,3.125,93.875
78,77,2014-12-16,11,1,2014-2015,Macaé Basquete,Fortaleza B. C. / CFO,1,76.77777777777777,25.333333333333332,35.55555555555556,15.88888888888889,30.77777777777778,9.333333333333334,21.444444444444443,12.666666666666666,12.88888888888889,1.2077777777777778,8.444444444444445,22.444444444444443,38.05777777777777,17.77777777777778,36.0,49.13777777777777,15.88888888888889,19.77777777777778,80.41,0.5555555555555556,8.88888888888889,0.7577777777777778,1.3333333333333333,22.666666666666668,0.05777777777777777,12.88888888888889,3.5555555555555554,81.44444444444444,73.875,26.25,34.25,13.375,35.375,11.75,23.625,13.375,15.625,0.89625,8.75,26.875,32.30375,17.125,37.125,46.477500000000006,13.375,18.875,72.26875,0.875,11.25,0.74125,2.5,18.25,0.14500000000000002,15.625,2.75,77.125
76,74,2014-12-16,11,1,2014-2015,Flamengo,Brasília,1,90.625,30.75,42.0,17.875,35.25,10.25,25.0,18.125,13.0,1.7475,10.25,25.375,39.96124999999999,21.0,37.625,56.30250000000001,17.875,23.875,76.19,2.125,9.5,0.9175,2.25,20.375,0.1125,13.0,2.375,105.0,78.66666666666667,20.666666666666668,42.888888888888886,15.11111111111111,37.666666666666664,11.555555555555555,26.11111111111111,16.333333333333332,13.555555555555555,1.22,6.888888888888889,21.22222222222222,33.19111111111111,21.444444444444443,42.44444444444444,50.64555555555555,15.11111111111111,19.22222222222222,76.72222222222223,3.3333333333333335,7.777777777777778,0.5877777777777777,3.111111111111111,23.0,0.14,13.555555555555555,2.5555555555555554,90.55555555555556
72,85,2014-12-17,11,1,2014-2015,Minas,Limeira,0,74.7,22.2,35.8,16.7,37.5,11.8,25.7,14.7,15.5,1.008,7.4,23.4,32.464,17.9,37.3,48.022000000000006,16.7,23.9,69.36600000000001,2.2,11.0,0.7390000000000001,1.4,23.2,0.059,15.5,3.6,81.2,83.1,28.8,39.6,14.7,31.6,8.8,22.8,17.9,12.5,1.527,9.6,24.8,38.455000000000005,19.8,35.0,56.660000000000004,14.7,18.4,79.853,1.7,9.3,0.792,2.5,20.3,0.12399999999999997,12.5,2.8,97.8
116,55,2014-12-17,11,1,2014-2015,Bauru Basket,Pinheiros,1,85.625,29.625,37.25,18.75,37.625,10.0,27.625,15.75,14.125,1.145,9.875,27.875,35.247499999999995,18.625,31.875,58.668749999999996,18.75,23.875,78.47375,1.375,9.5,0.69,1.5,17.375,0.09875,14.125,2.5,99.5,87.0,29.333333333333332,42.666666666666664,15.0,32.666666666666664,10.11111111111111,22.555555555555557,15.555555555555555,12.88888888888889,1.3033333333333335,9.777777777777779,25.11111111111111,39.02666666666667,21.333333333333332,40.111111111111114,53.35777777777778,15.0,19.444444444444443,74.41666666666666,2.6666666666666665,12.222222222222221,0.9677777777777778,2.6666666666666665,20.666666666666668,0.13555555555555554,12.88888888888889,2.4444444444444446,98.66666666666667
84,94,2014-12-17,11,1,2014-2015,Uberlândia,Rio Claro,0,76.44444444444444,29.666666666666668,34.22222222222222,12.555555555555555,32.44444444444444,10.11111111111111,22.333333333333332,13.777777777777779,13.222222222222221,1.1144444444444443,9.88888888888889,28.0,33.593333333333334,17.11111111111111,34.55555555555556,49.23555555555555,12.555555555555555,16.444444444444443,76.01888888888888,1.0,9.444444444444445,0.7933333333333333,2.3333333333333335,21.88888888888889,0.10888888888888888,13.222222222222221,2.3333333333333335,81.77777777777777,73.3,18.0,41.8,13.5,31.9,8.5,23.4,16.7,14.2,1.3139999999999998,6.0,21.9,27.065000000000005,20.9,40.2,51.855000000000004,13.5,17.0,79.12,1.6,11.0,0.817,1.0,17.2,0.067,14.2,3.5,81.0
80,74,2014-12-17,11,1,2014-2015,Sesi Franca,Palmeiras,1,77.5,23.4,37.0,17.1,36.2,11.1,25.1,12.7,15.8,0.8549999999999999,7.8,22.4,35.617000000000004,18.5,36.7,50.913,17.1,22.7,74.396,2.5,9.6,0.6180000000000001,2.7,21.0,0.129,15.8,3.5,84.5,76.3,21.9,39.6,14.8,36.8,12.4,24.4,16.7,14.2,1.2709999999999997,7.3,21.9,33.721,19.8,39.6,50.214999999999996,14.8,19.8,75.61100000000002,3.0,9.0,0.67,1.3,18.1,0.079,14.2,3.1,86.5
106,73,2014-12-18,12,1,2014-2015,Flamengo,Fortaleza B. C. / CFO,1,89.0,27.666666666666668,43.333333333333336,18.0,35.888888888888886,11.0,24.88888888888889,17.444444444444443,13.222222222222221,1.6422222222222222,9.222222222222221,24.22222222222222,36.26222222222222,21.666666666666668,38.888888888888886,56.1688888888889,18.0,23.88888888888889,76.52111111111111,2.2222222222222223,9.222222222222221,0.8677777777777778,2.3333333333333335,19.88888888888889,0.12111111111111111,13.222222222222221,2.3333333333333335,102.55555555555556,74.22222222222223,27.333333333333332,33.77777777777778,13.11111111111111,35.44444444444444,11.222222222222221,24.22222222222222,14.0,15.333333333333334,0.9588888888888888,9.11111111111111,27.444444444444443,32.88111111111111,16.88888888888889,35.77777777777778,47.980000000000004,13.11111111111111,18.88888888888889,70.6711111111111,0.7777777777777778,10.444444444444445,0.6933333333333332,2.4444444444444446,17.88888888888889,0.14333333333333334,15.333333333333334,3.111111111111111,78.22222222222223
70,78,2014-12-18,12,1,2014-2015,L. Sorocabana,Coop/São José Basketball,0,77.1,19.8,42.4,14.9,31.0,12.2,18.8,13.1,14.9,0.9280000000000003,6.6,21.0,31.176,21.2,43.8,48.163,14.9,19.1,78.355,1.8,12.3,0.866,2.1,24.7,0.08499999999999999,14.9,2.1,79.5,73.8,16.8,45.0,12.0,36.1,9.5,26.6,15.9,14.0,1.1989999999999998,5.6,19.4,29.154000000000003,22.5,42.0,53.62600000000001,12.0,16.7,69.482,1.1,8.1,0.611,1.6,17.7,0.091,14.0,2.9,83.5
74,76,2014-12-18,12,1,2014-2015,Paulistano,Mogi,0,80.5,20.7,42.0,17.8,39.2,14.2,25.0,11.3,12.8,0.9650000000000001,6.9,22.3,31.254999999999995,21.0,44.8,47.022000000000006,17.8,22.6,80.01700000000001,2.2,9.8,0.8089999999999999,1.0,24.5,0.04100000000000001,12.8,3.1,85.0,81.55555555555556,25.333333333333332,41.55555555555556,14.666666666666666,38.44444444444444,12.333333333333334,26.11111111111111,14.88888888888889,17.555555555555557,0.8922222222222224,8.444444444444445,19.555555555555557,43.25111111111111,20.77777777777778,41.111111111111114,50.41555555555556,14.666666666666666,19.333333333333332,74.26444444444445,2.3333333333333335,10.444444444444445,0.6088888888888888,2.4444444444444446,20.444444444444443,0.12000000000000001,17.555555555555557,3.2222222222222223,94.11111111111111
68,86,2014-12-18,12,1,2014-2015,Macaé Basquete,Brasília,0,76.9,24.9,36.0,16.0,31.4,9.7,21.7,12.7,12.2,1.304,8.3,22.5,37.295,18.0,36.8,48.76899999999999,16.0,20.0,80.09599999999999,0.6,8.7,0.799,1.3,22.5,0.056999999999999995,12.2,3.4,81.8,78.2,20.7,42.6,14.9,36.4,11.3,25.1,15.6,13.5,1.167,6.9,21.2,33.205,21.3,42.1,50.709,14.9,18.9,77.175,3.3,8.3,0.629,2.9,22.8,0.131,13.5,2.8,88.8
82,70,2014-12-19,12,1,2014-2015,Minas,Rio Claro,1,75.5,21.9,35.8,17.8,36.4,10.6,25.8,14.8,15.5,1.014,7.3,22.3,34.022000000000006,17.9,36.9,48.471000000000004,17.8,24.6,71.899,2.4,10.9,0.733,1.6,23.4,0.06699999999999999,15.5,3.4,82.9,75.5,17.4,44.2,13.9,33.0,9.0,24.0,17.1,14.0,1.4040000000000001,5.8,21.1,27.482000000000006,22.1,42.3,52.177,13.9,17.0,81.226,2.0,11.0,0.8370000000000001,1.0,16.8,0.067,14.0,3.4,85.0
81,68,2014-12-19,12,1,2014-2015,Sesi Franca,Pinheiros,1,76.5,21.9,38.2,16.4,35.8,12.1,23.7,11.8,15.2,0.8360000000000001,7.3,22.2,33.617,19.1,38.2,50.313,16.4,21.1,76.627,2.7,9.9,0.7,2.3,20.1,0.123,15.2,3.4,82.4,83.8,27.9,41.8,14.1,32.7,10.3,22.4,15.0,13.2,1.2360000000000002,9.3,25.2,37.047000000000004,20.9,40.2,52.16799999999999,14.1,18.9,71.261,2.5,11.7,0.915,2.5,20.4,0.128,13.2,2.2,92.5
85,77,2014-12-19,12,1,2014-2015,Bauru Basket,Palmeiras,1,89.0,31.0,40.22222222222222,17.77777777777778,38.111111111111114,9.777777777777779,28.333333333333332,16.666666666666668,13.333333333333334,1.3988888888888888,10.333333333333334,27.88888888888889,36.88666666666666,20.11111111111111,33.22222222222222,60.231111111111105,17.77777777777778,23.0,76.69888888888889,1.4444444444444444,10.222222222222221,0.8677777777777778,1.3333333333333333,17.555555555555557,0.08777777777777779,13.333333333333334,2.2222222222222223,106.11111111111111,76.2,23.4,39.6,13.2,37.3,12.9,24.4,17.0,15.0,1.244,7.8,22.4,35.325,19.8,40.0,49.626999999999995,13.2,18.6,71.501,2.9,9.1,0.6540000000000001,1.5,17.5,0.094,15.0,2.9,85.9
81,89,2014-12-19,12,1,2014-2015,Uberlândia,Limeira,0,77.2,30.0,35.2,12.0,32.2,9.9,22.3,14.5,13.1,1.178,10.0,27.8,34.464999999999996,17.6,35.0,49.952999999999996,12.0,15.7,76.195,1.2,9.1,0.764,2.7,21.8,0.127,13.1,2.5,83.7,83.1,28.8,40.2,14.1,32.6,9.8,22.8,18.6,12.2,1.597,9.6,25.2,37.769000000000005,20.1,36.1,55.616,14.1,17.3,80.756,1.9,9.8,0.8380000000000001,2.5,20.9,0.12,12.2,2.4,99.6
73,79,2014-12-21,13,1,2014-2015,Sesi Franca,Bauru Basket,0,76.5,21.0,39.2,16.3,36.0,11.8,24.2,11.9,15.3,0.833,7.0,22.0,32.713,19.6,37.7,52.275,16.3,21.1,76.127,2.7,10.5,0.741,2.6,19.9,0.13899999999999998,15.3,3.9,84.3,88.6,32.7,39.2,16.7,37.6,9.6,28.0,17.2,12.7,1.573,10.9,28.4,38.046,19.6,32.6,59.76399999999999,16.7,22.2,73.696,1.5,9.6,0.8379999999999999,1.3,16.7,0.09,12.7,2.0,105.6
75,66,2014-12-22,13,1,2014-2015,Minas,Uberlândia,1,77.6,22.2,37.0,18.4,37.4,11.0,26.4,15.3,15.7,1.033,7.4,22.5,34.214000000000006,18.5,37.7,48.819,18.4,25.1,73.566,2.3,11.3,0.75,2.0,23.5,0.08399999999999999,15.7,3.3,86.9,77.3,27.6,37.8,11.9,31.6,9.8,21.8,14.8,13.9,1.099,9.2,25.9,33.795,18.9,36.2,51.714,11.9,15.2,77.924,1.4,9.1,0.6799999999999999,2.5,22.0,0.11700000000000002,13.9,2.7,84.1
81,68,2014-12-22,13,1,2014-2015,Brasília,Fortaleza B. C. / CFO,1,78.2,21.9,41.4,14.9,36.8,11.6,25.2,15.2,12.9,1.2429999999999999,7.3,21.6,34.58,20.7,41.2,50.598,14.9,18.8,77.666,3.5,7.6,0.6140000000000001,2.6,22.0,0.12000000000000002,12.9,2.5,88.8,74.1,26.4,35.2,12.5,34.5,10.8,23.7,13.5,14.4,1.013,8.8,27.5,31.736,17.6,36.5,48.763000000000005,12.5,17.9,71.38199999999999,0.7,9.8,0.691,2.3,17.3,0.137,14.4,2.8,76.8
83,69,2014-12-22,13,1,2014-2015,Paulistano,L. Sorocabana,1,79.7,21.9,40.8,17.0,38.6,14.1,24.5,10.9,12.7,0.937,7.3,22.7,32.504999999999995,20.4,44.3,46.087,17.0,22.0,78.598,1.9,9.6,0.7959999999999999,1.4,25.0,0.05600000000000001,12.7,3.1,83.2,74.9,18.6,41.2,15.1,30.2,11.2,19.0,12.5,14.8,0.883,6.2,19.6,31.301,20.6,42.8,47.857,15.1,20.2,75.06899999999999,2.0,12.2,0.8710000000000001,2.1,23.8,0.09,14.8,2.0,76.4
86,84,2014-12-22,13,1,2014-2015,Macaé Basquete,Flamengo,1,76.4,25.5,36.2,14.7,31.0,9.3,21.7,12.7,11.3,1.357,8.5,22.6,38.128,18.1,37.0,48.785999999999994,14.7,18.3,80.84599999999999,0.8,8.4,0.834,1.3,22.5,0.056999999999999995,11.3,2.9,81.9,90.7,28.8,44.6,17.3,36.4,10.5,25.9,17.8,12.5,1.828,9.6,24.4,37.635999999999996,22.3,39.1,57.38100000000001,17.3,22.8,77.33099999999999,2.2,8.9,0.8809999999999999,2.4,19.3,0.13,12.5,2.3,106.6
88,89,2014-12-22,13,1,2014-2015,Mogi,Coop/São José Basketball,0,81.0,24.0,41.6,15.4,38.7,12.6,26.1,14.4,16.8,0.9030000000000001,8.0,19.3,41.278999999999996,20.8,41.5,50.041000000000004,15.4,20.1,74.986,2.7,10.1,0.618,2.3,20.9,0.11200000000000002,16.8,3.1,93.0,73.6,16.8,44.6,12.2,36.2,9.5,26.7,15.4,14.4,1.146,5.6,19.0,30.05,22.3,41.4,53.80499999999999,12.2,16.4,71.71700000000001,1.3,7.5,0.5630000000000001,1.4,17.9,0.08000000000000002,14.4,3.2,83.0
78,87,2014-12-22,13,1,2014-2015,Rio Claro,Limeira,0,75.5,16.5,44.2,14.8,33.2,8.5,24.7,16.6,14.1,1.3619999999999997,5.5,20.9,26.093,22.1,42.2,52.30499999999999,14.8,17.9,82.041,1.9,11.2,0.8450000000000001,1.6,16.6,0.1,14.1,3.7,85.4,83.5,29.7,41.4,12.4,32.0,9.3,22.7,19.1,12.0,1.6460000000000001,9.9,24.8,40.982000000000006,20.7,37.2,55.44000000000001,12.4,15.7,79.563,1.8,10.2,0.874,2.2,20.2,0.11000000000000001,12.0,2.2,100.3
65,79,2014-12-23,13,1,2014-2015,Pinheiros,Palmeiras,0,82.2,27.0,40.4,14.8,33.6,10.8,22.8,15.0,13.8,1.207,9.0,25.8,34.269,20.2,39.8,50.821,14.8,19.5,73.761,2.3,10.8,0.8460000000000001,2.6,20.9,0.131,13.8,2.1,89.3,78.4,26.1,40.0,12.3,37.0,12.5,24.5,17.4,14.6,1.34,8.7,23.5,37.66799999999999,20.0,39.6,50.709999999999994,12.3,17.3,69.39,2.4,8.9,0.663,1.4,17.6,0.088,14.6,3.2,89.1
107,86,2015-01-06,14,1,2014-2015,Pinheiros,Uberlândia,1,81.7,28.5,38.2,15.0,33.9,10.3,23.6,15.0,14.0,1.1900000000000002,9.5,26.9,35.177,19.1,37.6,50.638999999999996,15.0,19.7,74.428,1.8,10.3,0.7950000000000002,2.3,21.4,0.10400000000000001,14.0,1.9,88.6,78.7,30.6,36.2,11.9,29.5,9.0,20.5,15.0,14.4,1.0950000000000002,10.2,26.3,39.058,18.1,34.2,51.916,11.9,14.9,79.483,1.4,9.1,0.6659999999999999,2.6,22.1,0.12100000000000002,14.4,2.6,85.3
94,83,2015-01-06,14,1,2014-2015,Coop/São José Basketball,Sesi Franca,1,73.6,18.6,42.4,12.6,34.7,8.9,25.8,15.0,13.7,1.1880000000000002,6.2,19.8,31.161,21.2,39.6,53.665000000000006,12.6,17.0,71.161,1.4,7.6,0.5940000000000001,1.3,19.1,0.067,13.7,2.8,82.1,75.9,21.0,39.6,15.3,35.2,11.1,24.1,12.5,14.5,0.9620000000000001,7.0,22.1,32.57,19.8,38.1,52.263,15.3,19.6,76.46000000000001,2.9,10.7,0.82,3.2,19.2,0.16799999999999998,14.5,3.7,85.3
80,99,2015-01-06,14,1,2014-2015,Mogi,Bauru Basket,0,80.8,24.6,39.8,16.4,37.4,12.7,24.7,14.1,16.3,0.9410000000000001,8.2,19.8,41.112,19.9,40.5,49.172000000000004,16.4,21.2,75.553,2.5,10.3,0.6639999999999999,2.2,20.6,0.10800000000000001,16.3,3.0,91.5,88.2,32.4,40.0,15.8,37.4,8.9,28.5,17.2,12.7,1.573,10.8,27.9,38.259,20.0,32.1,61.997,15.8,21.3,72.91999999999999,1.6,9.1,0.808,1.5,16.6,0.10400000000000001,12.7,2.0,106.0
76,80,2015-01-06,14,1,2014-2015,Palmeiras,Minas,0,79.9,27.9,39.6,12.4,37.8,12.2,25.6,17.0,14.4,1.326,9.3,24.1,39.513999999999996,19.8,39.5,50.30499999999999,12.4,17.4,69.515,2.6,9.1,0.683,1.5,16.3,0.099,14.4,3.6,91.4,78.6,22.8,37.6,18.2,36.9,10.0,26.9,16.1,15.7,1.0829999999999997,7.6,20.9,37.45,18.8,37.8,49.502,18.2,25.2,72.50399999999999,2.7,11.9,0.788,2.2,22.7,0.097,15.7,3.4,90.7
85,93,2015-01-07,14,1,2014-2015,Rio Claro,Flamengo,0,76.5,16.5,45.2,14.8,33.5,8.4,25.1,17.4,14.1,1.41,5.5,20.1,27.021000000000004,22.6,42.9,52.428,14.8,17.4,84.17699999999999,1.8,10.7,0.8150000000000001,1.7,15.6,0.11000000000000001,14.1,3.6,88.2,89.2,28.5,43.6,17.1,35.7,9.7,26.0,17.7,12.2,1.8800000000000003,9.5,24.1,37.86800000000001,21.8,37.9,57.775999999999996,17.1,22.7,76.688,2.2,8.5,0.8560000000000001,2.3,19.3,0.124,12.2,2.3,104.9
87,66,2015-01-07,14,1,2014-2015,Limeira,Macaé Basquete,1,84.6,30.6,42.8,11.2,31.3,9.0,22.3,19.6,12.0,1.688,10.2,25.2,41.64900000000001,21.4,38.0,56.098,11.2,14.3,79.08000000000001,2.0,10.6,0.9079999999999998,2.2,20.0,0.11000000000000001,12.0,2.5,101.6,77.4,27.0,35.6,14.8,31.4,9.3,22.1,12.9,10.9,1.453,9.0,23.1,39.475,17.8,36.6,48.564,14.8,18.6,79.991,0.8,8.3,0.8719999999999999,1.0,21.9,0.045,10.9,3.1,83.4
84,76,2015-01-07,14,1,2014-2015,Brasília,L. Sorocabana,1,79.0,21.6,43.4,14.0,38.4,12.5,25.9,16.1,12.5,1.3450000000000002,7.2,21.6,34.053999999999995,21.7,42.8,50.983000000000004,14.0,17.8,77.363,3.4,7.4,0.614,2.4,21.2,0.11200000000000002,12.5,2.7,91.5,74.3,18.0,40.8,15.5,29.5,11.4,18.1,12.3,14.9,0.8640000000000001,6.0,20.5,29.448000000000008,20.4,42.7,47.533,15.5,21.0,74.05499999999999,1.9,12.5,0.885,2.2,24.7,0.09,14.9,2.1,73.6
69,77,2015-01-07,14,1,2014-2015,Fortaleza B. C. / CFO,Paulistano,0,74.3,27.9,34.6,11.8,33.4,10.2,23.2,13.7,13.3,1.11,9.3,29.3,31.919,17.3,35.1,49.538000000000004,11.8,16.4,74.02099999999999,0.7,9.1,0.7049999999999998,2.4,17.0,0.14600000000000002,13.3,2.3,77.2,79.6,21.6,41.4,16.6,39.9,14.2,25.7,11.3,13.3,0.9380000000000001,7.2,23.0,31.547999999999995,20.7,43.6,47.654,16.6,22.5,75.94199999999998,1.6,9.4,0.765,1.5,25.1,0.06000000000000001,13.3,3.0,83.8
80,82,2015-01-08,15,1,2014-2015,Mogi,Sesi Franca,0,82.8,26.1,40.4,16.3,37.6,13.5,24.1,15.0,16.1,1.009,8.7,20.7,42.445,20.2,41.1,49.291,16.3,21.0,75.74499999999999,2.4,10.3,0.675,2.1,21.1,0.099,16.1,2.6,94.1,76.3,20.4,41.4,14.5,36.4,12.1,24.3,13.4,14.8,1.0150000000000001,6.8,23.2,29.282999999999998,20.7,40.0,52.23100000000001,14.5,19.8,72.816,3.1,11.4,0.8699999999999999,3.4,19.8,0.175,14.8,3.7,85.1
71,90,2015-01-08,15,1,2014-2015,Coop/São José Basketball,Bauru Basket,0,77.4,18.3,45.4,13.7,35.9,9.3,26.6,16.0,14.0,1.224,6.1,19.6,30.883000000000003,22.7,41.3,54.962,13.7,18.1,72.979,1.2,7.3,0.553,1.4,19.9,0.06899999999999999,14.0,2.8,87.5,88.2,33.9,39.4,14.9,36.7,9.0,27.7,17.9,12.8,1.611,11.3,28.8,38.595000000000006,19.7,31.9,61.426,14.9,20.6,71.28999999999999,1.5,9.2,0.8110000000000002,1.6,16.5,0.10900000000000001,12.8,2.1,105.4
79,68,2015-01-08,15,1,2014-2015,Palmeiras,Uberlândia,1,78.9,27.0,39.2,12.7,36.6,11.1,25.5,15.6,14.5,1.1590000000000003,9.0,23.9,38.552,19.6,37.8,51.88199999999999,12.7,18.1,68.12100000000001,2.4,8.5,0.61,1.4,17.3,0.086,14.5,3.9,88.0,79.2,30.3,36.6,12.3,29.2,8.6,20.6,15.5,15.3,1.0770000000000004,10.1,25.9,39.478,18.3,34.9,51.44,12.3,15.2,80.309,1.4,9.2,0.6359999999999999,2.5,22.9,0.11400000000000002,15.3,2.9,85.0
89,78,2015-01-08,15,1,2014-2015,Pinheiros,Minas,1,84.9,30.3,39.4,15.2,33.1,9.7,23.4,16.3,14.2,1.258,10.1,26.7,37.994,19.7,37.4,52.50999999999999,15.2,19.9,74.56499999999998,2.1,10.4,0.789,2.2,21.0,0.101,14.2,2.1,93.7,78.8,24.0,37.6,17.2,36.0,9.3,26.7,16.0,15.2,1.1200000000000003,8.0,20.6,39.843,18.8,37.5,49.86800000000001,17.2,24.0,71.838,2.8,11.9,0.7949999999999999,2.1,22.3,0.095,15.2,3.3,91.5
78,73,2015-01-09,15,1,2014-2015,Limeira,Flamengo,1,85.1,31.5,42.6,11.0,31.0,8.8,22.2,19.7,12.2,1.643,10.5,25.1,42.94500000000001,21.3,37.6,56.423,11.0,14.3,77.747,2.4,10.2,0.835,2.4,20.4,0.11700000000000002,12.2,2.5,102.0,88.8,27.3,44.8,16.7,35.2,10.0,25.2,16.9,11.0,1.9090000000000003,9.1,24.0,36.052,22.4,39.6,56.70900000000002,16.7,21.6,78.44200000000001,2.2,9.2,0.959,2.1,19.2,0.11299999999999999,11.0,2.1,104.2
85,105,2015-01-09,15,1,2014-2015,Rio Claro,Macaé Basquete,0,76.1,17.1,45.8,13.2,32.8,7.6,25.2,17.9,13.7,1.4589999999999999,5.7,20.5,27.324000000000005,22.9,42.5,53.746,13.2,15.6,82.92,2.2,10.7,0.825,1.7,14.7,0.11200000000000002,13.7,3.2,88.7,76.2,26.1,34.8,15.3,32.1,9.6,22.5,12.5,11.7,1.32,8.7,22.4,39.501999999999995,17.4,36.8,47.27499999999999,15.3,19.4,78.795,0.8,8.5,0.8390000000000001,1.0,21.5,0.045,11.7,3.2,81.4
86,94,2015-01-09,15,1,2014-2015,Brasília,Paulistano,0,80.4,22.8,42.4,15.2,37.8,11.9,25.9,16.3,12.1,1.393,7.6,22.0,35.153,21.2,41.5,51.178000000000004,15.2,19.6,76.11300000000001,3.3,7.7,0.648,2.7,21.4,0.124,12.1,2.7,93.7,77.9,22.2,39.0,16.7,40.9,14.0,26.9,11.4,13.0,0.959,7.4,22.6,33.016,19.5,42.6,45.940999999999995,16.7,22.3,76.93499999999999,1.5,8.5,0.714,1.5,24.1,0.06200000000000001,13.0,2.6,83.3
90,78,2015-01-09,15,1,2014-2015,Fortaleza B. C. / CFO,L. Sorocabana,1,73.1,26.1,35.4,11.6,33.7,9.6,24.1,13.1,12.5,1.193,8.7,29.2,29.924,17.7,34.9,50.763999999999996,11.6,16.0,75.06299999999999,0.7,9.1,0.905,2.5,16.7,0.15400000000000003,12.5,2.2,76.9,73.6,17.4,41.6,14.6,30.3,11.0,19.3,12.0,15.3,0.8109999999999999,5.8,20.6,28.141,20.8,42.8,48.263999999999996,14.6,20.2,72.388,1.5,12.5,0.859,2.5,23.9,0.10500000000000001,15.3,2.4,73.2
80,62,2015-01-12,4,1,2014-2015,Fortaleza B. C. / CFO,Uberlândia,1,75.0,26.7,36.4,11.9,33.4,9.7,23.7,14.3,12.6,1.2739999999999998,8.9,29.9,29.727999999999998,18.2,35.1,52.013999999999996,11.9,16.0,76.03099999999999,0.6,9.2,0.907,2.3,17.5,0.141,12.6,2.1,79.6,75.9,27.0,36.0,12.9,29.4,8.7,20.7,14.6,14.6,1.084,9.0,25.3,36.621,18.0,34.8,50.71,12.9,16.0,79.976,1.6,10.0,0.786,2.5,22.0,0.11800000000000002,14.6,2.8,81.6
89,80,2015-01-13,3,2,2014-2015,Limeira,Paulistano,1,84.7,32.4,41.0,11.3,31.1,9.1,22.0,19.6,12.3,1.6239999999999999,10.8,24.5,44.861000000000004,20.5,36.9,55.157,11.3,14.3,79.24699999999999,2.4,9.9,0.8030000000000002,2.8,19.9,0.137,12.3,2.6,102.7,79.9,23.4,38.6,17.9,40.5,13.7,26.8,11.7,13.0,0.993,7.8,23.8,32.473,19.3,40.3,47.879999999999995,17.9,23.5,77.737,0.9,8.3,0.692,1.7,23.7,0.07300000000000001,13.0,2.6,86.5
77,84,2015-01-13,4,1,2014-2015,Flamengo,Bauru Basket,0,87.9,28.2,44.4,15.3,35.6,10.5,25.1,17.2,10.6,1.9520000000000004,9.4,23.5,38.398,22.2,40.4,54.826,15.3,19.3,79.542,2.2,8.8,0.952,2.2,19.3,0.11699999999999999,10.6,1.7,104.8,89.1,34.8,40.4,13.9,37.0,8.7,28.3,18.6,12.4,1.7240000000000002,11.6,29.1,39.262,20.2,32.7,61.46600000000001,13.9,19.7,69.624,1.2,9.0,0.8109999999999999,2.0,16.3,0.138,12.4,1.8,107.5
80,91,2015-01-14,7,1,2014-2015,Fortaleza B. C. / CFO,Mogi,0,74.9,27.0,36.8,11.1,32.6,9.3,23.3,14.7,11.3,1.404,9.0,30.4,29.491999999999997,18.4,35.0,52.754,11.1,15.0,75.53099999999999,0.5,10.0,1.0550000000000002,2.1,17.1,0.12999999999999998,11.3,1.9,81.1,82.5,24.9,40.8,16.8,37.3,14.2,23.1,14.7,15.9,1.001,8.3,20.5,40.99499999999999,20.4,41.4,49.451,16.8,21.3,76.876,2.1,10.0,0.664,2.5,21.2,0.11400000000000002,15.9,2.9,93.4
85,93,2015-01-15,3,1,2014-2015,Macaé Basquete,Bauru Basket,0,78.7,26.1,35.4,17.2,32.7,9.9,22.8,12.6,11.7,1.3270000000000002,8.7,22.3,39.763999999999996,17.7,37.3,47.29,17.2,21.5,80.182,1.1,9.0,0.8719999999999999,0.9,21.6,0.039999999999999994,11.7,3.1,84.7,87.8,34.8,40.2,12.8,37.4,7.9,29.5,17.7,12.5,1.6490000000000002,11.6,29.2,39.126,20.1,33.0,60.54,12.8,17.9,70.291,1.0,8.5,0.769,2.2,16.5,0.146,12.5,2.0,105.5
97,81,2015-01-15,1,2,2014-2015,Flamengo,Paulistano,1,88.0,28.5,45.4,14.1,35.4,10.0,25.4,16.6,10.9,1.811,9.5,24.2,38.122,22.7,40.3,56.298000000000016,14.1,18.2,77.858,2.3,8.9,0.923,2.1,18.8,0.11600000000000002,10.9,2.0,103.7,79.8,23.4,38.6,17.8,41.4,14.3,27.1,11.6,13.5,0.931,7.8,23.6,32.68,19.3,41.4,46.848,17.8,23.1,78.591,0.8,8.4,0.6529999999999999,1.6,23.4,0.07,13.5,2.7,86.1
86,88,2015-01-16,8,1,2014-2015,Brasília,Mogi,0,80.8,23.1,43.0,14.7,37.5,12.2,25.3,16.5,11.7,1.443,7.7,22.1,35.37,21.5,41.8,51.604,14.7,19.2,75.07700000000001,3.5,7.6,0.6519999999999999,2.9,21.8,0.12999999999999998,11.7,3.0,94.4,84.4,22.8,44.6,17.0,37.9,14.0,23.9,15.3,15.6,1.045,7.6,20.3,37.384,22.3,42.5,52.778000000000006,17.0,22.0,75.032,2.5,10.7,0.7100000000000001,2.5,22.0,0.11200000000000002,15.6,2.9,97.3
98,73,2015-01-17,2,2,2014-2015,Flamengo,L. Sorocabana,1,87.9,30.0,43.6,14.3,35.7,9.5,26.2,17.4,10.7,1.9309999999999998,10.0,25.5,38.135999999999996,21.8,39.2,55.61899999999999,14.3,17.8,80.182,2.0,8.8,0.9279999999999999,2.2,18.6,0.124,10.7,1.6,104.9,75.9,18.3,41.6,16.0,30.9,10.9,20.0,12.0,14.7,0.849,6.1,20.3,29.935000000000002,20.8,42.4,48.791999999999994,16.0,22.5,71.58600000000001,1.3,11.8,0.8530000000000001,2.3,24.7,0.094,14.7,2.3,75.9
80,73,2015-01-19,1,2,2014-2015,Macaé Basquete,L. Sorocabana,1,80.9,27.0,37.0,16.9,32.6,9.8,22.8,13.3,10.5,1.4460000000000002,9.0,22.5,40.779,18.5,38.1,48.48299999999999,16.9,21.2,79.751,1.2,8.6,0.8919999999999998,0.8,20.3,0.039999999999999994,10.5,2.9,88.3,75.2,18.9,41.6,14.7,31.0,10.7,20.3,11.4,14.5,0.818,6.3,20.6,30.490000000000002,20.8,42.8,48.357000000000006,14.7,21.5,69.146,1.2,12.3,0.8969999999999999,2.2,24.5,0.091,14.5,2.2,74.5
74,85,2015-01-20,1,2,2014-2015,Brasília,Bauru Basket,0,80.7,24.0,42.6,14.1,37.5,11.5,26.0,17.1,11.7,1.4900000000000002,8.0,22.2,36.556,21.3,41.9,50.936,14.1,18.4,75.50500000000001,3.2,7.4,0.636,3.1,21.5,0.141,11.7,2.7,95.0,90.0,36.9,40.6,12.5,38.1,8.0,30.1,18.8,12.6,1.746,12.3,30.0,40.568,20.3,33.4,60.31699999999999,12.5,17.4,70.973,1.2,8.4,0.75,2.2,17.0,0.14400000000000002,12.6,2.2,109.2
78,91,2015-01-20,1,2,2014-2015,Fortaleza B. C. / CFO,Sesi Franca,0,74.2,25.8,36.8,11.6,32.3,8.9,23.4,14.4,11.6,1.363,8.6,30.2,28.409,18.4,35.1,52.602999999999994,11.6,16.0,74.676,0.5,10.4,1.067,1.9,17.0,0.12200000000000003,11.6,2.0,78.9,76.3,21.0,40.2,15.1,34.0,11.0,23.0,13.4,13.8,1.066,7.0,23.4,29.738,20.1,38.6,52.412,15.1,20.9,71.93500000000002,2.7,11.1,0.885,3.4,20.5,0.16899999999999998,13.8,3.5,83.7
61,73,2015-01-21,1,2,2014-2015,Pinheiros,Limeira,0,84.1,29.4,39.4,15.3,33.8,9.7,24.1,15.7,14.3,1.208,9.8,26.0,37.618,19.7,37.5,52.351,15.3,20.8,71.877,1.9,9.4,0.7130000000000002,2.4,21.0,0.11299999999999999,14.3,2.4,91.6,83.6,30.0,41.6,12.0,31.0,8.5,22.5,18.7,12.4,1.531,10.0,23.9,42.9,20.8,37.6,54.846000000000004,12.0,14.7,81.236,2.3,9.9,0.796,3.1,20.2,0.148,12.4,2.7,100.5
