placar_casa,placar_visitante,data,round,stage,ano,equipe_casa,equipe_visitante,resultado,Pts_casa,3P_casa,2P_casa,LL_casa,RT_casa,RO_casa,RD_casa,AS_casa,ER_casa,IA%_casa,3PC_casa,3PT_casa,3P%_casa,2PC_casa,2PT_casa,2P%_casa,LLC_casa,LLT_casa,LL%_casa,EN_casa,BR_casa,B/E_casa,TO_casa,FC_casa,T/FC_casa,ET_casa,VI_casa,EF_casa,Pts_visitante,3P_visitante,2P_visitante,LL_visitante,RT_visitante,RO_visitante,RD_visitante,AS_visitante,ER_visitante,IA%_visitante,3PC_visitante,3PT_visitante,3P%_visitante,2PC_visitante,2PT_visitante,2P%_visitante,LLC_visitante,LLT_visitante,LL%_visitante,EN_visitante,BR_visitante,B/E_visitante,TO_visitante,FC_visitante,T/FC_visitante,ET_visitante,VI_visitante,EF_visitante
84,82,2013-11-09,1,1,2013-2014,Flamengo,Brasília,1,0.0,0.0,0.0,0.0,0.0,0.0,0.0,0.0,0.0,0.0,0.0,0.0,0.0,0.0,0.0,0.0,0.0,0.0,0.0,0.0,0.0,0.0,0.0,0.0,0.0,0.0,0.0,0.0,0.0,0.0,0.0,0.0,0.0,0.0,0.0,0.0,0.0,0.0,0.0,0.0,0.0,0.0,0.0,0.0,0.0,0.0,0.0,0.0,0.0,0.0,0.0,0.0,0.0,0.0,0.0,0.0
53,91,2013-11-14,1,1,2013-2014,Pinheiros,Limeira,0,0.0,0.0,0.0,0.0,0.0,0.0,0.0,0.0,0.0,0.0,0.0,0.0,0.0,0.0,0.0,0.0,0.0,0.0,0.0,0.0,0.0,0.0,0.0,0.0,0.0,0.0,0.0,0.0,0.0,0.0,0.0,0.0,0.0,0.0,0.0,0.0,0.0,0.0,0.0,0.0,0.0,0.0,0.0,0.0,0.0,0.0,0.0,0.0,0.0,0.0,0.0,0.0,0.0,0.0,0.0,0.0
84,79,2013-11-14,1,1,2013-2014,Macaé Basquete,Goiânia,1,0.0,0.0,0.0,0.0,0.0,0.0,0.0,0.0,0.0,0.0,0.0,0.0,0.0,0.0,0.0,0.0,0.0,0.0,0.0,0.0,0.0,0.0,0.0,0.0,0.0,0.0,0.0,0.0,0.0,0.0,0.0,0.0,0.0,0.0,0.0,0.0,0.0,0.0,0.0,0.0,0.0,0.0,0.0,0.0,0.0,0.0,0.0,0.0,0.0,0.0,0.0,0.0,0.0,0.0,0.0,0.0
90,52,2013-11-14,1,1,2013-2014,Mogi,Sesi Franca,1,0.0,0.0,0.0,0.0,0.0,0.0,0.0,0.0,0.0,0.0,0.0,0.0,0.0,0.0,0.0,0.0,0.0,0.0,0.0,0.0,0.0,0.0,0.0,0.0,0.0,0.0,0.0,0.0,0.0,0.0,0.0,0.0,0.0,0.0,0.0,0.0,0.0,0.0,0.0,0.0,0.0,0.0,0.0,0.0,0.0,0.0,0.0,0.0,0.0,0.0,0.0,0.0,0.0,0.0,0.0,0.0
74,78,2013-11-14,1,1,2013-2014,Bauru Basket,Palmeiras,0,0.0,0.0,0.0,0.0,0.0,0.0,0.0,0.0,0.0,0.0,0.0,0.0,0.0,0.0,0.0,0.0,0.0,0.0,0.0,0.0,0.0,0.0,0.0,0.0,0.0,0.0,0.0,0.0,0.0,0.0,0.0,0.0,0.0,0.0,0.0,0.0,0.0,0.0,0.0,0.0,0.0,0.0,0.0,0.0,0.0,0.0,0.0,0.0,0.0,0.0,0.0,0.0,0.0,0.0,0.0,0.0
87,72,2013-11-14,1,1,2013-2014,Coop/São José Basketball,L. Sorocabana,1,0.0,0.0,0.0,0.0,0.0,0.0,0.0,0.0,0.0,0.0,0.0,0.0,0.0,0.0,0.0,0.0,0.0,0.0,0.0,0.0,0.0,0.0,0.0,0.0,0.0,0.0,0.0,0.0,0.0,0.0,0.0,0.0,0.0,0.0,0.0,0.0,0.0,0.0,0.0,0.0,0.0,0.0,0.0,0.0,0.0,0.0,0.0,0.0,0.0,0.0,0.0,0.0,0.0,0.0,0.0,0.0
86,96,2013-11-14,1,1,2013-2014,Fortaleza B. C. / CFO,Uberlândia,0,0.0,0.0,0.0,0.0,0.0,0.0,0.0,0.0,0.0,0.0,0.0,0.0,0.0,0.0,0.0,0.0,0.0,0.0,0.0,0.0,0.0,0.0,0.0,0.0,0.0,0.0,0.0,0.0,0.0,0.0,0.0,0.0,0.0,0.0,0.0,0.0,0.0,0.0,0.0,0.0,0.0,0.0,0.0,0.0,0.0,0.0,0.0,0.0,0.0,0.0,0.0,0.0,0.0,0.0,0.0,0.0
79,73,2013-11-16,2,1,2013-2014,Coop/São José Basketball,Paulistano,1,87.0,27.0,44.0,16.0,35.0,14.0,21.0,24.0,16.0,1.5,9.0,16.0,56.25,22.0,43.0,51.16,16.0,25.0,64.0,3.0,12.0,0.75,1.0,11.0,0.09,16.0,7.0,106.0,0.0,0.0,0.0,0.0,0.0,0.0,0.0,0.0,0.0,0.0,0.0,0.0,0.0,0.0,0.0,0.0,0.0,0.0,0.0,0.0,0.0,0.0,0.0,0.0,0.0,0.0,0.0,0.0
83,69,2013-11-16,2,1,2013-2014,Flamengo,Goiânia,1,86.0,27.0,38.0,21.0,41.0,10.0,31.0,11.0,12.0,0.92,9.0,23.0,39.13,19.0,36.0,52.78,21.0,27.0,77.78,1.0,5.0,0.42,0.0,16.0,0.0,12.0,3.0,94.0,79.0,42.0,26.0,11.0,31.0,7.0,24.0,14.0,15.0,0.93,14.0,28.0,50.0,13.0,32.0,40.63,11.0,18.0,61.11,0.0,8.0,0.53,1.0,22.0,0.05,15.0,1.0,78.0
91,97,2013-11-16,2,1,2013-2014,Bauru Basket,Pinheiros,0,74.0,30.0,36.0,8.0,37.0,8.0,29.0,12.0,12.0,1.0,10.0,24.0,41.67,18.0,37.0,48.65,8.0,13.0,61.54,0.0,7.0,0.58,0.0,19.0,0.0,12.0,4.0,80.0,53.0,21.0,20.0,12.0,35.0,10.0,25.0,7.0,15.0,0.47,7.0,24.0,29.17,10.0,38.0,26.32,12.0,17.0,70.59,0.0,10.0,0.67,8.0,18.0,0.44,15.0,2.0,48.0
67,85,2013-11-16,2,1,2013-2014,Palmeiras,Limeira,0,78.0,33.0,22.0,23.0,41.0,13.0,28.0,12.0,9.0,1.33,11.0,30.0,36.67,11.0,31.0,35.48,23.0,28.0,82.14,1.0,8.0,0.89,2.0,17.0,0.12,9.0,2.0,88.0,91.0,36.0,44.0,11.0,49.0,17.0,32.0,21.0,13.0,1.62,12.0,26.0,46.15,22.0,48.0,45.83,11.0,15.0,73.33,6.0,12.0,0.92,2.0,18.0,0.11,13.0,2.0,118.0
80,65,2013-11-16,2,1,2013-2014,Fortaleza B. C. / CFO,Sesi Franca,1,86.0,24.0,56.0,6.0,32.0,16.0,16.0,15.0,5.0,3.0,8.0,22.0,36.36,28.0,54.0,51.85,6.0,10.0,60.0,1.0,11.0,2.2,2.0,21.0,0.1,5.0,1.0,97.0,52.0,3.0,34.0,15.0,26.0,10.0,16.0,6.0,27.0,0.22,1.0,13.0,7.69,17.0,36.0,47.22,15.0,18.0,83.33,0.0,13.0,0.48,1.0,23.0,0.04,27.0,5.0,37.0
71,73,2013-11-16,2,1,2013-2014,Mogi,Uberlândia,0,90.0,21.0,46.0,23.0,42.0,19.0,23.0,19.0,16.0,1.19,7.0,23.0,30.43,23.0,39.0,58.97,23.0,28.0,82.14,2.0,22.0,1.38,0.0,18.0,0.0,16.0,4.0,120.0,96.0,24.0,52.0,20.0,31.0,8.0,23.0,18.0,12.0,1.5,8.0,17.0,47.06,26.0,40.0,65.0,20.0,23.0,86.96,3.0,4.0,0.33,2.0,15.0,0.13,12.0,1.0,113.0
68,67,2013-11-16,2,1,2013-2014,Espírito Santo,Minas,1,0.0,0.0,0.0,0.0,0.0,0.0,0.0,0.0,0.0,0.0,0.0,0.0,0.0,0.0,0.0,0.0,0.0,0.0,0.0,0.0,0.0,0.0,0.0,0.0,0.0,0.0,0.0,0.0,0.0,0.0,0.0,0.0,0.0,0.0,0.0,0.0,0.0,0.0,0.0,0.0,0.0,0.0,0.0,0.0,0.0,0.0,0.0,0.0,0.0,0.0,0.0,0.0,0.0,0.0,0.0,0.0
64,78,2013-11-21,3,1,2013-2014,Goiânia,Mogi,0,74.0,31.5,29.0,13.5,30.0,6.0,24.0,10.5,17.0,0.65,10.5,24.0,42.5,14.5,31.0,46.980000000000004,13.5,19.0,70.555,0.0,8.5,0.5,0.5,20.5,0.025,17.0,1.5,71.0,80.5,18.0,43.0,19.5,42.5,17.0,25.5,15.0,15.5,0.96,6.0,21.5,27.715,21.5,40.0,53.875,19.5,25.5,75.85499999999999,1.0,14.5,0.9249999999999999,1.5,18.0,0.085,15.5,2.0,98.5
82,78,2013-11-21,3,1,2013-2014,Pinheiros,Macaé Basquete,1,75.0,31.5,34.0,9.5,34.5,10.0,24.5,14.5,12.0,1.455,10.5,25.5,40.510000000000005,17.0,40.0,41.730000000000004,9.5,13.5,70.295,1.0,9.5,0.835,5.0,16.5,0.28500000000000003,12.0,1.5,84.5,84.0,33.0,32.0,19.0,38.0,9.0,29.0,16.0,10.0,1.6,11.0,30.0,36.67,16.0,31.0,51.61,19.0,26.0,73.08,1.0,13.0,1.3,0.0,17.0,0.0,10.0,0.0,100.0
87,90,2013-11-21,3,1,2013-2014,Minas,Coop/São José Basketball,0,67.0,6.0,44.0,17.0,30.0,6.0,24.0,6.0,7.0,0.86,2.0,11.0,18.18,22.0,41.0,53.66,17.0,21.0,80.95,2.0,4.0,0.57,2.0,22.0,0.09,7.0,3.0,70.0,83.0,28.5,42.0,12.5,36.5,12.0,24.5,22.0,16.0,1.375,9.5,18.5,51.935,21.0,42.5,49.39,12.5,18.5,69.5,2.0,11.5,0.72,2.5,11.5,0.21000000000000002,16.0,5.0,103.0
56,72,2013-11-21,3,1,2013-2014,Paulistano,Limeira,0,73.0,33.0,36.0,4.0,33.0,8.0,25.0,12.0,15.0,0.8,11.0,25.0,44.0,18.0,41.0,43.9,4.0,8.0,50.0,0.0,11.0,0.73,3.0,15.0,0.2,15.0,3.0,76.0,88.0,30.0,42.0,16.0,44.0,12.5,31.5,17.5,11.5,1.51,10.0,21.5,46.605000000000004,21.0,45.5,46.17,16.0,22.0,72.87,3.5,9.0,0.76,3.0,21.0,0.14,11.5,2.0,108.0
72,85,2013-11-21,3,1,2013-2014,L. Sorocabana,Bauru Basket,0,72.0,33.0,32.0,7.0,24.0,5.0,19.0,17.0,15.0,1.13,11.0,25.0,44.0,16.0,28.0,57.14,7.0,10.0,70.0,1.0,9.0,0.6,3.0,24.0,0.13,15.0,2.0,81.0,82.5,33.0,38.0,11.5,36.5,9.5,27.0,14.5,11.0,1.35,11.0,26.0,42.265,19.0,37.5,50.64,11.5,15.5,72.435,1.0,7.5,0.69,1.0,16.5,0.07,11.0,2.5,93.5
71,84,2013-11-21,3,1,2013-2014,Palmeiras,Flamengo,0,72.5,24.0,29.0,19.5,37.5,12.0,25.5,11.5,8.5,1.355,8.0,26.5,29.205,14.5,35.0,40.815,19.5,27.5,70.7,1.5,7.5,0.885,2.0,19.5,0.105,8.5,1.5,75.5,84.5,30.0,36.0,18.5,38.0,11.5,26.5,14.0,12.5,1.115,10.0,28.0,36.230000000000004,18.0,34.0,52.955,18.5,23.0,80.995,1.0,11.0,0.865,0.5,16.0,0.03,12.5,3.5,97.0
88,75,2013-11-21,3,1,2013-2014,Brasília,Fortaleza B. C. / CFO,1,82.0,30.0,46.0,6.0,33.0,10.0,23.0,15.0,6.0,2.5,10.0,32.0,31.25,23.0,43.0,53.49,6.0,6.0,100.0,0.0,6.0,1.0,1.0,23.0,0.04,6.0,1.0,89.0,83.0,24.0,49.0,10.0,35.5,15.5,20.0,15.5,11.0,1.97,8.0,19.5,41.71,24.5,50.0,48.75,10.0,14.5,66.84,1.0,12.0,1.48,3.0,25.5,0.115,11.0,4.0,96.5
75,63,2013-11-23,4,1,2013-2014,Goiânia,Fortaleza B. C. / CFO,1,70.66666666666667,25.0,32.666666666666664,13.0,33.333333333333336,8.0,25.333333333333332,11.333333333333334,15.0,0.8266666666666667,8.333333333333334,25.0,33.27,16.333333333333332,34.0,47.98666666666667,13.0,18.0,72.03666666666668,0.0,8.666666666666666,0.6066666666666666,1.3333333333333333,21.333333333333332,0.06,15.0,3.3333333333333335,71.0,80.33333333333333,19.0,52.0,9.333333333333334,34.0,13.0,21.0,12.0,9.666666666666666,1.55,6.333333333333333,17.666666666666668,34.949999999999996,26.0,51.666666666666664,50.07666666666666,9.333333333333334,14.0,65.07333333333334,2.0,11.333333333333334,1.4633333333333332,2.6666666666666665,23.666666666666668,0.11,9.666666666666666,3.3333333333333335,89.0
86,79,2013-11-23,4,1,2013-2014,Espírito Santo,Coop/São José Basketball,1,68.0,18.0,32.0,18.0,32.0,9.0,23.0,12.0,7.0,1.71,6.0,22.0,27.27,16.0,31.0,51.61,18.0,24.0,75.0,1.0,3.0,0.43,2.0,21.0,0.1,7.0,2.0,73.0,85.33333333333333,22.0,42.666666666666664,20.666666666666668,42.333333333333336,13.0,29.333333333333332,20.0,16.0,1.25,7.333333333333333,22.0,38.07,21.333333333333332,43.333333333333336,49.223333333333336,20.666666666666668,27.333333333333332,73.74,1.3333333333333333,11.333333333333334,0.71,3.0,15.0,0.20000000000000004,16.0,4.666666666666667,102.66666666666667
74,62,2013-11-23,4,1,2013-2014,Pinheiros,Flamengo,1,77.33333333333333,32.0,36.0,9.333333333333334,33.666666666666664,10.333333333333334,23.333333333333332,15.0,11.666666666666666,1.4533333333333334,10.666666666666666,25.333333333333332,41.67333333333334,18.0,40.666666666666664,43.693333333333335,9.333333333333334,16.333333333333332,60.5,0.6666666666666666,11.0,0.98,5.0,17.666666666666668,0.2733333333333334,11.666666666666666,2.0,86.0,84.33333333333333,27.0,36.666666666666664,20.666666666666668,38.666666666666664,11.0,27.666666666666668,13.333333333333334,13.666666666666666,0.9933333333333333,9.0,25.0,36.43333333333334,18.333333333333332,35.666666666666664,51.54333333333333,20.666666666666668,26.333333333333332,79.25,1.6666666666666667,11.333333333333334,0.8266666666666667,2.3333333333333335,16.666666666666668,0.13,13.666666666666666,2.6666666666666665,97.33333333333333
87,66,2013-11-23,4,1,2013-2014,Paulistano,Bauru Basket,1,64.5,25.5,32.0,7.0,33.5,13.0,20.5,10.0,10.5,1.065,8.5,26.5,32.715,16.0,40.0,39.9,7.0,11.0,60.715,0.5,8.5,0.865,2.5,17.0,0.155,10.5,2.5,62.5,83.33333333333333,33.0,36.0,14.333333333333334,32.333333333333336,8.333333333333334,24.0,13.0,13.0,1.0966666666666667,11.0,22.666666666666668,51.093333333333334,18.0,33.333333333333336,55.093333333333334,14.333333333333334,20.0,71.28,1.3333333333333333,7.666666666666667,0.6166666666666666,1.6666666666666667,17.333333333333332,0.10000000000000002,13.0,2.6666666666666665,92.33333333333333
74,76,2013-11-23,4,1,2013-2014,L. Sorocabana,Limeira,0,72.0,21.0,38.0,13.0,22.5,5.5,17.0,15.0,12.5,1.2149999999999999,7.0,19.0,33.54,19.0,31.5,60.0,13.0,17.0,74.58500000000001,1.5,11.0,0.95,2.0,24.5,0.085,12.5,1.5,81.5,82.66666666666667,27.0,41.333333333333336,14.333333333333334,42.333333333333336,11.333333333333334,31.0,16.666666666666668,12.0,1.39,9.0,20.0,44.796666666666674,20.666666666666668,42.333333333333336,49.300000000000004,14.333333333333334,18.666666666666668,79.13666666666667,2.3333333333333335,7.0,0.5833333333333334,3.6666666666666665,21.333333333333332,0.17,12.0,3.3333333333333335,103.33333333333333
92,85,2013-11-23,4,1,2013-2014,Palmeiras,Macaé Basquete,1,72.0,21.0,33.333333333333336,17.666666666666668,38.0,12.666666666666666,25.333333333333332,11.0,10.666666666666666,1.1266666666666667,7.0,22.666666666666668,30.58,16.666666666666668,40.666666666666664,40.669999999999995,17.666666666666668,27.0,65.08333333333333,2.3333333333333335,9.666666666666666,0.9,3.0,21.333333333333332,0.1366666666666667,10.666666666666666,1.3333333333333333,74.0,81.0,27.0,38.0,16.0,39.0,9.5,29.5,15.0,12.5,1.2650000000000001,9.0,25.0,35.835,19.0,36.0,52.635,16.0,21.5,74.775,1.0,10.5,0.915,1.0,19.5,0.045,12.5,0.0,95.5
78,85,2013-11-23,4,1,2013-2014,Brasília,Mogi,0,85.0,27.0,46.0,12.0,36.5,9.0,27.5,12.5,9.5,1.635,9.0,25.5,36.68,23.0,43.5,52.88,12.0,13.5,92.85499999999999,0.0,5.0,0.655,0.5,20.5,0.02,9.5,1.0,91.5,79.66666666666667,21.0,38.0,20.666666666666668,41.666666666666664,14.666666666666666,27.0,13.0,15.0,0.8533333333333334,7.0,23.666666666666668,29.189999999999998,19.0,37.333333333333336,50.5,20.666666666666668,26.666666666666668,77.00666666666666,0.6666666666666666,10.333333333333334,0.6633333333333332,1.6666666666666667,18.0,0.09333333333333334,15.0,2.0,90.33333333333333
92,75,2013-11-23,4,1,2013-2014,Sesi Franca,Uberlândia,1,58.5,3.0,33.0,22.5,28.0,11.5,16.5,8.5,22.0,0.435,1.0,11.0,9.4,16.5,37.5,44.125,22.5,28.5,80.125,0.5,11.0,0.505,2.5,21.5,0.12000000000000001,22.0,4.0,49.5,84.5,21.0,45.0,18.5,32.5,8.5,24.0,16.0,11.5,1.385,7.0,19.0,37.815,22.5,41.5,54.595,18.5,21.5,85.97999999999999,3.0,9.0,0.8,3.0,18.5,0.155,11.5,2.0,99.5
68,80,2013-11-28,5,1,2013-2014,Macaé Basquete,Paulistano,0,82.33333333333333,26.0,37.333333333333336,19.0,37.0,11.0,26.0,14.666666666666666,13.0,1.1766666666666667,8.666666666666666,24.0,36.01,18.666666666666668,38.333333333333336,49.04333333333333,19.0,27.0,71.78000000000002,1.3333333333333333,10.666666666666666,0.8733333333333334,1.0,21.0,0.043333333333333335,13.0,1.3333333333333333,89.66666666666667,72.0,27.0,35.333333333333336,9.666666666666666,34.0,11.666666666666666,22.333333333333332,10.0,13.666666666666666,0.8766666666666666,9.0,24.333333333333332,38.47666666666667,17.666666666666668,38.666666666666664,46.04333333333333,9.666666666666666,12.333333333333334,73.81,0.6666666666666666,8.0,0.6933333333333334,2.0,19.333333333333332,0.11666666666666665,13.666666666666666,3.0,73.33333333333333
93,97,2013-11-28,5,1,2013-2014,Uberlândia,Goiânia,0,81.33333333333333,19.0,45.333333333333336,17.0,30.666666666666668,8.333333333333334,22.333333333333332,15.0,12.0,1.2566666666666666,6.333333333333333,17.666666666666668,36.32,22.666666666666668,43.0,53.06333333333333,17.0,19.666666666666668,86.48666666666666,3.0,8.666666666666666,0.7400000000000001,3.0,20.333333333333332,0.14666666666666667,12.0,2.6666666666666665,92.33333333333333,71.75,23.25,35.0,13.5,34.0,7.5,26.5,10.75,15.75,0.745,7.75,22.0,36.49,17.5,34.75,50.18,13.5,18.75,71.885,0.25,8.25,0.5525,1.75,21.0,0.08249999999999999,15.75,3.5,74.0
70,69,2013-11-28,5,1,2013-2014,Fortaleza B. C. / CFO,Palmeiras,1,76.0,16.5,49.5,10.0,32.0,12.25,19.75,11.25,9.5,1.4125,5.5,18.5,29.784999999999997,24.75,49.5,49.7675,10.0,14.25,68.805,1.5,11.5,1.43,2.5,22.25,0.11,9.5,3.0,81.75,77.0,22.5,34.5,20.0,37.75,12.0,25.75,11.75,12.5,1.04,7.5,22.75,32.7175,17.25,37.75,46.88249999999999,20.0,29.5,67.055,2.25,9.0,0.7725000000000001,3.0,23.0,0.13,12.5,2.0,80.75
80,88,2013-11-28,5,1,2013-2014,Mogi,Pinheiros,0,81.0,23.25,39.5,18.25,39.75,13.0,26.75,12.75,14.75,0.855,7.75,22.0,36.5975,19.75,39.75,49.5775,18.25,23.5,77.3975,0.5,10.5,0.695,1.75,19.25,0.0925,14.75,2.0,91.5,76.5,30.75,37.0,8.75,33.75,9.5,24.25,15.0,11.0,1.5075,10.25,25.5,39.910000000000004,18.5,40.0,45.9275,8.75,15.0,61.285,1.0,10.5,0.985,5.0,17.25,0.28250000000000003,11.0,1.5,86.75
83,53,2013-11-28,5,1,2013-2014,Limeira,Espírito Santo,1,81.0,25.5,42.5,13.0,38.25,9.25,29.0,17.0,12.5,1.365,8.5,19.25,43.892500000000005,21.25,41.5,51.7175,13.0,17.0,78.1025,1.75,7.75,0.615,3.5,21.25,0.1625,12.5,3.0,100.0,77.0,27.0,34.0,16.0,31.5,9.5,22.0,13.0,7.0,1.855,9.0,26.5,32.99,17.0,34.0,50.129999999999995,16.0,20.5,78.675,3.0,6.0,0.86,1.5,22.0,0.07,7.0,1.0,83.0
95,72,2013-11-28,5,1,2013-2014,Flamengo,L. Sorocabana,1,78.75,22.5,38.5,17.75,39.25,11.75,27.5,13.5,13.5,1.0150000000000001,7.5,24.25,30.735000000000003,19.25,38.25,50.614999999999995,17.75,22.0,84.4375,2.75,10.25,0.755,2.25,17.5,0.1225,13.5,2.75,90.5,72.66666666666667,20.0,40.0,12.666666666666666,26.666666666666668,7.666666666666667,19.0,13.333333333333334,12.666666666666666,1.0666666666666667,6.666666666666667,20.666666666666668,30.69333333333333,20.0,32.333333333333336,61.56999999999999,12.666666666666666,18.333333333333332,68.77,1.3333333333333333,11.333333333333334,0.94,2.6666666666666665,23.0,0.12333333333333334,12.666666666666666,2.0,82.0
94,97,2013-11-30,6,1,2013-2014,Fortaleza B. C. / CFO,Pinheiros,0,74.8,15.6,48.0,11.2,31.0,11.4,19.6,11.2,10.6,1.2760000000000002,5.2,18.2,28.534,24.0,47.2,50.866,11.2,15.6,70.28200000000001,1.6,12.2,1.3439999999999999,2.0,20.8,0.088,10.6,3.8,80.0,78.8,30.0,37.6,11.2,33.8,9.2,24.6,15.2,10.6,1.562,10.0,26.4,37.928000000000004,18.8,38.6,48.864,11.2,17.4,64.58399999999999,1.2,10.8,1.0539999999999998,5.0,18.0,0.274,10.6,1.2,90.6
74,66,2013-11-30,6,1,2013-2014,Limeira,Minas,1,81.4,25.8,43.2,12.4,37.2,8.2,29.0,17.4,11.6,1.568,8.6,18.8,45.702000000000005,21.6,40.6,53.806,12.4,16.8,74.982,2.2,8.4,0.768,3.4,20.8,0.162,11.6,2.6,102.6,77.0,15.0,46.0,16.0,35.5,6.0,29.5,13.5,11.5,1.085,5.0,17.5,25.755,23.0,47.0,49.47,16.0,21.5,74.565,2.0,7.0,0.6,3.5,26.5,0.125,11.5,2.5,83.0
91,67,2013-11-30,6,1,2013-2014,Macaé Basquete,L. Sorocabana,1,78.75,22.5,40.0,16.25,35.0,10.75,24.25,12.75,12.0,1.0775000000000001,7.5,22.5,32.5625,20.0,39.75,50.42,16.25,22.25,78.83500000000001,1.0,9.25,0.795,1.0,21.0,0.045,12.0,1.5,84.0,72.5,17.25,42.5,12.75,26.25,7.5,18.75,11.75,10.75,1.15,5.75,19.0,28.377499999999998,21.25,35.0,60.71249999999999,12.75,19.5,65.7075,1.0,10.0,1.005,2.0,23.25,0.0925,10.75,1.75,78.0
80,58,2013-11-30,6,1,2013-2014,Flamengo,Paulistano,1,82.0,22.8,39.6,19.6,38.6,11.8,26.8,14.8,13.0,1.1760000000000002,7.6,23.6,32.208000000000006,19.8,38.2,52.06999999999999,19.6,24.6,82.978,3.0,8.6,0.64,2.6,19.4,0.128,13.0,2.8,94.2,74.0,26.25,37.5,10.25,31.5,10.25,21.25,9.75,12.0,0.98,8.75,24.25,37.19,18.75,38.0,49.81,10.25,13.5,73.005,0.5,7.75,0.77,1.5,20.0,0.0875,12.0,2.25,74.5
61,63,2013-11-30,6,1,2013-2014,Sesi Franca,Goiânia,0,69.66666666666667,8.0,39.333333333333336,22.333333333333332,32.0,12.666666666666666,19.333333333333332,12.0,18.0,0.9233333333333333,2.6666666666666665,13.0,18.03,19.666666666666668,40.333333333333336,48.25666666666667,22.333333333333332,30.0,75.64,1.0,10.333333333333334,0.6366666666666667,3.6666666666666665,18.666666666666668,0.23333333333333336,18.0,3.0,71.0,76.8,27.0,35.6,14.2,33.6,8.2,25.4,12.2,14.4,0.9960000000000001,9.0,23.2,39.192,17.8,34.0,52.402,14.2,19.8,71.674,0.4,7.8,0.576,1.4,22.0,0.06599999999999999,14.4,3.0,81.4
89,69,2013-11-30,6,1,2013-2014,Mogi,Palmeiras,1,80.8,22.2,40.8,17.8,39.6,12.8,26.8,12.8,14.6,0.8699999999999999,7.4,21.6,35.278,20.4,40.6,50.116,17.8,23.6,75.252,1.4,10.0,0.6699999999999999,1.4,19.6,0.074,14.6,2.0,89.8,75.4,22.8,34.8,17.8,36.4,11.4,25.0,13.0,14.4,0.9960000000000001,7.6,23.2,32.574,17.4,35.8,50.364,17.8,25.6,71.644,2.8,8.8,0.6900000000000001,2.6,22.2,0.11400000000000002,14.4,3.0,80.0
75,70,2013-12-03,5,1,2013-2014,Sesi Franca,Brasília,1,67.5,8.25,40.5,18.75,34.25,12.5,21.75,11.5,17.25,0.86,2.75,14.0,17.935000000000002,20.25,41.75,48.150000000000006,18.75,25.25,74.91250000000001,0.75,9.75,0.6100000000000001,3.5,18.0,0.22250000000000003,17.25,3.25,70.0,82.66666666666667,27.0,42.666666666666664,13.0,34.666666666666664,8.0,26.666666666666668,13.666666666666666,11.333333333333334,1.4466666666666665,9.0,26.333333333333332,35.166666666666664,21.333333333333332,39.0,55.25333333333333,13.0,15.0,89.67999999999999,0.6666666666666666,7.0,0.68,2.0,19.333333333333332,0.10999999999999999,11.333333333333334,2.0,91.66666666666667
76,84,2013-12-05,7,1,2013-2014,Pinheiros,Uberlândia,0,81.83333333333333,30.5,38.666666666666664,12.666666666666666,34.833333333333336,8.833333333333334,26.0,15.333333333333334,11.5,1.4683333333333335,10.166666666666666,26.0,39.245000000000005,19.333333333333332,38.666666666666664,50.12166666666667,12.666666666666666,18.333333333333332,68.31333333333332,1.6666666666666667,9.666666666666666,0.9199999999999999,4.333333333333333,17.666666666666668,0.23833333333333337,11.5,1.5,93.66666666666667,84.25,23.25,44.0,17.0,29.75,8.75,21.0,17.0,10.75,1.7650000000000001,7.75,19.0,40.2825,22.0,40.75,54.5025,17.0,21.25,81.21,2.5,8.5,0.8400000000000001,2.5,20.5,0.1225,10.75,2.25,97.0
76,82,2013-12-05,7,1,2013-2014,Coop/São José Basketball,Limeira,0,83.75,22.5,41.0,20.25,39.75,11.5,28.25,16.75,15.5,1.0625,7.5,21.75,38.0775,20.5,41.25,49.775000000000006,20.25,26.0,76.895,1.25,10.25,0.6575,2.75,15.25,0.18250000000000002,15.5,4.75,97.0,80.16666666666667,26.0,41.666666666666664,12.5,35.833333333333336,8.5,27.333333333333332,17.333333333333332,11.333333333333334,1.5899999999999999,8.666666666666666,18.666666666666668,46.41833333333333,20.833333333333332,39.833333333333336,52.708333333333336,12.5,17.0,74.52166666666666,2.1666666666666665,8.166666666666666,0.7566666666666667,2.8333333333333335,20.5,0.135,11.333333333333334,2.6666666666666665,99.5
65,89,2013-12-05,7,1,2013-2014,Espírito Santo,Macaé Basquete,0,69.0,25.0,29.333333333333332,14.666666666666666,31.0,9.666666666666666,21.333333333333332,12.666666666666666,8.666666666666666,1.57,8.333333333333334,23.0,36.57666666666667,14.666666666666666,34.666666666666664,42.68,14.666666666666666,19.0,77.45,2.0,5.666666666666667,0.7133333333333334,1.6666666666666667,21.0,0.08333333333333333,8.666666666666666,1.0,72.33333333333333,81.2,23.4,40.8,17.0,32.8,10.4,22.4,12.6,11.0,1.2040000000000002,7.8,22.6,33.876,20.4,39.2,52.227999999999994,17.0,22.0,82.11600000000001,0.8,10.2,1.036,1.0,20.2,0.048,11.0,1.2,88.2
84,66,2013-12-05,7,1,2013-2014,Minas,Flamengo,1,73.33333333333333,17.0,41.333333333333336,15.0,32.333333333333336,5.666666666666667,26.666666666666668,14.0,11.333333333333334,1.1766666666666667,5.666666666666667,16.333333333333332,33.836666666666666,20.666666666666668,41.0,51.370000000000005,15.0,20.0,75.2,1.3333333333333333,6.333333333333333,0.5499999999999999,2.6666666666666665,24.666666666666668,0.09999999999999999,11.333333333333334,3.0,81.33333333333333,81.66666666666667,22.5,40.0,19.166666666666668,38.666666666666664,11.333333333333334,27.333333333333332,14.0,13.5,1.0850000000000002,7.5,23.5,31.911666666666672,20.0,38.333333333333336,52.36666666666667,19.166666666666668,24.166666666666668,82.02666666666666,2.5,9.0,0.6483333333333333,2.6666666666666665,19.166666666666668,0.135,13.5,2.5,93.16666666666667
93,89,2013-12-05,7,1,2013-2014,Paulistano,Mogi,1,70.8,25.8,34.8,10.2,31.8,9.6,22.2,9.6,12.4,0.9119999999999999,8.6,24.4,36.152,17.4,36.6,47.59,10.2,14.0,70.904,0.4,8.8,0.8019999999999999,1.6,20.0,0.09,12.4,2.2,71.4,82.16666666666667,23.0,40.666666666666664,18.5,39.333333333333336,12.833333333333334,26.5,14.333333333333334,14.833333333333334,0.955,7.666666666666667,21.666666666666668,36.21666666666666,20.333333333333332,39.666666666666664,51.28666666666667,18.5,24.333333333333332,75.80499999999999,1.6666666666666667,10.333333333333334,0.6833333333333332,1.5,20.166666666666668,0.07666666666666666,14.833333333333334,2.3333333333333335,93.66666666666667
92,83,2013-12-05,7,1,2013-2014,L. Sorocabana,Fortaleza B. C. / CFO,1,71.4,19.2,40.0,12.2,26.6,8.2,18.4,11.0,12.4,1.004,6.4,19.6,30.883999999999997,20.0,33.8,58.91399999999999,12.2,18.6,65.9,0.8,9.4,0.8779999999999999,1.8,22.4,0.08399999999999999,12.4,2.4,74.4,78.0,18.0,49.333333333333336,10.666666666666666,31.833333333333332,11.333333333333334,20.5,12.666666666666666,10.0,1.54,6.0,19.333333333333332,30.444999999999997,24.666666666666668,48.5,50.873333333333335,10.666666666666666,15.166666666666666,68.825,2.1666666666666665,12.0,1.3816666666666666,1.6666666666666667,21.0,0.07333333333333333,10.0,3.6666666666666665,84.5
89,84,2013-12-06,7,1,2013-2014,Palmeiras,Sesi Franca,1,74.33333333333333,21.5,35.666666666666664,17.166666666666668,36.666666666666664,13.333333333333334,23.333333333333332,13.166666666666666,14.666666666666666,0.9766666666666667,7.166666666666667,23.0,30.933333333333334,17.833333333333332,38.0,48.77333333333333,17.166666666666668,24.666666666666668,71.37,2.6666666666666665,8.833333333333334,0.6683333333333333,2.5,22.333333333333332,0.11,14.666666666666666,3.0,77.33333333333333,69.0,10.8,39.6,18.6,35.8,12.4,23.4,12.0,16.6,0.8879999999999999,3.6,15.4,21.014000000000003,19.8,41.8,47.092000000000006,18.6,25.4,73.77600000000001,0.8,10.2,0.66,3.2,18.2,0.20000000000000004,16.6,2.6,73.0
96,87,2013-12-07,8,1,2013-2014,Pinheiros,Sesi Franca,1,81.0,30.857142857142858,37.42857142857143,12.714285714285714,34.142857142857146,8.857142857142858,25.285714285714285,14.857142857142858,12.142857142857142,1.3657142857142859,10.285714285714286,26.571428571428573,38.877142857142864,18.714285714285715,37.285714285714285,50.35000000000001,12.714285714285714,18.428571428571427,68.32857142857142,1.7142857142857142,9.714285714285714,0.8785714285714284,4.428571428571429,17.285714285714285,0.25142857142857145,12.142857142857142,2.0,91.42857142857143,71.5,12.0,41.333333333333336,18.166666666666668,34.5,11.0,23.5,13.0,16.833333333333332,0.9066666666666666,4.0,15.333333333333334,24.17833333333333,20.666666666666668,42.166666666666664,48.71333333333334,18.166666666666668,24.5,74.81333333333335,1.0,10.0,0.6333333333333334,3.1666666666666665,19.333333333333332,0.18666666666666668,16.833333333333332,2.6666666666666665,76.16666666666667
72,101,2013-12-07,8,1,2013-2014,Goiânia,Brasília,0,74.5,26.0,35.333333333333336,13.166666666666666,33.833333333333336,7.833333333333333,26.0,12.0,14.0,0.9833333333333334,8.666666666666666,23.833333333333332,36.98166666666667,17.666666666666668,33.333333333333336,53.11333333333334,13.166666666666666,18.666666666666668,69.985,0.3333333333333333,8.333333333333334,0.6333333333333333,1.3333333333333333,22.0,0.06333333333333332,14.0,3.1666666666666665,79.66666666666667,79.5,27.75,40.0,11.75,34.25,7.0,27.25,12.75,13.0,1.225,9.25,27.25,34.707499999999996,20.0,36.75,54.772499999999994,11.75,14.25,83.9275,1.0,8.5,0.69,1.75,19.5,0.09499999999999999,13.0,2.75,86.5
78,88,2013-12-07,8,1,2013-2014,Coop/São José Basketball,Bauru Basket,0,82.2,21.6,40.8,19.8,38.2,11.4,26.8,15.0,15.2,0.9640000000000001,7.2,21.6,36.176,20.4,41.0,49.82000000000001,19.8,24.6,80.464,1.2,9.0,0.584,2.6,15.0,0.17400000000000002,15.2,4.6,92.0,79.0,29.25,35.5,14.25,30.25,8.25,22.0,12.5,13.25,1.02,9.75,23.0,44.57,17.75,33.25,54.2,14.25,19.75,71.88,1.25,9.25,0.7124999999999999,2.25,17.75,0.1275,13.25,3.0,85.75
67,65,2013-12-07,8,1,2013-2014,Minas,Macaé Basquete,1,76.0,18.75,43.5,13.75,32.0,7.0,25.0,15.5,11.0,1.3825,6.25,16.25,37.8775,21.75,42.5,51.825,13.75,19.5,70.28999999999999,2.0,8.0,0.7375,3.25,24.75,0.125,11.0,2.25,87.25,82.5,23.0,43.333333333333336,16.166666666666668,34.5,10.666666666666666,23.833333333333332,13.166666666666666,11.666666666666666,1.1816666666666669,7.666666666666667,21.5,35.52166666666667,21.666666666666668,41.0,52.85666666666666,16.166666666666668,21.166666666666668,80.19500000000001,0.6666666666666666,10.333333333333334,0.985,1.0,19.833333333333332,0.049999999999999996,11.666666666666666,1.1666666666666667,91.66666666666667
94,79,2013-12-07,8,1,2013-2014,Paulistano,Fortaleza B. C. / CFO,1,74.5,27.5,34.666666666666664,12.333333333333334,31.833333333333332,8.666666666666666,23.166666666666668,10.666666666666666,12.166666666666666,1.0016666666666667,9.166666666666666,24.333333333333332,38.46,17.333333333333332,36.0,48.245000000000005,12.333333333333334,16.5,72.30499999999999,0.3333333333333333,8.666666666666666,0.79,1.5,21.333333333333332,0.08166666666666665,12.166666666666666,2.0,77.0,78.71428571428571,18.857142857142858,48.0,11.857142857142858,31.428571428571427,10.857142857142858,20.571428571428573,12.571428571428571,10.857142857142858,1.4271428571428573,6.285714285714286,19.571428571428573,31.538571428571426,24.0,46.714285714285715,51.542857142857144,11.857142857142858,16.571428571428573,69.85000000000001,2.0,11.428571428571429,1.2557142857142856,1.7142857142857142,21.285714285714285,0.07571428571428572,10.857142857142858,3.4285714285714284,84.28571428571429
81,79,2013-12-07,8,1,2013-2014,L. Sorocabana,Mogi,1,74.83333333333333,19.5,41.333333333333336,14.0,27.666666666666668,8.666666666666666,19.0,11.5,11.666666666666666,1.1283333333333332,6.5,19.333333333333332,32.218333333333334,20.666666666666668,36.166666666666664,57.42833333333332,14.0,19.833333333333332,69.66,1.3333333333333333,10.0,1.0033333333333332,2.1666666666666665,22.333333333333332,0.09999999999999999,11.666666666666666,2.0,80.33333333333333,83.14285714285714,23.142857142857142,40.285714285714285,19.714285714285715,38.57142857142857,12.0,26.571428571428573,14.857142857142858,14.285714285714286,1.0528571428571427,7.714285714285714,21.571428571428573,36.48571428571428,20.142857142857142,39.142857142857146,51.5,19.714285714285715,26.0,75.68999999999998,1.4285714285714286,10.142857142857142,0.7028571428571428,1.8571428571428572,20.714285714285715,0.09,14.285714285714286,2.142857142857143,95.14285714285714
68,64,2013-12-07,8,1,2013-2014,Palmeiras,Uberlândia,1,76.42857142857143,20.142857142857142,38.0,18.285714285714285,37.0,13.285714285714286,23.714285714285715,13.0,14.285714285714286,0.9800000000000001,6.714285714285714,23.0,28.99857142857143,19.0,38.42857142857143,50.86428571428571,18.285714285714285,26.0,71.67857142857143,3.0,9.428571428571429,0.7271428571428571,2.7142857142857144,23.0,0.11571428571428573,14.285714285714286,2.5714285714285716,80.85714285714286,84.2,23.4,46.0,14.8,31.6,9.4,22.2,17.0,11.8,1.624,7.8,19.6,39.498000000000005,23.0,42.2,54.852,14.8,18.4,82.10999999999999,3.4,9.0,0.8100000000000002,2.4,19.4,0.124,11.8,3.0,97.8
60,77,2013-12-07,8,1,2013-2014,Espírito Santo,Flamengo,0,68.0,25.5,28.5,14.0,29.25,8.25,21.0,11.5,10.0,1.32,8.5,25.0,34.69,14.25,32.25,45.01,14.0,18.75,74.755,1.75,7.5,0.7675000000000001,1.25,19.75,0.0625,10.0,1.25,68.25,79.42857142857143,21.0,38.57142857142857,19.857142857142858,37.42857142857143,11.0,26.428571428571427,13.571428571428571,14.428571428571429,1.0085714285714287,7.0,21.714285714285715,32.547142857142866,19.285714285714285,38.0,50.83857142857143,19.857142857142858,25.142857142857142,81.36857142857141,2.2857142857142856,9.142857142857142,0.6271428571428572,2.857142857142857,19.857142857142858,0.14,14.428571428571429,2.4285714285714284,89.28571428571429
95,81,2013-12-09,6,1,2013-2014,Uberlândia,Brasília,1,80.83333333333333,22.5,43.666666666666664,14.666666666666666,32.5,9.0,23.5,16.666666666666668,11.666666666666666,1.58,7.5,19.5,38.178333333333335,21.833333333333332,42.0,52.21333333333333,14.666666666666666,18.0,83.00833333333333,3.5,8.0,0.7200000000000001,2.1666666666666665,19.333333333333332,0.11166666666666668,11.666666666666666,2.8333333333333335,93.0,83.8,33.0,39.6,11.2,32.8,6.4,26.4,14.2,11.6,1.6460000000000001,11.0,27.2,41.1,19.8,34.4,59.017999999999994,11.2,14.2,80.0,0.8,7.8,0.718,1.6,18.0,0.092,11.6,2.4,94.8
80,73,2013-12-11,9,1,2013-2014,Sesi Franca,L. Sorocabana,1,73.71428571428571,14.571428571428571,41.142857142857146,18.0,34.0,11.142857142857142,22.857142857142858,13.714285714285714,16.857142857142858,0.9285714285714286,4.857142857142857,16.285714285714285,27.217142857142854,20.571428571428573,41.42857142857143,49.47571428571429,18.0,24.142857142857142,75.16428571428573,0.8571428571428571,9.857142857142858,0.6185714285714285,3.0,19.0,0.17714285714285719,16.857142857142858,2.857142857142857,79.0,75.71428571428571,20.142857142857142,40.285714285714285,15.285714285714286,28.857142857142858,9.142857142857142,19.714285714285715,11.714285714285714,11.571428571428571,1.1357142857142857,6.714285714285714,19.428571428571427,33.33,20.142857142857142,36.142857142857146,55.96999999999999,15.285714285714286,20.857142857142858,71.87857142857142,1.1428571428571428,9.428571428571429,0.9385714285714285,2.142857142857143,23.285714285714285,0.09571428571428571,11.571428571428571,2.142857142857143,82.0
81,77,2013-12-12,9,1,2013-2014,Goiânia,Palmeiras,1,74.14285714285714,26.571428571428573,34.57142857142857,13.0,31.142857142857142,7.571428571428571,23.571428571428573,12.142857142857142,12.857142857142858,1.1528571428571428,8.857142857142858,23.428571428571427,38.50142857142857,17.285714285714285,33.714285714285715,51.478571428571435,13.0,18.0,72.23142857142857,0.8571428571428571,7.857142857142857,0.6614285714285714,1.2857142857142858,21.714285714285715,0.06142857142857142,12.857142857142858,2.857142857142857,77.71428571428571,75.375,21.375,36.5,17.5,37.375,12.75,24.625,13.25,13.375,1.125,7.125,23.125,30.582500000000003,18.25,38.25,48.89874999999999,17.5,25.0,71.0525,2.625,9.125,0.76125,2.625,22.5,0.115,13.375,2.625,80.875
82,85,2013-12-12,9,1,2013-2014,Macaé Basquete,Coop/São José Basketball,0,80.0,22.285714285714285,41.142857142857146,16.571428571428573,33.57142857142857,9.571428571428571,24.0,13.285714285714286,12.428571428571429,1.1300000000000001,7.428571428571429,21.0,35.208571428571425,20.571428571428573,39.285714285714285,52.202857142857134,16.571428571428573,21.857142857142858,79.17857142857144,0.5714285714285714,10.142857142857142,0.92,1.0,20.285714285714285,0.048571428571428564,12.428571428571429,1.4285714285714286,88.0,81.5,21.5,41.333333333333336,18.666666666666668,37.333333333333336,11.0,26.333333333333332,15.166666666666666,15.0,0.9933333333333333,7.166666666666667,22.5,34.468333333333334,20.666666666666668,40.5,51.165,18.666666666666668,23.166666666666668,80.595,1.1666666666666667,9.166666666666666,0.605,2.6666666666666665,14.5,0.18666666666666668,15.0,4.0,91.16666666666667
80,81,2013-12-12,9,1,2013-2014,Uberlândia,Paulistano,0,82.85714285714286,24.428571428571427,44.0,14.428571428571429,33.42857142857143,9.142857142857142,24.285714285714285,16.857142857142858,11.571428571428571,1.5885714285714287,8.142857142857142,20.142857142857142,39.86714285714286,22.0,42.285714285714285,52.22142857142857,14.428571428571429,18.285714285714285,80.43571428571428,3.2857142857142856,8.142857142857142,0.7342857142857143,2.142857142857143,19.571428571428573,0.11,11.571428571428571,2.857142857142857,95.71428571428571,77.28571428571429,27.428571428571427,35.714285714285715,14.142857142857142,32.0,9.285714285714286,22.714285714285715,11.571428571428571,12.285714285714286,1.0457142857142858,9.142857142857142,24.428571428571427,38.10857142857143,17.857142857142858,36.142857142857146,49.46142857142858,14.142857142857142,18.142857142857142,74.73142857142857,0.2857142857142857,8.857142857142858,0.7871428571428571,1.5714285714285714,20.857142857142858,0.08571428571428572,12.285714285714286,1.8571428571428572,81.42857142857143
94,76,2013-12-12,9,1,2013-2014,Mogi,Espírito Santo,1,82.625,22.125,40.25,20.25,37.625,11.875,25.75,14.5,13.5,1.10875,7.375,20.375,37.13375,20.125,39.625,50.87625,20.25,26.875,75.32,1.375,9.875,0.74,1.875,21.125,0.08875,13.5,2.125,93.875,66.4,24.6,27.2,14.6,29.8,9.4,20.4,10.0,10.0,1.1360000000000001,8.2,25.2,33.136,13.6,32.0,43.104,14.6,20.8,71.52799999999999,1.6,7.8,0.794,1.0,18.8,0.05,10.0,1.8,63.4
84,82,2013-12-12,9,1,2013-2014,Brasília,Pinheiros,1,83.33333333333333,32.5,39.333333333333336,11.5,32.5,6.166666666666667,26.333333333333332,14.833333333333334,11.666666666666666,1.6216666666666668,10.833333333333334,27.5,39.99666666666666,19.666666666666668,34.333333333333336,58.495,11.5,14.5,80.20833333333333,0.6666666666666666,7.5,0.6816666666666666,1.6666666666666667,18.666666666666668,0.09166666666666666,11.666666666666666,2.1666666666666665,93.83333333333333,82.875,31.125,39.25,12.5,33.25,8.875,24.375,15.125,12.375,1.34625,10.375,25.875,40.565000000000005,19.625,37.875,51.79375,12.5,17.875,69.60874999999999,2.0,10.0,0.87625,4.0,17.875,0.22625000000000003,12.375,2.25,93.75
60,71,2013-12-12,9,1,2013-2014,Fortaleza B. C. / CFO,Minas,0,78.75,19.125,48.25,11.375,31.25,10.875,20.375,12.5,11.0,1.37375,6.375,19.625,31.971249999999998,24.125,46.25,52.3675,11.375,15.875,70.21000000000001,2.0,10.875,1.17125,2.0,22.0,0.085,11.0,3.125,84.5,74.2,15.6,44.0,14.6,32.0,6.4,25.6,14.8,12.0,1.256,5.2,15.6,31.839999999999996,22.0,41.8,53.254,14.6,19.6,74.232,2.2,7.6,0.666,3.0,25.0,0.11599999999999999,12.0,2.4,84.4
70,60,2013-12-14,10,1,2013-2014,Mogi,Minas,1,83.88888888888889,21.333333333333332,42.0,20.555555555555557,37.77777777777778,11.666666666666666,26.11111111111111,15.11111111111111,13.11111111111111,1.2077777777777776,7.111111111111111,19.555555555555557,37.28111111111111,21.0,40.666666666666664,51.57222222222222,20.555555555555557,26.666666666666668,77.17333333333333,1.3333333333333333,9.666666666666666,0.7466666666666666,1.7777777777777777,21.555555555555557,0.08333333333333333,13.11111111111111,2.0,96.88888888888889,73.66666666666667,14.0,44.0,15.666666666666666,32.333333333333336,6.666666666666667,25.666666666666668,14.333333333333334,12.166666666666666,1.2,4.666666666666667,15.0,29.311666666666667,22.0,41.666666666666664,53.32166666666666,15.666666666666666,21.833333333333332,72.46666666666665,2.3333333333333335,8.5,0.7216666666666667,2.8333333333333335,25.333333333333332,0.10833333333333332,12.166666666666666,2.8333333333333335,83.33333333333333
74,88,2013-12-14,10,1,2013-2014,Goiânia,Pinheiros,0,75.0,25.125,36.0,13.875,31.75,8.25,23.5,12.75,12.875,1.1725,8.375,23.0,36.81375,18.0,34.75,51.88875,13.875,18.75,73.61875,0.875,7.125,0.5975,1.125,21.875,0.05374999999999999,12.875,3.25,78.625,82.77777777777777,32.333333333333336,38.22222222222222,12.222222222222221,33.44444444444444,8.777777777777779,24.666666666666668,15.222222222222221,12.333333333333334,1.3444444444444443,10.777777777777779,25.88888888888889,42.04111111111112,19.11111111111111,37.888888888888886,50.42444444444445,12.222222222222221,17.333333333333332,70.42111111111109,2.2222222222222223,9.88888888888889,0.8622222222222222,3.7777777777777777,17.88888888888889,0.21333333333333337,12.333333333333334,2.111111111111111,93.77777777777777
71,77,2013-12-14,10,1,2013-2014,Brasília,Palmeiras,0,83.42857142857143,33.857142857142854,38.857142857142854,10.714285714285714,32.42857142857143,5.857142857142857,26.571428571428573,15.0,11.571428571428571,1.5971428571428572,11.285714285714286,28.142857142857142,40.53285714285715,19.428571428571427,33.857142857142854,58.43285714285714,10.714285714285714,13.714285714285714,78.27428571428571,1.0,7.571428571428571,0.6885714285714286,1.8571428571428572,18.142857142857142,0.10714285714285714,11.571428571428571,2.142857142857143,94.42857142857143,75.55555555555556,22.0,36.22222222222222,17.333333333333332,37.111111111111114,12.777777777777779,24.333333333333332,14.11111111111111,13.444444444444445,1.1666666666666667,7.333333333333333,24.22222222222222,30.214444444444446,18.11111111111111,37.77777777777778,49.021111111111104,17.333333333333332,24.88888888888889,70.56555555555555,2.5555555555555554,8.88888888888889,0.7322222222222222,2.7777777777777777,22.333333333333332,0.12333333333333335,13.444444444444445,3.6666666666666665,80.88888888888889
59,81,2013-12-14,10,1,2013-2014,Flamengo,Coop/São José Basketball,0,79.125,21.75,39.0,18.375,38.0,11.375,26.625,13.75,14.25,1.02625,7.25,22.25,32.806250000000006,19.5,37.625,51.98375,18.375,24.125,77.07999999999998,2.375,8.75,0.6062500000000001,3.125,19.75,0.15500000000000003,14.25,2.625,89.625,82.0,21.428571428571427,41.42857142857143,19.142857142857142,38.57142857142857,11.571428571428571,27.0,14.857142857142858,14.714285714285714,0.9942857142857143,7.142857142857143,22.714285714285715,33.71142857142858,20.714285714285715,40.285714285714285,51.548571428571435,19.142857142857142,23.857142857142858,80.30571428571429,1.0,8.0,0.53,2.4285714285714284,14.571428571428571,0.17,14.714285714285714,3.857142857142857,91.28571428571429
71,90,2013-12-14,10,1,2013-2014,Bauru Basket,Limeira,0,80.8,28.8,38.4,13.6,32.4,9.2,23.2,13.4,13.4,1.058,9.6,22.4,44.656,19.2,36.2,53.775999999999996,13.6,19.0,71.25399999999999,1.6,10.0,0.756,2.0,17.8,0.11400000000000002,13.4,3.0,90.0,80.42857142857143,26.142857142857142,42.0,12.285714285714286,35.42857142857143,8.571428571428571,26.857142857142858,17.285714285714285,11.142857142857142,1.6057142857142854,8.714285714285714,18.714285714285715,46.55428571428571,21.0,40.285714285714285,52.48714285714285,12.285714285714286,16.428571428571427,75.96428571428571,1.8571428571428572,8.428571428571429,0.7914285714285715,2.7142857142857144,20.285714285714285,0.13142857142857142,11.142857142857142,2.857142857142857,99.71428571428571
83,84,2013-12-14,10,1,2013-2014,Sesi Franca,Paulistano,0,74.5,15.75,40.75,18.0,34.125,10.875,23.25,13.875,17.5,0.8975,5.25,16.75,28.814999999999998,20.375,40.25,50.713750000000005,18.0,24.125,75.14375000000001,1.125,9.875,0.5975,3.0,18.375,0.18125000000000002,17.5,3.0,80.375,77.75,26.625,37.75,13.375,32.375,10.125,22.25,11.75,11.5,1.18625,8.875,25.0,36.3625,18.875,37.0,50.837500000000006,13.375,17.25,74.48125,0.25,8.625,0.835,1.625,20.625,0.08875,11.5,2.0,82.5
87,63,2013-12-14,10,1,2013-2014,Uberlândia,L. Sorocabana,1,82.5,25.125,43.0,14.375,33.625,9.625,24.0,17.375,11.5,1.6287500000000001,8.375,20.25,40.83625,21.5,41.875,51.46249999999999,14.375,18.5,79.13125,3.25,7.5,0.67625,2.125,19.0,0.1125,11.5,3.0,95.25,75.375,19.125,41.5,14.75,28.875,9.375,19.5,12.0,11.5,1.1524999999999999,6.375,18.375,33.70875,20.75,38.625,54.553749999999994,14.75,19.875,73.47125,1.5,10.25,1.0025,2.0,23.125,0.09,11.5,2.125,82.0
78,60,2013-12-14,10,1,2013-2014,Fortaleza B. C. / CFO,Espírito Santo,1,76.66666666666667,18.0,46.666666666666664,12.0,31.444444444444443,10.555555555555555,20.88888888888889,12.222222222222221,11.777777777777779,1.2833333333333334,6.0,18.555555555555557,31.75222222222222,23.333333333333332,46.111111111111114,50.74666666666667,12.0,16.88888888888889,69.96444444444445,2.0,10.333333333333334,1.0777777777777777,2.0,22.11111111111111,0.08555555555555555,11.777777777777779,3.111111111111111,80.66666666666667,68.0,25.5,27.666666666666668,14.833333333333334,29.0,9.166666666666666,19.833333333333332,11.0,10.5,1.1516666666666666,8.5,25.5,33.78666666666667,13.833333333333334,32.166666666666664,43.495,14.833333333333334,20.666666666666668,72.94,1.8333333333333333,7.5,0.7383333333333334,0.8333333333333334,19.666666666666668,0.041666666666666664,10.5,2.0,64.66666666666667
78,91,2013-12-16,2,1,2013-2014,Macaé Basquete,Brasília,0,80.25,23.25,40.75,16.25,33.125,9.375,23.75,13.375,11.125,1.86375,7.75,21.875,35.271249999999995,20.375,39.5,51.47,16.25,21.0,80.94750000000002,0.625,10.125,1.4300000000000002,1.125,20.25,0.05499999999999999,11.125,1.25,88.875,81.875,34.125,37.5,10.25,33.25,6.75,26.5,14.75,11.625,1.5325,11.375,28.875,39.877500000000005,18.75,34.125,55.989999999999995,10.25,12.875,80.99,1.0,7.5,0.675,2.125,18.375,0.11875,11.625,1.875,92.375
67,88,2013-12-19,11,1,2013-2014,Limeira,Flamengo,0,81.625,26.625,42.75,12.25,35.375,8.125,27.25,17.375,10.875,1.6549999999999998,8.875,19.0,46.6875,21.375,40.5,53.068749999999994,12.25,16.625,74.8025,1.625,8.625,0.83125,2.375,20.875,0.115,10.875,2.5,100.875,76.88888888888889,21.333333333333332,38.44444444444444,17.11111111111111,37.0,10.88888888888889,26.11111111111111,13.444444444444445,14.777777777777779,0.9766666666666668,7.111111111111111,22.11111111111111,32.33555555555556,19.22222222222222,37.44444444444444,51.45444444444445,17.11111111111111,22.555555555555557,76.29333333333332,2.2222222222222223,8.666666666666666,0.5855555555555556,2.888888888888889,19.11111111111111,0.14555555555555558,14.777777777777779,2.7777777777777777,85.44444444444444
90,86,2013-12-19,11,1,2013-2014,Bauru Basket,Macaé Basquete,1,79.16666666666667,27.0,37.333333333333336,14.833333333333334,32.0,9.0,23.0,13.166666666666666,12.833333333333334,1.0816666666666668,9.0,23.0,41.06,18.666666666666668,35.333333333333336,53.415,14.833333333333334,21.333333333333332,69.985,1.5,9.833333333333334,0.7799999999999999,1.6666666666666667,17.666666666666668,0.09500000000000001,12.833333333333334,2.5,85.83333333333333,80.0,22.666666666666668,41.333333333333336,16.0,32.22222222222222,9.11111111111111,23.11111111111111,13.88888888888889,10.555555555555555,1.99,7.555555555555555,22.333333333333332,33.91666666666666,20.666666666666668,40.0,51.55888888888889,16.0,20.77777777777778,80.14000000000003,0.5555555555555556,10.11111111111111,1.4566666666666668,1.1111111111111112,20.444444444444443,0.054444444444444434,10.555555555555555,1.1111111111111112,87.88888888888889
90,78,2013-12-19,11,1,2013-2014,Coop/São José Basketball,Mogi,1,81.875,23.25,40.75,17.875,37.75,11.25,26.5,15.25,14.375,1.0575,7.75,22.625,36.316250000000004,20.375,40.25,50.730000000000004,17.875,22.25,80.495,1.0,8.625,0.59875,2.25,14.5,0.15750000000000003,14.375,3.75,92.25,82.5,20.7,40.4,21.4,38.2,11.9,26.3,14.0,14.0,1.105,6.9,19.6,36.053,20.2,39.5,50.897999999999996,21.4,27.6,77.51199999999999,1.2,9.8,0.722,1.7,21.3,0.08,14.0,2.6,94.0
59,65,2013-12-19,11,1,2013-2014,Minas,Sesi Franca,0,71.71428571428571,13.285714285714286,42.857142857142854,15.571428571428571,30.714285714285715,6.571428571428571,24.142857142857142,14.285714285714286,12.285714285714286,1.182857142857143,4.428571428571429,16.142857142857142,26.987142857142857,21.428571428571427,40.142857142857146,53.998571428571424,15.571428571428571,21.571428571428573,72.82857142857142,2.4285714285714284,9.0,0.75,2.4285714285714284,25.571428571428573,0.09285714285714285,12.285714285714286,2.7142857142857144,79.42857142857143,75.44444444444444,16.333333333333332,41.111111111111114,18.0,34.22222222222222,10.88888888888889,23.333333333333332,13.88888888888889,17.22222222222222,0.9011111111111111,5.444444444444445,17.333333333333332,29.148888888888887,20.555555555555557,40.0,51.51111111111111,18.0,24.22222222222222,74.79444444444445,1.3333333333333333,9.777777777777779,0.5977777777777777,2.888888888888889,18.555555555555557,0.17222222222222225,17.22222222222222,2.7777777777777777,81.44444444444444
96,74,2013-12-19,11,1,2013-2014,Paulistano,Brasília,1,78.44444444444444,25.333333333333332,39.55555555555556,13.555555555555555,32.333333333333336,10.333333333333334,22.0,11.555555555555555,11.555555555555555,1.1466666666666667,8.444444444444445,24.11111111111111,35.59,19.77777777777778,37.888888888888886,51.85555555555556,13.555555555555555,17.77777777777778,73.7811111111111,0.3333333333333333,9.11111111111111,0.8622222222222222,1.4444444444444444,20.88888888888889,0.07888888888888888,11.555555555555555,2.0,83.33333333333333,82.88888888888889,33.666666666666664,37.55555555555556,11.666666666666666,34.333333333333336,7.222222222222222,27.11111111111111,14.555555555555555,11.555555555555555,1.4933333333333332,11.222222222222221,28.555555555555557,39.72,18.77777777777778,34.111111111111114,55.977777777777774,11.666666666666666,14.444444444444445,81.45666666666665,1.0,7.333333333333333,0.6611111111111111,1.8888888888888888,18.444444444444443,0.10555555555555556,11.555555555555555,1.7777777777777777,94.0
96,98,2013-12-19,11,1,2013-2014,L. Sorocabana,Goiânia,0,74.0,19.333333333333332,40.22222222222222,14.444444444444445,28.555555555555557,9.555555555555555,19.0,11.88888888888889,11.555555555555555,1.1266666666666665,6.444444444444445,18.77777777777778,33.49888888888889,20.11111111111111,38.111111111111114,53.39444444444444,14.444444444444445,19.88888888888889,71.97444444444444,1.6666666666666667,10.666666666666666,1.021111111111111,2.0,23.11111111111111,0.09,11.555555555555555,2.111111111111111,79.77777777777777,74.88888888888889,24.666666666666668,36.888888888888886,13.333333333333334,31.88888888888889,8.555555555555555,23.333333333333332,13.555555555555555,12.333333333333334,1.32,8.222222222222221,23.77777777777778,35.315555555555555,18.444444444444443,35.111111111111114,52.55555555555556,13.333333333333334,17.77777777777778,75.4388888888889,1.0,7.0,0.6144444444444445,1.2222222222222223,21.666666666666668,0.05888888888888888,12.333333333333334,3.2222222222222223,79.55555555555556
98,91,2013-12-20,12,1,2013-2014,Pinheiros,Palmeiras,1,83.3,32.7,38.4,12.2,32.9,8.4,24.5,15.3,11.9,1.41,10.9,25.7,42.837,19.2,37.8,50.787000000000006,12.2,16.9,72.60999999999999,2.3,9.4,0.8390000000000001,3.6,17.4,0.20700000000000002,11.9,2.0,94.5,75.7,21.9,37.4,16.4,37.9,13.0,24.9,13.6,13.5,1.114,7.3,23.5,31.311,18.7,39.2,48.733999999999995,16.4,23.9,68.842,2.3,9.1,0.738,2.9,21.6,0.138,13.5,3.9,81.5
83,91,2013-12-21,12,1,2013-2014,Minas,Uberlândia,0,70.125,13.5,41.5,15.125,30.125,6.25,23.875,13.75,13.25,1.0975000000000001,4.5,16.125,27.52,20.75,39.25,53.308749999999996,15.125,20.875,73.1,2.125,9.625,0.74375,2.25,25.0,0.0875,13.25,2.75,76.75,83.0,25.333333333333332,42.888888888888886,14.777777777777779,34.22222222222222,9.666666666666666,24.555555555555557,17.555555555555557,12.11111111111111,1.5722222222222224,8.444444444444445,20.77777777777778,40.29888888888889,21.444444444444443,40.55555555555556,53.52222222222221,14.777777777777779,19.0,79.03444444444443,3.2222222222222223,7.777777777777778,0.6666666666666666,2.2222222222222223,18.88888888888889,0.11888888888888889,12.11111111111111,3.0,97.0
94,96,2013-12-21,12,1,2013-2014,Bauru Basket,Flamengo,0,80.71428571428571,27.857142857142858,35.42857142857143,17.428571428571427,31.857142857142858,9.0,22.857142857142858,12.857142857142858,11.857142857142858,1.1885714285714286,9.285714285714286,23.571428571428573,41.01428571428572,17.714285714285715,34.857142857142854,51.14142857142857,17.428571428571427,23.857142857142858,72.07571428571428,1.2857142857142858,9.571428571428571,0.8585714285714285,1.5714285714285714,18.142857142857142,0.08857142857142859,11.857142857142858,2.2857142857142856,86.85714285714286,78.0,22.5,38.2,17.3,37.7,11.6,26.1,13.7,14.5,1.012,7.5,22.5,33.333000000000006,19.1,37.6,50.924,17.3,22.6,76.92499999999998,2.2,8.6,0.5940000000000001,2.7,19.4,0.13600000000000004,14.5,2.8,87.4
54,71,2013-12-21,12,1,2013-2014,Coop/São José Basketball,Fortaleza B. C. / CFO,0,82.77777777777777,24.333333333333332,41.55555555555556,16.88888888888889,37.44444444444444,11.444444444444445,26.0,15.88888888888889,14.444444444444445,1.0955555555555556,8.11111111111111,23.11111111111111,36.80777777777778,20.77777777777778,39.888888888888886,52.300000000000004,16.88888888888889,21.22222222222222,79.24333333333334,1.0,8.555555555555555,0.5911111111111111,2.111111111111111,14.88888888888889,0.1466666666666667,14.444444444444445,3.5555555555555554,93.88888888888889,76.8,17.1,47.8,11.9,31.9,10.7,21.2,12.5,11.9,1.27,5.7,18.4,30.341999999999995,23.9,46.3,51.714,11.9,16.6,70.825,2.3,11.1,1.1079999999999999,2.1,21.5,0.096,11.9,3.1,82.7
95,93,2013-12-21,12,1,2013-2014,Paulistano,Goiânia,1,80.2,26.1,40.2,13.9,32.6,10.0,22.6,11.8,11.5,1.159,8.7,24.5,35.96,20.1,37.5,53.435,13.9,17.8,75.84700000000001,0.3,9.1,0.858,1.4,21.1,0.075,11.5,1.9,86.5,77.2,24.9,37.8,14.5,31.6,8.0,23.6,14.2,12.8,1.306,8.3,23.4,36.284,18.9,34.9,54.27,14.5,19.0,76.22800000000001,1.1,7.4,0.6180000000000001,1.3,21.6,0.06299999999999999,12.8,3.4,83.3
83,84,2013-12-21,12,1,2013-2014,L. Sorocabana,Brasília,0,76.2,21.0,40.4,14.8,28.7,9.7,19.0,11.8,11.7,1.0989999999999998,7.0,19.5,34.763999999999996,20.2,38.6,52.939,14.8,20.2,72.603,1.7,10.8,1.011,2.2,23.4,0.096,11.7,2.1,81.7,82.0,32.4,37.0,12.6,33.8,7.4,26.4,13.8,11.6,1.402,10.8,28.2,38.548,18.5,34.1,55.08599999999999,12.6,15.4,82.06099999999999,1.1,7.5,0.67,1.7,18.5,0.095,11.6,1.7,91.4
76,74,2013-12-21,12,1,2013-2014,Limeira,Macaé Basquete,1,80.0,25.0,42.22222222222222,12.777777777777779,34.888888888888886,8.333333333333334,26.555555555555557,17.0,11.222222222222221,1.582222222222222,8.333333333333334,18.22222222222222,45.20333333333333,21.11111111111111,40.77777777777778,52.082222222222214,12.777777777777779,17.555555555555557,74.04666666666667,1.4444444444444444,8.555555555555555,0.8022222222222223,2.6666666666666665,21.11111111111111,0.12666666666666668,11.222222222222221,2.4444444444444446,97.55555555555556,80.6,22.5,42.4,15.7,32.3,8.6,23.7,14.5,11.0,1.9240000000000002,7.5,21.9,34.413999999999994,21.2,39.9,53.06999999999999,15.7,20.7,78.62600000000002,0.5,9.5,1.338,1.2,21.3,0.055999999999999994,11.0,1.6,89.0
75,68,2014-01-05,13,1,2013-2014,Palmeiras,Paulistano,1,77.0909090909091,22.09090909090909,39.09090909090909,15.909090909090908,37.72727272727273,13.363636363636363,24.363636363636363,13.454545454545455,13.0,1.1490909090909092,7.363636363636363,23.181818181818183,32.10090909090909,19.545454545454547,40.90909090909091,48.69272727272726,15.909090909090908,23.272727272727273,68.46636363636364,2.4545454545454546,9.363636363636363,0.8072727272727271,2.727272727272727,21.818181818181817,0.12909090909090912,13.0,3.8181818181818183,82.81818181818181,81.54545454545455,25.90909090909091,40.0,15.636363636363637,32.0,9.636363636363637,22.363636363636363,11.818181818181818,11.818181818181818,1.1263636363636365,8.636363636363637,24.181818181818183,36.154545454545456,20.0,37.45454545454545,53.24545454545455,15.636363636363637,19.727272727272727,76.64454545454545,0.36363636363636365,9.818181818181818,0.8827272727272728,1.2727272727272727,21.272727272727273,0.06818181818181818,11.818181818181818,2.0,87.54545454545455
53,62,2014-01-05,13,1,2013-2014,Goiânia,Minas,0,78.63636363636364,23.727272727272727,39.81818181818182,15.090909090909092,31.454545454545453,7.818181818181818,23.636363636363637,14.181818181818182,13.636363636363637,1.2454545454545456,7.909090909090909,22.09090909090909,37.025454545454544,19.90909090909091,35.90909090909091,55.26545454545455,15.090909090909092,19.90909090909091,75.8809090909091,1.2727272727272727,7.7272727272727275,0.6072727272727273,1.3636363636363635,22.272727272727273,0.06363636363636363,13.636363636363637,3.3636363636363638,84.72727272727273,71.55555555555556,13.333333333333334,42.888888888888886,15.333333333333334,30.555555555555557,7.111111111111111,23.444444444444443,14.11111111111111,13.222222222222221,1.1211111111111114,4.444444444444445,15.88888888888889,27.636666666666667,21.444444444444443,39.888888888888886,54.05222222222222,15.333333333333334,21.444444444444443,72.24222222222221,2.4444444444444446,9.333333333333334,0.7211111111111111,2.111111111111111,25.666666666666668,0.0811111111111111,13.222222222222221,2.7777777777777777,78.44444444444444
98,73,2014-01-05,13,1,2013-2014,Brasília,Espírito Santo,1,82.18181818181819,33.27272727272727,36.36363636363637,12.545454545454545,33.90909090909091,7.090909090909091,26.818181818181817,13.727272727272727,12.181818181818182,1.34,11.090909090909092,28.545454545454547,39.02090909090909,18.181818181818183,33.81818181818182,54.47727272727272,12.545454545454545,15.454545454545455,81.4190909090909,1.0909090909090908,7.909090909090909,0.67,1.9090909090909092,18.90909090909091,0.10181818181818181,12.181818181818182,1.8181818181818181,91.45454545454545,66.85714285714286,25.714285714285715,27.714285714285715,13.428571428571429,29.142857142857142,9.142857142857142,20.0,11.142857142857142,12.0,1.0685714285714287,8.571428571428571,25.571428571428573,33.90571428571429,13.857142857142858,31.571428571428573,44.42428571428571,13.428571428571429,19.285714285714285,69.01285714285714,1.7142857142857142,7.714285714285714,0.6942857142857143,0.8571428571428571,18.857142857142858,0.045714285714285714,12.0,2.142857142857143,63.142857142857146
75,74,2014-01-05,13,1,2013-2014,Mogi,Bauru Basket,1,82.0909090909091,20.181818181818183,41.45454545454545,20.454545454545453,37.0,11.545454545454545,25.454545454545453,14.181818181818182,13.727272727272727,1.1363636363636362,6.7272727272727275,19.09090909090909,36.021818181818176,20.727272727272727,39.81818181818182,51.76818181818181,20.454545454545453,27.0,75.22727272727272,1.0909090909090908,10.090909090909092,0.7636363636363637,1.7272727272727273,21.09090909090909,0.08272727272727273,13.727272727272727,2.4545454545454546,93.36363636363636,82.375,28.875,35.0,18.5,32.375,9.25,23.125,14.0,11.25,1.4325,9.625,25.0,40.173750000000005,17.5,34.375,51.2,18.5,24.75,73.55,1.875,9.875,0.965,1.5,18.5,0.08375000000000002,11.25,2.375,90.375
73,64,2014-01-05,13,1,2013-2014,Fortaleza B. C. / CFO,Limeira,1,76.27272727272727,17.454545454545453,47.81818181818182,11.0,33.27272727272727,10.727272727272727,22.545454545454547,13.090909090909092,12.090909090909092,1.2781818181818183,5.818181818181818,18.727272727272727,30.476363636363633,23.90909090909091,46.0,52.08636363636364,11.0,15.454545454545455,68.93181818181819,2.4545454545454546,11.181818181818182,1.0854545454545452,2.0,20.90909090909091,0.09363636363636364,12.090909090909092,3.3636363636363638,84.27272727272727,79.6,24.6,41.8,13.2,34.2,8.2,26.0,17.0,11.2,1.579,8.2,18.3,44.367,20.9,40.1,52.462,13.2,18.4,73.17999999999999,1.3,8.7,0.8130000000000001,2.6,20.8,0.12500000000000003,11.2,2.3,96.4
95,65,2014-01-05,13,1,2013-2014,Pinheiros,L. Sorocabana,1,84.63636363636364,32.18181818181818,38.72727272727273,13.727272727272727,33.27272727272727,8.636363636363637,24.636363636363637,16.09090909090909,12.090909090909092,1.4372727272727273,10.727272727272727,25.545454545454547,42.35181818181819,19.363636363636363,37.36363636363637,51.95545454545456,13.727272727272727,18.454545454545453,73.76272727272726,2.5454545454545454,8.909090909090908,0.7890909090909091,4.090909090909091,17.363636363636363,0.23636363636363641,12.090909090909092,1.9090909090909092,97.36363636363636,76.81818181818181,21.818181818181817,40.18181818181818,14.818181818181818,30.0,10.0,20.0,11.818181818181818,12.0,1.0718181818181818,7.2727272727272725,20.272727272727273,34.849999999999994,20.09090909090909,38.81818181818182,52.33909090909091,14.818181818181818,20.181818181818183,72.82090909090908,1.5454545454545454,11.090909090909092,1.0036363636363637,2.090909090909091,23.272727272727273,0.09181818181818181,12.0,2.090909090909091,82.72727272727273
92,104,2014-01-05,13,1,2013-2014,Uberlândia,Coop/São José Basketball,0,83.8,24.9,42.6,16.3,33.6,9.7,23.9,17.3,11.9,1.5650000000000002,8.3,20.1,41.269,21.3,40.1,53.726,16.3,20.9,79.026,3.1,7.6,0.6599999999999999,2.3,19.4,0.12000000000000002,11.9,2.8,97.5,79.9,24.0,40.0,15.9,37.0,11.5,25.5,15.3,14.3,1.0630000000000002,8.0,23.8,35.46,20.0,39.1,51.133,15.9,20.3,77.15200000000002,0.9,8.5,0.5940000000000001,2.0,14.2,0.14500000000000002,14.3,3.3,89.1
91,82,2014-01-07,14,1,2013-2014,Sesi Franca,Coop/São José Basketball,1,74.4,15.9,41.4,17.1,34.6,11.0,23.6,14.1,17.4,0.8949999999999999,5.3,17.8,28.052,20.7,39.6,52.471000000000004,17.1,23.4,72.94000000000001,1.4,10.2,0.612,2.7,18.6,0.16000000000000003,17.4,2.8,80.9,82.0909090909091,25.09090909090909,40.72727272727273,16.272727272727273,36.81818181818182,10.818181818181818,26.0,15.727272727272727,13.818181818181818,1.1681818181818182,8.363636363636363,24.181818181818183,36.13272727272727,20.363636363636363,39.18181818181818,51.939090909090915,16.272727272727273,20.636363636363637,77.71363636363638,0.8181818181818182,8.454545454545455,0.620909090909091,1.9090909090909092,14.090909090909092,0.13909090909090913,13.818181818181818,3.090909090909091,92.18181818181819
82,83,2014-01-07,14,1,2013-2014,Goiânia,Espírito Santo,0,76.5,22.5,39.333333333333336,14.666666666666666,31.833333333333332,7.75,24.083333333333332,14.083333333333334,13.583333333333334,1.225,7.5,22.083333333333332,35.07666666666666,19.666666666666668,35.833333333333336,54.70750000000001,14.666666666666666,19.333333333333332,75.9675,1.1666666666666667,7.583333333333333,0.5950000000000001,1.25,22.416666666666668,0.05833333333333333,13.583333333333334,3.3333333333333335,82.25,67.625,25.5,29.5,12.625,30.5,9.25,21.25,11.25,12.25,1.0425,8.5,25.375,33.83375,14.75,33.25,44.705,12.625,17.875,71.32374999999999,1.5,7.25,0.64375,0.875,18.875,0.04625,12.25,2.25,64.625
79,69,2014-01-07,13,1,2013-2014,Flamengo,Macaé Basquete,1,79.63636363636364,22.90909090909091,38.72727272727273,18.0,38.09090909090909,11.545454545454545,26.545454545454547,14.0,14.454545454545455,1.0300000000000002,7.636363636363637,22.90909090909091,33.332727272727276,19.363636363636363,37.63636363636363,51.557272727272725,18.0,23.09090909090909,78.04909090909089,2.0,8.181818181818182,0.5663636363636364,2.5454545454545454,20.09090909090909,0.12727272727272732,14.454545454545455,2.727272727272727,89.36363636363636,80.0,22.90909090909091,41.09090909090909,16.0,31.90909090909091,8.545454545454545,23.363636363636363,14.909090909090908,11.0,1.9063636363636365,7.636363636363637,21.90909090909091,35.00454545454545,20.545454545454547,38.90909090909091,52.634545454545446,16.0,20.818181818181817,79.32909090909094,0.9090909090909091,9.363636363636363,1.282727272727273,1.0909090909090908,21.272727272727273,0.050909090909090904,11.0,1.4545454545454546,88.81818181818181
69,71,2014-01-07,14,1,2013-2014,Palmeiras,L. Sorocabana,0,76.91666666666667,21.75,39.666666666666664,15.5,37.666666666666664,13.25,24.416666666666668,13.833333333333334,12.666666666666666,1.22,7.25,23.166666666666668,31.599999999999998,19.833333333333332,41.083333333333336,49.092499999999994,15.5,23.083333333333332,67.12583333333333,2.5,9.666666666666666,0.8599999999999999,2.5833333333333335,21.333333333333332,0.12333333333333335,12.666666666666666,3.75,83.25,75.83333333333333,21.5,39.0,15.333333333333334,30.416666666666668,10.083333333333334,20.333333333333332,11.666666666666666,12.416666666666666,1.0316666666666665,7.166666666666667,20.5,34.12,19.5,38.5,51.0725,15.333333333333334,20.5,74.04416666666667,1.4166666666666667,11.0,0.9691666666666666,1.9166666666666667,23.25,0.08416666666666667,12.416666666666666,2.0833333333333335,80.91666666666667
82,54,2014-01-07,14,1,2013-2014,Brasília,Minas,1,83.5,33.25,37.666666666666664,12.583333333333334,34.666666666666664,7.666666666666667,27.0,14.416666666666666,11.75,1.49,11.083333333333334,28.583333333333332,38.93,18.833333333333332,34.916666666666664,54.54749999999999,12.583333333333334,15.75,80.33583333333333,1.1666666666666667,8.083333333333334,0.7333333333333334,2.0833333333333335,18.583333333333332,0.11583333333333333,11.75,1.9166666666666667,94.25,70.6,13.2,41.4,16.0,31.2,7.1,24.1,13.9,12.9,1.129,4.4,16.5,26.690999999999995,20.7,39.1,53.022000000000006,16.0,22.2,72.604,2.3,9.2,0.729,2.1,24.7,0.086,12.9,2.7,77.4
67,78,2014-01-07,14,1,2013-2014,Mogi,Limeira,0,81.5,20.5,41.166666666666664,19.833333333333332,38.583333333333336,13.166666666666666,25.416666666666668,14.0,14.333333333333334,1.0891666666666666,6.833333333333333,20.0,35.2425,20.583333333333332,40.666666666666664,50.62083333333333,19.833333333333332,26.166666666666668,75.33083333333333,1.1666666666666667,10.666666666666666,0.7675000000000001,1.75,20.75,0.08583333333333333,14.333333333333334,2.75,92.58333333333333,78.18181818181819,24.818181818181817,40.90909090909091,12.454545454545455,34.0,8.090909090909092,25.90909090909091,16.636363636363637,11.454545454545455,1.5199999999999998,8.272727272727273,19.363636363636363,43.060909090909085,20.454545454545453,39.09090909090909,52.708181818181814,12.454545454545455,17.454545454545453,72.2090909090909,1.1818181818181819,8.818181818181818,0.8036363636363636,2.4545454545454546,20.727272727272727,0.11818181818181821,11.454545454545455,2.1818181818181817,93.9090909090909
84,80,2014-01-07,14,1,2013-2014,Fortaleza B. C. / CFO,Bauru Basket,1,76.0,17.5,47.166666666666664,11.333333333333334,34.333333333333336,11.333333333333334,23.0,13.083333333333334,12.0,1.27,5.833333333333333,19.166666666666668,30.019999999999996,23.583333333333332,45.75,51.62166666666667,11.333333333333334,16.083333333333332,68.6225,2.5833333333333335,11.083333333333334,1.070833333333333,2.0,20.666666666666668,0.09500000000000001,12.0,3.1666666666666665,84.25,81.44444444444444,29.333333333333332,34.0,18.11111111111111,32.0,8.777777777777779,23.22222222222222,13.88888888888889,12.0,1.3533333333333335,9.777777777777779,24.666666666666668,41.26555555555556,17.0,33.888888888888886,50.32555555555555,18.11111111111111,24.333333333333332,73.31444444444443,1.7777777777777777,10.444444444444445,0.9499999999999998,1.8888888888888888,18.333333333333332,0.10666666666666669,12.0,2.111111111111111,89.66666666666667
91,93,2014-01-08,14,1,2013-2014,Pinheiros,Paulistano,0,85.5,33.75,37.5,14.25,33.666666666666664,8.5,25.166666666666668,16.5,12.0,1.4766666666666666,11.25,26.666666666666668,42.455000000000005,18.75,36.0,52.38750000000001,14.25,18.666666666666668,75.5525,2.3333333333333335,9.333333333333334,0.8291666666666666,3.9166666666666665,17.833333333333332,0.2241666666666667,12.0,1.8333333333333333,99.83333333333333,80.41666666666667,25.0,39.5,15.916666666666666,32.666666666666664,9.833333333333334,22.833333333333332,11.416666666666666,12.0,1.0741666666666667,8.333333333333334,24.25,34.80833333333334,19.75,37.166666666666664,52.975,15.916666666666666,19.75,78.17416666666666,0.3333333333333333,9.5,0.8450000000000001,1.3333333333333333,21.333333333333332,0.06999999999999999,12.0,1.8333333333333333,86.16666666666667
66,75,2014-01-11,15,1,2013-2014,Minas,Pinheiros,0,69.0909090909091,13.636363636363637,40.0,15.454545454545455,32.0,7.636363636363637,24.363636363636363,13.454545454545455,13.363636363636363,1.071818181818182,4.545454545454546,16.454545454545453,27.673636363636362,20.0,39.09090909090909,51.23181818181819,15.454545454545455,22.0,70.5490909090909,2.090909090909091,9.0,0.6981818181818181,2.1818181818181817,24.181818181818183,0.09272727272727273,13.363636363636363,3.0,74.81818181818181,85.92307692307692,34.15384615384615,37.23076923076923,14.538461538461538,33.46153846153846,8.23076923076923,25.23076923076923,16.615384615384617,12.384615384615385,1.4446153846153844,11.384615384615385,26.923076923076923,42.5223076923077,18.615384615384617,35.30769230769231,53.20076923076924,14.538461538461538,19.153846153846153,75.27923076923076,2.230769230769231,9.461538461538462,0.8153846153846154,4.076923076923077,18.53846153846154,0.2238461538461539,12.384615384615385,1.9230769230769231,100.3076923076923
92,76,2014-01-11,15,1,2013-2014,Flamengo,Mogi,1,79.58333333333333,23.25,38.5,17.833333333333332,38.583333333333336,12.0,26.583333333333332,13.666666666666666,14.416666666666666,1.0033333333333336,7.75,23.583333333333332,32.97416666666667,19.25,37.666666666666664,51.208333333333336,17.833333333333332,23.0,77.60583333333332,1.8333333333333333,8.083333333333334,0.5608333333333334,2.4166666666666665,20.5,0.12000000000000004,14.416666666666666,2.6666666666666665,88.5,80.38461538461539,20.76923076923077,40.61538461538461,19.0,37.61538461538461,13.153846153846153,24.46153846153846,13.692307692307692,14.153846153846153,1.0692307692307692,6.923076923076923,20.615384615384617,34.72923076923077,20.307692307692307,40.15384615384615,50.57307692307692,19.0,25.23076923076923,74.48153846153845,1.1538461538461537,10.692307692307692,0.7792307692307693,1.6153846153846154,20.46153846153846,0.07923076923076923,14.153846153846153,2.6153846153846154,90.07692307692308
74,76,2014-01-11,15,1,2013-2014,Bauru Basket,Uberlândia,0,81.3,28.5,34.6,18.2,32.2,9.0,23.2,13.6,11.8,1.328,9.5,24.7,39.93900000000001,17.3,34.3,50.556,18.2,24.2,74.244,1.6,10.3,0.945,1.8,18.5,0.10100000000000002,11.8,2.1,89.2,84.54545454545455,26.454545454545453,42.54545454545455,15.545454545454545,34.0,9.545454545454545,24.454545454545453,18.454545454545453,12.0,1.6327272727272728,8.818181818181818,21.454545454545453,41.153636363636366,21.272727272727273,39.90909090909091,53.86545454545455,15.545454545454545,19.90909090909091,79.11454545454545,3.3636363636363638,7.545454545454546,0.649090909090909,2.4545454545454546,19.545454545454547,0.12636363636363637,12.0,3.0,99.36363636363636
77,87,2014-01-11,15,1,2013-2014,Coop/São José Basketball,Brasília,0,82.08333333333333,26.0,41.0,15.083333333333334,36.583333333333336,10.916666666666666,25.666666666666668,15.916666666666666,13.666666666666666,1.1958333333333335,8.666666666666666,24.166666666666668,37.288333333333334,20.5,39.833333333333336,51.51166666666668,15.083333333333334,19.083333333333332,79.57083333333334,0.75,8.416666666666666,0.625,1.8333333333333333,14.0,0.13416666666666668,13.666666666666666,2.9166666666666665,92.33333333333333,83.38461538461539,33.0,37.69230769230769,12.692307692307692,34.92307692307692,8.0,26.923076923076923,14.538461538461538,11.538461538461538,1.5123076923076924,11.0,28.846153846153847,38.339230769230774,18.846153846153847,34.92307692307692,54.5276923076923,12.692307692307692,15.76923076923077,80.88692307692305,1.1538461538461537,8.23076923076923,0.7623076923076924,2.3846153846153846,18.692307692307693,0.13,11.538461538461538,1.8461538461538463,94.92307692307692
96,70,2014-01-11,15,1,2013-2014,Paulistano,L. Sorocabana,1,81.38461538461539,25.153846153846153,39.38461538461539,16.846153846153847,33.23076923076923,10.307692307692308,22.923076923076923,11.23076923076923,12.23076923076923,1.0376923076923077,8.384615384615385,24.384615384615383,34.79384615384616,19.692307692307693,37.38461538461539,52.55384615384616,16.846153846153847,20.846153846153847,78.49538461538462,0.38461538461538464,9.76923076923077,0.8469230769230769,1.3076923076923077,21.615384615384617,0.06769230769230769,12.23076923076923,2.0,87.0,75.46153846153847,21.23076923076923,39.38461538461539,14.846153846153847,31.076923076923077,10.461538461538462,20.615384615384617,11.384615384615385,12.384615384615385,1.0038461538461538,7.076923076923077,19.846153846153847,35.341538461538455,19.692307692307693,39.61538461538461,50.33692307692308,14.846153846153847,19.923076923076923,73.67384615384616,1.4615384615384615,11.153846153846153,0.9776923076923076,2.0,22.692307692307693,0.0923076923076923,12.384615384615385,2.076923076923077,80.92307692307692
64,80,2014-01-11,15,1,2013-2014,Limeira,Sesi Franca,0,78.16666666666667,25.0,40.5,12.666666666666666,34.333333333333336,8.5,25.833333333333332,16.416666666666668,11.916666666666666,1.4616666666666667,8.333333333333334,19.583333333333332,42.88166666666666,20.25,38.416666666666664,53.15416666666666,12.666666666666666,17.25,74.52499999999999,1.0833333333333333,8.833333333333334,0.7808333333333333,2.4166666666666665,20.666666666666668,0.1166666666666667,11.916666666666666,2.25,94.25,75.9090909090909,16.90909090909091,42.36363636363637,16.636363636363637,34.45454545454545,10.727272727272727,23.727272727272727,14.909090909090908,16.545454545454547,1.0754545454545452,5.636363636363637,18.09090909090909,29.39818181818182,21.181818181818183,40.09090909090909,52.95363636363636,16.636363636363637,22.727272727272727,73.12727272727274,1.5454545454545454,10.181818181818182,0.67,2.727272727272727,17.636363636363637,0.18000000000000005,16.545454545454547,2.5454545454545454,84.18181818181819
90,95,2014-01-11,15,1,2013-2014,Espírito Santo,Palmeiras,0,69.33333333333333,26.0,30.22222222222222,13.11111111111111,30.22222222222222,9.555555555555555,20.666666666666668,11.555555555555555,11.666666666666666,1.1488888888888888,8.666666666666666,25.555555555555557,34.190000000000005,15.11111111111111,33.77777777777778,45.00111111111111,13.11111111111111,18.555555555555557,71.26888888888888,1.4444444444444444,7.444444444444445,0.7155555555555556,0.8888888888888888,19.0,0.04666666666666666,11.666666666666666,2.4444444444444446,66.77777777777777,76.3076923076923,21.46153846153846,39.69230769230769,15.153846153846153,37.46153846153846,13.0,24.46153846153846,14.384615384615385,12.846153846153847,1.2338461538461538,7.153846153846154,23.46153846153846,30.878461538461536,19.846153846153847,40.53846153846154,49.840769230769226,15.153846153846153,22.46153846153846,67.60307692307693,2.6923076923076925,9.692307692307692,0.8453846153846153,2.5384615384615383,20.76923076923077,0.12461538461538463,12.846153846153847,3.6153846153846154,83.23076923076923
80,74,2014-01-11,15,1,2013-2014,Macaé Basquete,Fortaleza B. C. / CFO,1,79.08333333333333,22.5,40.166666666666664,16.416666666666668,31.75,8.25,23.5,14.25,11.166666666666666,1.7925000000000002,7.5,21.833333333333332,34.46833333333333,20.083333333333332,38.583333333333336,51.81999999999999,16.416666666666668,21.166666666666668,79.71833333333335,0.8333333333333334,9.416666666666666,1.24,1.0833333333333333,21.166666666666668,0.050833333333333335,11.166666666666666,1.6666666666666667,86.83333333333333,76.61538461538461,18.0,46.61538461538461,12.0,34.30769230769231,11.23076923076923,23.076923076923077,12.76923076923077,12.076923076923077,1.2253846153846153,6.0,19.0,31.330769230769228,23.307692307692307,45.38461538461539,51.403076923076924,12.0,16.923076923076923,69.04153846153847,2.3846153846153846,10.76923076923077,1.0299999999999998,2.0,20.692307692307693,0.0953846153846154,12.076923076923077,3.1538461538461537,84.38461538461539
79,74,2014-01-13,16,1,2013-2014,Macaé Basquete,Mogi,1,79.15384615384616,22.846153846153847,39.69230769230769,16.615384615384617,31.76923076923077,8.153846153846153,23.615384615384617,14.307692307692308,10.76923076923077,1.8469230769230771,7.615384615384615,22.0,34.701538461538455,19.846153846153847,38.46153846153846,51.36846153846154,16.615384615384617,21.384615384615383,79.67615384615387,1.0,9.538461538461538,1.2853846153846153,1.2307692307692308,21.0,0.05923076923076923,10.76923076923077,1.6153846153846154,87.46153846153847,80.07142857142857,20.571428571428573,40.714285714285715,18.785714285714285,36.714285714285715,12.714285714285714,24.0,13.357142857142858,13.857142857142858,1.0571428571428572,6.857142857142857,20.142857142857142,35.309999999999995,20.357142857142858,40.142857142857146,50.71071428571428,18.785714285714285,25.428571428571427,73.24285714285713,1.1428571428571428,10.714285714285714,0.8021428571428572,1.5714285714285714,20.571428571428573,0.07714285714285715,13.857142857142858,2.642857142857143,88.85714285714286
87,72,2014-01-13,16,1,2013-2014,Bauru Basket,Sesi Franca,1,80.63636363636364,28.90909090909091,34.0,17.727272727272727,31.727272727272727,9.545454545454545,22.181818181818183,13.727272727272727,12.090909090909092,1.2981818181818183,9.636363636363637,24.545454545454547,40.656363636363636,17.0,34.54545454545455,49.4,17.727272727272727,23.272727272727273,75.93636363636364,1.5454545454545454,10.454545454545455,0.9318181818181818,1.8181818181818181,18.0,0.10545454545454547,12.090909090909092,2.090909090909091,88.27272727272727,76.25,17.5,42.5,16.25,35.0,10.416666666666666,24.583333333333332,14.916666666666666,16.583333333333332,1.0591666666666666,5.833333333333333,17.833333333333332,31.3925,21.25,40.0,53.24166666666667,16.25,22.083333333333332,73.7,1.5,9.833333333333334,0.6433333333333333,2.5833333333333335,17.666666666666668,0.17000000000000004,16.583333333333332,2.5833333333333335,85.41666666666667
69,81,2014-01-13,16,1,2013-2014,Limeira,Uberlândia,0,77.07692307692308,25.153846153846153,39.69230769230769,12.23076923076923,33.23076923076923,8.0,25.23076923076923,16.153846153846153,11.538461538461538,1.4923076923076921,8.384615384615385,20.0,42.35230769230769,19.846153846153847,38.0,52.56153846153846,12.23076923076923,16.76923076923077,73.6876923076923,1.0,9.076923076923077,0.8523076923076922,2.3846153846153846,20.53846153846154,0.11615384615384619,11.538461538461538,2.076923076923077,92.07692307692308,83.83333333333333,26.75,42.0,15.083333333333334,33.916666666666664,9.75,24.166666666666668,18.166666666666668,12.583333333333334,1.5625,8.916666666666666,21.5,41.51166666666666,21.0,39.083333333333336,54.376666666666665,15.083333333333334,19.333333333333332,78.93166666666666,3.3333333333333335,8.0,0.6516666666666666,2.4166666666666665,19.333333333333332,0.12583333333333335,12.583333333333334,3.1666666666666665,98.83333333333333
82,75,2014-01-13,16,1,2013-2014,Coop/São José Basketball,Goiânia,1,81.6923076923077,26.076923076923077,41.23076923076923,14.384615384615385,37.23076923076923,11.0,26.23076923076923,15.692307692307692,13.615384615384615,1.1807692307692308,8.692307692307692,24.46153846153846,36.892307692307696,20.615384615384617,40.15384615384615,51.39538461538462,14.384615384615385,18.153846153846153,80.04307692307694,0.7692307692307693,8.461538461538462,0.63,2.3076923076923075,13.76923076923077,0.18000000000000002,13.615384615384615,3.0,92.6923076923077,76.92307692307692,23.53846153846154,39.23076923076923,14.153846153846153,31.53846153846154,7.461538461538462,24.076923076923077,14.384615384615385,13.538461538461538,1.236923076923077,7.846153846153846,22.0,36.77384615384615,19.615384615384617,35.46153846153846,55.21384615384616,14.153846153846153,18.615384615384617,76.2776923076923,1.0769230769230769,7.230769230769231,0.566923076923077,1.3846153846153846,22.46153846153846,0.06384615384615384,13.538461538461538,3.230769230769231,83.46153846153847
50,97,2014-01-13,16,1,2013-2014,Espírito Santo,Pinheiros,0,71.4,27.3,31.2,12.9,29.6,9.6,20.0,11.7,11.8,1.134,9.1,25.7,35.586,15.6,34.1,45.906,12.9,17.8,74.142,1.4,7.8,0.729,0.8,18.8,0.041999999999999996,11.8,2.6,69.5,85.14285714285714,33.0,37.857142857142854,14.285714285714286,33.857142857142854,8.071428571428571,25.785714285714285,16.714285714285715,12.642857142857142,1.422142857142857,11.0,26.357142857142858,41.7407142857143,18.928571428571427,35.357142857142854,53.96428571428572,14.285714285714286,19.0,74.52428571428571,2.357142857142857,9.5,0.8021428571428572,4.142857142857143,18.214285714285715,0.2335714285714286,12.642857142857142,1.9285714285714286,100.21428571428571
85,75,2014-01-13,16,1,2013-2014,Minas,Palmeiras,1,68.83333333333333,14.5,39.5,14.833333333333334,31.833333333333332,7.75,24.083333333333332,13.916666666666666,13.166666666666666,1.1266666666666667,4.833333333333333,16.5,29.289166666666663,19.75,39.833333333333336,49.91416666666667,14.833333333333334,21.25,69.79833333333333,1.9166666666666667,9.333333333333334,0.7383333333333333,2.3333333333333335,23.833333333333332,0.10166666666666667,13.166666666666666,2.75,74.91666666666667,77.64285714285714,21.642857142857142,40.714285714285715,15.285714285714286,36.714285714285715,12.642857142857142,24.071428571428573,13.857142857142858,12.857142857142858,1.1842857142857142,7.214285714285714,22.928571428571427,32.24428571428571,20.357142857142858,40.42857142857143,51.22571428571428,15.285714285714286,22.285714285714285,68.8457142857143,2.5714285714285716,9.642857142857142,0.8342857142857142,2.5,20.428571428571427,0.125,12.857142857142858,3.5,84.71428571428571
72,69,2014-01-13,16,1,2013-2014,Flamengo,Fortaleza B. C. / CFO,1,80.53846153846153,24.692307692307693,38.15384615384615,17.692307692307693,38.23076923076923,11.76923076923077,26.46153846153846,14.461538461538462,14.461538461538462,1.0492307692307694,8.23076923076923,23.846153846153847,34.42615384615385,19.076923076923077,37.0,51.77846153846154,17.692307692307693,23.153846153846153,76.55923076923077,2.076923076923077,7.846153846153846,0.5430769230769231,2.3076923076923075,20.692307692307693,0.11384615384615387,14.461538461538462,2.6153846153846154,89.92307692307692,76.42857142857143,17.785714285714285,46.285714285714285,12.357142857142858,34.857142857142854,11.285714285714286,23.571428571428573,12.285714285714286,12.142857142857142,1.1707142857142858,5.928571428571429,18.857142857142858,31.193571428571428,23.142857142857142,45.42857142857143,50.99214285714286,12.357142857142858,17.214285714285715,69.89214285714286,2.2142857142857144,10.285714285714286,0.9785714285714284,2.2142857142857144,20.857142857142858,0.1042857142857143,12.142857142857142,3.0,83.85714285714286
65,67,2014-01-16,17,1,2013-2014,Goiânia,Limeira,0,76.78571428571429,24.0,38.714285714285715,14.071428571428571,31.428571428571427,7.714285714285714,23.714285714285715,14.642857142857142,13.214285714285714,1.2914285714285716,8.0,21.928571428571427,37.54857142857143,19.357142857142858,36.285714285714285,53.70142857142857,14.071428571428571,18.357142857142858,77.02,1.0,7.785714285714286,0.6457142857142858,1.4285714285714286,22.571428571428573,0.06499999999999999,13.214285714285714,3.142857142857143,83.71428571428571,76.5,24.857142857142858,39.0,12.642857142857142,32.642857142857146,8.071428571428571,24.571428571428573,16.142857142857142,11.214285714285714,1.5492857142857142,8.285714285714286,20.142857142857142,41.6,19.5,37.92857142857143,51.702857142857134,12.642857142857142,17.285714285714285,73.78142857142858,1.0,8.928571428571429,0.8628571428571428,2.4285714285714284,20.857142857142858,0.11642857142857145,11.214285714285714,2.0,90.5
80,66,2014-01-16,17,1,2013-2014,Paulistano,Minas,1,82.42857142857143,26.142857142857142,39.0,17.285714285714285,33.92857142857143,10.571428571428571,23.357142857142858,11.642857142857142,12.285714285714286,1.0571428571428572,8.714285714285714,24.357142857142858,36.17785714285715,19.5,37.142857142857146,52.371428571428574,17.285714285714285,21.357142857142858,78.75571428571429,0.35714285714285715,9.428571428571429,0.8135714285714286,1.2857142857142858,21.785714285714285,0.06571428571428571,12.285714285714286,2.0714285714285716,89.07142857142857,70.07692307692308,15.23076923076923,39.69230769230769,15.153846153846153,31.923076923076923,8.076923076923077,23.846153846153847,14.384615384615385,13.23076923076923,1.1500000000000001,5.076923076923077,16.384615384615383,31.138461538461534,19.846153846153847,40.07692307692308,49.831538461538464,15.153846153846153,21.384615384615383,70.78384615384616,1.8461538461538463,9.307692307692308,0.7307692307692307,2.3076923076923075,23.153846153846153,0.10384615384615385,13.23076923076923,2.769230769230769,77.0
75,67,2014-01-16,17,1,2013-2014,L. Sorocabana,Espírito Santo,1,75.07142857142857,20.571428571428573,39.285714285714285,15.214285714285714,30.571428571428573,10.285714285714286,20.285714285714285,11.428571428571429,11.857142857142858,1.1035714285714284,6.857142857142857,19.785714285714285,34.32071428571428,19.642857142857142,39.57142857142857,50.221428571428575,15.214285714285714,20.357142857142858,73.9057142857143,1.4285714285714286,11.0,1.0364285714285715,2.0,22.857142857142858,0.09142857142857143,11.857142857142858,1.9285714285714286,80.21428571428571,69.45454545454545,26.181818181818183,30.545454545454547,12.727272727272727,28.818181818181817,9.363636363636363,19.454545454545453,11.272727272727273,12.090909090909092,1.0736363636363637,8.727272727272727,25.272727272727273,34.515454545454546,15.272727272727273,33.81818181818182,45.25181818181818,12.727272727272727,17.454545454545453,74.54454545454546,1.2727272727272727,7.7272727272727275,0.7054545454545454,0.8181818181818182,18.727272727272727,0.04363636363636363,12.090909090909092,2.6363636363636362,66.18181818181819
92,74,2014-01-16,17,1,2013-2014,Palmeiras,Coop/São José Basketball,1,77.46666666666667,20.8,41.733333333333334,14.933333333333334,36.266666666666666,12.466666666666667,23.8,13.466666666666667,13.266666666666667,1.1333333333333333,6.933333333333334,22.4,31.427999999999997,20.866666666666667,40.93333333333333,51.699333333333335,14.933333333333334,21.666666666666668,69.384,2.4,9.533333333333333,0.8066666666666665,2.533333333333333,20.4,0.12666666666666665,13.266666666666667,3.8,83.73333333333333,81.71428571428571,25.928571428571427,41.142857142857146,14.642857142857142,37.57142857142857,11.0,26.571428571428573,15.642857142857142,14.071428571428571,1.1500000000000001,8.642857142857142,24.071428571428573,37.265,20.571428571428573,39.857142857142854,51.69285714285714,14.642857142857142,18.642857142857142,79.46857142857144,0.7142857142857143,8.357142857142858,0.61,2.2857142857142856,14.0,0.17571428571428574,14.071428571428571,3.0,92.78571428571429
82,72,2014-01-16,17,1,2013-2014,Brasília,Bauru Basket,1,83.64285714285714,33.857142857142854,37.57142857142857,12.214285714285714,35.285714285714285,8.142857142857142,27.142857142857142,14.714285714285714,11.357142857142858,1.5392857142857144,11.285714285714286,29.0,39.057142857142864,18.785714285714285,35.714285714285715,53.427857142857135,12.214285714285714,15.214285714285714,80.46642857142855,1.0714285714285714,8.285714285714286,0.7792857142857142,2.5,18.214285714285715,0.1442857142857143,11.357142857142858,1.7142857142857142,95.42857142857143,81.16666666666667,28.0,35.5,17.666666666666668,32.333333333333336,9.75,22.583333333333332,14.0,12.166666666666666,1.2991666666666668,9.333333333333334,23.75,40.60166666666667,17.75,35.25,50.3225,17.666666666666668,22.916666666666668,77.06416666666667,1.6666666666666667,10.416666666666666,0.9183333333333333,1.8333333333333333,18.333333333333332,0.10416666666666669,12.166666666666666,1.9166666666666667,90.33333333333333
82,68,2014-01-16,17,1,2013-2014,Sesi Franca,Macaé Basquete,1,75.92307692307692,18.0,41.69230769230769,16.23076923076923,34.23076923076923,10.307692307692308,23.923076923076923,14.76923076923077,16.153846153846153,1.0684615384615384,6.0,17.76923076923077,32.597692307692306,20.846153846153847,39.84615384615385,52.385384615384616,16.23076923076923,22.0,73.89153846153847,1.3846153846153846,10.0,0.6776923076923077,2.4615384615384617,17.76923076923077,0.1607692307692308,16.153846153846153,2.4615384615384617,84.61538461538461,79.14285714285714,22.928571428571427,39.285714285714285,16.928571428571427,31.714285714285715,8.142857142857142,23.571428571428573,14.071428571428571,10.928571428571429,1.775714285714286,7.642857142857143,21.857142857142858,35.08,19.642857142857142,38.214285714285715,51.16857142857143,16.928571428571427,21.714285714285715,79.75428571428573,1.0,9.357142857142858,1.2321428571428572,1.2142857142857142,21.214285714285715,0.057857142857142864,10.928571428571429,1.6428571428571428,87.0
95,101,2014-01-16,17,1,2013-2014,Uberlândia,Flamengo,0,83.61538461538461,27.0,41.69230769230769,14.923076923076923,34.07692307692308,9.692307692307692,24.384615384615383,18.0,12.76923076923077,1.5246153846153847,9.0,21.307692307692307,42.36692307692307,20.846153846153847,38.69230769230769,54.49230769230769,14.923076923076923,19.307692307692307,78.12307692307692,3.3076923076923075,7.6923076923076925,0.6223076923076923,2.6153846153846154,19.692307692307693,0.13230769230769232,12.76923076923077,3.3076923076923075,98.6923076923077,79.92857142857143,24.642857142857142,38.285714285714285,17.0,37.57142857142857,11.428571428571429,26.142857142857142,14.857142857142858,14.428571428571429,1.0764285714285715,8.214285714285714,24.214285714285715,33.93785714285715,19.142857142857142,36.57142857142857,52.68857142857143,17.0,22.357142857142858,75.85285714285713,2.2142857142857144,8.142857142857142,0.5657142857142857,2.2142857142857144,20.357142857142858,0.11000000000000003,14.428571428571429,2.5,89.5
77,95,2014-01-18,18,1,2013-2014,Pinheiros,Coop/São José Basketball,0,85.93333333333334,32.0,39.86666666666667,14.066666666666666,34.06666666666667,8.066666666666666,26.0,16.866666666666667,12.4,1.4679999999999997,10.666666666666666,25.6,41.62466666666668,19.933333333333334,36.06666666666667,55.294000000000004,14.066666666666666,18.6,75.19733333333333,2.466666666666667,9.6,0.8300000000000001,4.2,18.133333333333333,0.23733333333333337,12.4,1.8666666666666667,102.66666666666667,81.2,25.8,41.2,14.2,37.266666666666666,10.933333333333334,26.333333333333332,16.266666666666666,13.6,1.3113333333333335,8.6,24.2,36.832,20.6,39.733333333333334,51.93066666666667,14.2,18.266666666666666,78.27333333333334,0.8,8.066666666666666,0.6073333333333333,2.2666666666666666,13.8,0.17600000000000005,13.6,2.8666666666666667,92.66666666666667
82,67,2014-01-18,18,1,2013-2014,Brasília,Limeira,1,83.53333333333333,33.8,37.86666666666667,11.866666666666667,35.46666666666667,8.066666666666666,27.4,14.933333333333334,11.066666666666666,1.608,11.266666666666667,28.933333333333334,39.07266666666667,18.933333333333334,36.06666666666667,53.28066666666666,11.866666666666667,14.733333333333333,80.93533333333332,1.1333333333333333,7.933333333333334,0.756,2.533333333333333,18.4,0.14400000000000002,11.066666666666666,1.6666666666666667,95.66666666666667,75.86666666666666,25.0,38.13333333333333,12.733333333333333,33.333333333333336,8.066666666666666,25.266666666666666,15.933333333333334,11.2,1.5246666666666664,8.333333333333334,20.466666666666665,41.22666666666667,19.066666666666666,37.6,50.88199999999999,12.733333333333333,17.466666666666665,73.52933333333334,0.9333333333333333,8.466666666666667,0.8173333333333332,2.533333333333333,20.666666666666668,0.12333333333333335,11.2,1.9333333333333333,89.53333333333333
98,86,2014-01-18,18,1,2013-2014,Uberlândia,Macaé Basquete,1,84.42857142857143,28.285714285714285,41.285714285714285,14.857142857142858,33.5,9.785714285714286,23.714285714285715,18.142857142857142,12.857142857142858,1.5178571428571428,9.428571428571429,21.857142857142858,43.035000000000004,20.642857142857142,38.357142857142854,54.381428571428565,14.857142857142858,19.214285714285715,78.09857142857142,3.357142857142857,7.857142857142857,0.6285714285714287,2.5,20.142857142857142,0.12571428571428572,12.857142857142858,3.0714285714285716,99.07142857142857,78.4,22.4,39.46666666666667,16.533333333333335,31.333333333333332,8.0,23.333333333333332,14.133333333333333,10.933333333333334,1.7480000000000002,7.466666666666667,21.533333333333335,34.702,19.733333333333334,38.266666666666666,51.34733333333334,16.533333333333335,21.133333333333333,80.07866666666669,1.0,9.466666666666667,1.2166666666666666,1.3333333333333333,21.2,0.06333333333333334,10.933333333333334,1.8666666666666667,86.53333333333333
83,87,2014-01-18,18,1,2013-2014,Goiânia,Bauru Basket,0,76.0,23.4,38.266666666666666,14.333333333333334,32.13333333333333,8.0,24.133333333333333,14.666666666666666,12.6,1.4553333333333334,7.8,22.066666666666666,36.434,19.133333333333333,36.733333333333334,52.602000000000004,14.333333333333334,18.866666666666667,76.50066666666666,1.0666666666666667,7.933333333333334,0.7693333333333334,1.4666666666666666,22.533333333333335,0.06666666666666667,12.6,3.066666666666667,83.2,80.46153846153847,26.76923076923077,36.61538461538461,17.076923076923077,33.15384615384615,10.153846153846153,23.0,13.692307692307692,11.538461538461538,1.3915384615384618,8.923076923076923,24.153846153846153,38.53923076923077,18.307692307692307,35.92307692307692,50.822307692307696,17.076923076923077,22.76923076923077,74.79923076923077,1.6923076923076923,10.076923076923077,0.963076923076923,1.9230769230769231,17.846153846153847,0.1153846153846154,11.538461538461538,1.8461538461538463,89.15384615384616
96,61,2014-01-18,18,1,2013-2014,Paulistano,Espírito Santo,1,82.26666666666667,25.4,39.6,17.266666666666666,34.06666666666667,10.733333333333333,23.333333333333332,11.533333333333333,12.4,1.034,8.466666666666667,24.0,35.52066666666667,19.8,37.53333333333333,52.60066666666667,17.266666666666666,21.333333333333332,78.90200000000002,0.7333333333333333,9.8,0.8306666666666668,1.4666666666666666,21.4,0.078,12.4,2.2,89.4,69.25,25.5,31.166666666666668,12.583333333333334,28.75,9.166666666666666,19.583333333333332,11.166666666666666,12.583333333333334,1.0308333333333335,8.5,24.583333333333332,34.580000000000005,15.583333333333334,33.5,46.75833333333333,12.583333333333334,17.666666666666668,72.91583333333334,1.25,7.5,0.6699999999999999,0.9166666666666666,19.083333333333332,0.047499999999999994,12.583333333333334,2.9166666666666665,65.91666666666667
