placar_casa,placar_visitante,data,round,stage,ano,equipe_casa,equipe_visitante,resultado,Pts_casa,3P_casa,2P_casa,LL_casa,RT_casa,RO_casa,RD_casa,AS_casa,ER_casa,IA%_casa,3PC_casa,3PT_casa,3P%_casa,2PC_casa,2PT_casa,2P%_casa,LLC_casa,LLT_casa,LL%_casa,EN_casa,BR_casa,B/E_casa,TO_casa,FC_casa,T/FC_casa,ET_casa,VI_casa,EF_casa,Pts_visitante,3P_visitante,2P_visitante,LL_visitante,RT_visitante,RO_visitante,RD_visitante,AS_visitante,ER_visitante,IA%_visitante,3PC_visitante,3PT_visitante,3P%_visitante,2PC_visitante,2PT_visitante,2P%_visitante,LLC_visitante,LLT_visitante,LL%_visitante,EN_visitante,BR_visitante,B/E_visitante,TO_visitante,FC_visitante,T/FC_visitante,ET_visitante,VI_visitante,EF_visitante
77,56,2009-01-28,1,1,2008-2009,Espírito Santo,Araraquara,1,0.0,0.0,0.0,0.0,0.0,0.0,0.0,0.0,0.0,0.0,0.0,0.0,0.0,0.0,0.0,0.0,0.0,0.0,0.0,0.0,0.0,0.0,0.0,0.0,0.0,0.0,0.0,0.0,0.0,0.0,0.0,0.0,0.0,0.0,0.0,0.0,0.0,0.0,0.0,0.0,0.0,0.0,0.0,0.0,0.0,0.0,0.0,0.0,0.0,0.0,0.0,0.0,0.0,0.0,0.0,0.0
88,75,2009-01-28,1,1,2008-2009,Brasília,Assis,1,0.0,0.0,0.0,0.0,0.0,0.0,0.0,0.0,0.0,0.0,0.0,0.0,0.0,0.0,0.0,0.0,0.0,0.0,0.0,0.0,0.0,0.0,0.0,0.0,0.0,0.0,0.0,0.0,0.0,0.0,0.0,0.0,0.0,0.0,0.0,0.0,0.0,0.0,0.0,0.0,0.0,0.0,0.0,0.0,0.0,0.0,0.0,0.0,0.0,0.0,0.0,0.0,0.0,0.0,0.0,0.0
89,90,2009-01-28,1,1,2008-2009,Pinheiros,Flamengo,0,0.0,0.0,0.0,0.0,0.0,0.0,0.0,0.0,0.0,0.0,0.0,0.0,0.0,0.0,0.0,0.0,0.0,0.0,0.0,0.0,0.0,0.0,0.0,0.0,0.0,0.0,0.0,0.0,0.0,0.0,0.0,0.0,0.0,0.0,0.0,0.0,0.0,0.0,0.0,0.0,0.0,0.0,0.0,0.0,0.0,0.0,0.0,0.0,0.0,0.0,0.0,0.0,0.0,0.0,0.0,0.0
82,76,2009-01-28,1,1,2008-2009,Paulistano,Minas,1,0.0,0.0,0.0,0.0,0.0,0.0,0.0,0.0,0.0,0.0,0.0,0.0,0.0,0.0,0.0,0.0,0.0,0.0,0.0,0.0,0.0,0.0,0.0,0.0,0.0,0.0,0.0,0.0,0.0,0.0,0.0,0.0,0.0,0.0,0.0,0.0,0.0,0.0,0.0,0.0,0.0,0.0,0.0,0.0,0.0,0.0,0.0,0.0,0.0,0.0,0.0,0.0,0.0,0.0,0.0,0.0
73,68,2009-01-28,1,1,2008-2009,Coop/São José Basketball,Lajeado,1,0.0,0.0,0.0,0.0,0.0,0.0,0.0,0.0,0.0,0.0,0.0,0.0,0.0,0.0,0.0,0.0,0.0,0.0,0.0,0.0,0.0,0.0,0.0,0.0,0.0,0.0,0.0,0.0,0.0,0.0,0.0,0.0,0.0,0.0,0.0,0.0,0.0,0.0,0.0,0.0,0.0,0.0,0.0,0.0,0.0,0.0,0.0,0.0,0.0,0.0,0.0,0.0,0.0,0.0,0.0,0.0
93,88,2009-01-28,1,1,2008-2009,Limeira,Joinville,1,0.0,0.0,0.0,0.0,0.0,0.0,0.0,0.0,0.0,0.0,0.0,0.0,0.0,0.0,0.0,0.0,0.0,0.0,0.0,0.0,0.0,0.0,0.0,0.0,0.0,0.0,0.0,0.0,0.0,0.0,0.0,0.0,0.0,0.0,0.0,0.0,0.0,0.0,0.0,0.0,0.0,0.0,0.0,0.0,0.0,0.0,0.0,0.0,0.0,0.0,0.0,0.0,0.0,0.0,0.0,0.0
79,80,2009-01-28,1,1,2008-2009,Saldanha,Sesi Franca,0,0.0,0.0,0.0,0.0,0.0,0.0,0.0,0.0,0.0,0.0,0.0,0.0,0.0,0.0,0.0,0.0,0.0,0.0,0.0,0.0,0.0,0.0,0.0,0.0,0.0,0.0,0.0,0.0,0.0,0.0,0.0,0.0,0.0,0.0,0.0,0.0,0.0,0.0,0.0,0.0,0.0,0.0,0.0,0.0,0.0,0.0,0.0,0.0,0.0,0.0,0.0,0.0,0.0,0.0,0.0,0.0
76,65,2009-01-30,2,1,2008-2009,Brasília,Bauru Basket,1,88.0,24.0,50.0,14.0,29.0,13.0,16.0,14.0,13.0,1.08,8.0,19.0,42.11,25.0,41.0,60.98,14.0,19.0,73.68,3.0,9.0,0.69,4.0,22.0,0.18,13.0,0.0,99.0,0.0,0.0,0.0,0.0,0.0,0.0,0.0,0.0,0.0,0.0,0.0,0.0,0.0,0.0,0.0,0.0,0.0,0.0,0.0,0.0,0.0,0.0,0.0,0.0,0.0,0.0,0.0,0.0
80,81,2009-01-30,2,1,2008-2009,Pinheiros,Minas,0,89.0,18.0,50.0,21.0,39.0,12.0,27.0,16.0,18.0,0.89,6.0,22.0,27.27,25.0,41.0,60.98,21.0,24.0,87.5,2.0,5.0,0.28,3.0,18.0,0.17,18.0,0.0,99.0,76.0,18.0,42.0,16.0,28.0,8.0,20.0,18.0,15.0,1.2,6.0,21.0,28.57,21.0,39.0,53.85,16.0,27.0,59.26,0.0,9.0,0.6,0.0,21.0,0.0,15.0,0.0,72.0
87,96,2009-01-30,2,1,2008-2009,Paulistano,Flamengo,0,82.0,21.0,48.0,13.0,37.0,14.0,23.0,22.0,20.0,1.1,7.0,21.0,33.33,24.0,42.0,57.14,13.0,22.0,59.09,2.0,6.0,0.3,4.0,21.0,0.19,20.0,0.0,90.0,90.0,36.0,44.0,10.0,26.0,10.0,16.0,13.0,9.0,1.44,12.0,31.0,38.71,22.0,43.0,51.16,10.0,15.0,66.67,3.0,9.0,1.0,0.0,20.0,0.0,9.0,0.0,84.0
91,109,2009-01-30,2,1,2008-2009,Coop/São José Basketball,Joinville,0,73.0,21.0,32.0,20.0,35.0,7.0,28.0,12.0,12.0,1.0,7.0,26.0,26.92,16.0,34.0,47.06,20.0,27.0,74.07,0.0,6.0,0.5,4.0,19.0,0.21,12.0,0.0,74.0,88.0,30.0,42.0,16.0,25.0,7.0,18.0,21.0,15.0,1.4,10.0,26.0,38.46,21.0,43.0,48.84,16.0,23.0,69.57,1.0,9.0,0.6,2.0,26.0,0.08,15.0,0.0,85.0
75,72,2009-01-30,2,1,2008-2009,Limeira,Lajeado,1,93.0,42.0,36.0,15.0,32.0,7.0,25.0,19.0,24.0,0.79,14.0,39.0,35.9,18.0,29.0,62.07,15.0,18.0,83.33,1.0,5.0,0.21,5.0,23.0,0.22,24.0,0.0,91.0,68.0,21.0,32.0,15.0,34.0,9.0,25.0,10.0,25.0,0.4,7.0,32.0,21.88,16.0,37.0,43.24,15.0,19.0,78.95,1.0,11.0,0.44,2.0,23.0,0.09,25.0,0.0,50.0
84,72,2009-01-30,2,1,2008-2009,Saldanha,Araraquara,1,79.0,24.0,44.0,11.0,32.0,8.0,24.0,2.0,17.0,0.12,8.0,22.0,36.36,22.0,37.0,59.46,11.0,15.0,73.33,4.0,6.0,0.35,3.0,17.0,0.18,17.0,0.0,72.0,56.0,6.0,42.0,8.0,25.0,5.0,20.0,9.0,19.0,0.47,2.0,23.0,8.7,21.0,44.0,47.73,8.0,15.0,53.33,0.0,13.0,0.68,2.0,21.0,0.1,19.0,0.0,35.0
74,83,2009-01-31,2,1,2008-2009,Espírito Santo,Sesi Franca,0,77.0,12.0,58.0,7.0,31.0,7.0,24.0,19.0,11.0,1.73,4.0,17.0,23.53,29.0,47.0,61.7,7.0,18.0,38.89,0.0,12.0,1.09,2.0,18.0,0.11,11.0,0.0,88.0,80.0,24.0,40.0,16.0,21.0,3.0,18.0,5.0,12.0,0.42,8.0,26.0,30.77,20.0,33.0,60.61,16.0,28.0,57.14,2.0,9.0,0.75,4.0,10.0,0.4,12.0,0.0,64.0
82,65,2009-02-03,3,1,2008-2009,Pinheiros,Paulistano,1,84.5,24.0,39.0,21.5,35.0,9.5,25.5,16.0,16.0,1.015,8.0,23.5,33.635,19.5,36.0,53.06999999999999,21.5,26.5,81.68,3.0,6.0,0.39,2.5,18.0,0.14,16.0,0.0,91.0,84.5,25.5,42.0,17.0,28.5,10.5,18.0,21.0,19.0,1.105,8.5,21.0,40.474999999999994,21.0,35.5,59.605000000000004,17.0,24.5,68.435,1.5,6.5,0.345,2.5,22.0,0.115,19.0,0.0,89.5
83,73,2009-02-03,3,1,2008-2009,Coop/São José Basketball,Limeira,1,82.0,25.5,34.0,22.5,30.0,8.5,21.5,13.5,12.0,1.125,8.5,29.5,28.61,17.0,33.5,50.805,22.5,30.0,74.91499999999999,0.0,6.5,0.54,4.0,22.5,0.18,12.0,0.0,79.0,84.0,33.0,33.0,18.0,29.5,6.0,23.5,16.0,21.5,0.7350000000000001,11.0,32.0,33.95,16.5,28.5,57.82,18.0,21.0,85.41499999999999,1.0,4.5,0.21,4.5,22.5,0.2,21.5,0.0,81.0
63,74,2009-02-03,3,1,2008-2009,Saldanha,Espírito Santo,0,81.5,25.5,38.0,18.0,31.0,6.5,24.5,6.5,18.0,0.35,8.5,21.5,39.61,19.0,33.0,57.315,18.0,25.5,71.38499999999999,4.5,9.0,0.49,4.0,19.5,0.20500000000000002,18.0,0.0,79.5,75.5,16.5,51.0,8.0,31.5,7.0,24.5,14.5,10.5,1.365,5.5,21.5,25.225,25.5,44.5,57.040000000000006,8.0,16.5,49.445,0.5,9.5,0.895,2.0,22.0,0.095,10.5,0.0,79.0
82,87,2009-02-03,3,1,2008-2009,Araraquara,Sesi Franca,0,64.0,18.0,34.0,12.0,25.5,6.0,19.5,7.0,19.0,0.365,6.0,26.0,21.589999999999996,17.0,35.5,47.94,12.0,21.5,55.235,0.5,11.5,0.605,2.5,23.5,0.11,19.0,0.0,43.5,81.5,19.5,43.0,19.0,29.0,6.5,22.5,11.0,12.0,0.9199999999999999,6.5,21.5,30.09,21.5,37.0,58.355000000000004,19.0,28.0,67.85499999999999,1.0,8.0,0.665,2.0,11.0,0.2,12.0,0.0,80.0
78,56,2009-02-03,3,1,2008-2009,Joinville,Lajeado,1,98.5,37.5,43.0,18.0,27.5,8.5,19.0,21.5,17.0,1.2799999999999998,12.5,27.5,45.09,21.5,38.5,56.775,18.0,24.0,74.785,0.5,6.0,0.38,2.5,26.0,0.1,17.0,0.0,101.0,70.0,15.0,35.0,20.0,36.0,11.5,24.5,12.5,21.0,0.64,5.0,26.5,18.085,17.5,39.5,44.24,20.0,28.0,73.25999999999999,0.5,8.5,0.395,1.5,24.0,0.065,21.0,0.0,56.0
85,102,2009-02-03,3,1,2008-2009,Minas,Flamengo,0,78.5,19.5,46.0,13.0,30.5,8.5,22.0,20.0,14.0,1.4449999999999998,6.5,19.5,33.730000000000004,23.0,43.5,52.965,13.0,21.5,60.879999999999995,0.5,7.0,0.49,0.5,23.0,0.02,14.0,0.0,80.5,93.0,39.0,40.0,14.0,27.5,13.0,14.5,16.0,13.5,1.25,13.0,28.5,46.28,20.0,40.0,49.905,14.0,18.0,76.19,2.5,8.5,0.72,1.5,22.0,0.065,13.5,0.0,93.5
78,77,2009-02-03,3,1,2008-2009,Assis,Bauru Basket,1,75.0,18.0,36.0,21.0,28.0,8.0,20.0,6.0,16.0,0.38,6.0,22.0,27.27,18.0,33.0,54.55,21.0,26.0,80.77,1.0,7.0,0.44,3.0,15.0,0.2,16.0,0.0,67.0,65.0,15.0,38.0,12.0,29.0,6.0,23.0,5.0,12.0,0.42,5.0,20.0,25.0,19.0,40.0,47.5,12.0,21.0,57.14,1.0,4.0,0.33,2.0,19.0,0.11,12.0,0.0,48.0
70,65,2009-02-11,4,1,2008-2009,Joinville,Espírito Santo,1,91.66666666666667,35.0,42.666666666666664,14.0,31.0,9.0,22.0,20.333333333333332,17.666666666666668,1.17,11.666666666666666,27.333333333333332,42.406666666666666,21.333333333333332,37.666666666666664,57.29333333333333,14.0,19.0,72.08,0.6666666666666666,6.333333333333333,0.37666666666666665,1.6666666666666667,22.666666666666668,0.06666666666666667,17.666666666666668,0.0,96.33333333333333,75.0,17.0,46.666666666666664,11.333333333333334,28.333333333333332,7.333333333333333,21.0,11.333333333333334,12.666666666666666,1.0066666666666666,5.666666666666667,20.666666666666668,27.343333333333334,23.333333333333332,39.333333333333336,59.866666666666674,11.333333333333334,17.666666666666668,62.96333333333333,0.3333333333333333,11.0,0.87,1.3333333333333333,21.333333333333332,0.06333333333333334,12.666666666666666,0.0,77.0
77,80,2009-02-11,4,1,2008-2009,Lajeado,Saldanha,0,65.33333333333333,13.0,36.0,16.333333333333332,33.0,11.666666666666666,21.333333333333332,11.0,19.333333333333332,0.5933333333333334,4.333333333333333,23.666666666666668,17.613333333333333,18.0,41.0,43.88666666666666,16.333333333333332,23.666666666666668,68.83999999999999,0.6666666666666666,9.333333333333334,0.49333333333333335,1.0,19.666666666666668,0.043333333333333335,19.333333333333332,0.0,50.666666666666664,75.33333333333333,22.0,37.333333333333336,16.0,31.333333333333332,10.0,21.333333333333332,6.0,19.0,0.3133333333333333,7.333333333333333,21.666666666666668,33.983333333333334,18.666666666666668,34.0,54.876666666666665,16.0,22.333333333333332,72.58999999999999,3.6666666666666665,9.333333333333334,0.48666666666666664,2.6666666666666665,19.666666666666668,0.1366666666666667,19.0,0.0,69.66666666666667
79,85,2009-02-11,4,1,2008-2009,Limeira,Minas,0,80.33333333333333,31.0,31.333333333333332,18.0,28.666666666666668,6.333333333333333,22.333333333333332,14.666666666666666,25.666666666666668,0.6066666666666668,10.333333333333334,28.333333333333332,36.92,15.666666666666666,29.0,54.10333333333333,18.0,21.333333333333332,84.21666666666665,1.6666666666666667,5.333333333333333,0.21,3.0,21.333333333333332,0.13333333333333333,25.666666666666668,0.0,71.66666666666667,80.66666666666667,20.0,46.666666666666664,14.0,31.333333333333332,8.666666666666666,22.666666666666668,19.0,14.666666666666666,1.3166666666666667,6.666666666666667,21.333333333333332,31.820000000000004,23.333333333333332,42.333333333333336,55.31,14.0,21.0,67.25333333333333,1.0,5.333333333333333,0.36999999999999994,1.3333333333333333,21.666666666666668,0.06666666666666667,14.666666666666666,0.0,82.33333333333333
72,90,2009-02-11,4,1,2008-2009,Coop/São José Basketball,Flamengo,0,82.33333333333333,26.0,38.666666666666664,17.666666666666668,27.666666666666668,7.333333333333333,20.333333333333332,14.333333333333334,14.0,1.0466666666666666,8.666666666666666,28.333333333333332,30.613333333333333,19.333333333333332,34.666666666666664,55.49,17.666666666666668,23.666666666666668,74.18666666666667,0.0,7.666666666666667,0.5466666666666667,3.0,23.666666666666668,0.13333333333333333,14.0,0.0,80.0,96.0,37.0,45.333333333333336,13.666666666666666,30.0,12.666666666666666,17.333333333333332,17.0,12.0,1.5366666666666664,12.333333333333334,28.666666666666668,43.49666666666667,22.666666666666668,42.0,53.56,13.666666666666666,19.0,71.42666666666666,2.0,7.666666666666667,0.7033333333333333,1.3333333333333333,20.666666666666668,0.06333333333333334,12.0,0.0,99.0
68,73,2009-02-11,4,1,2008-2009,Assis,Paulistano,0,76.5,21.0,36.0,19.5,28.5,8.5,20.0,10.5,11.5,1.26,7.0,24.0,29.02,18.0,33.5,53.745,19.5,26.5,73.72,1.0,6.5,0.65,3.5,16.5,0.21000000000000002,11.5,0.0,74.5,78.0,23.0,41.333333333333336,13.666666666666666,28.666666666666668,10.333333333333334,18.333333333333332,21.333333333333332,15.666666666666666,1.55,7.666666666666667,24.0,33.65,20.666666666666668,36.666666666666664,56.830000000000005,13.666666666666666,20.666666666666668,63.57333333333333,1.3333333333333333,6.0,0.4166666666666667,4.0,22.333333333333332,0.17666666666666667,15.666666666666666,0.0,83.0
88,82,2009-02-11,4,1,2008-2009,Bauru Basket,Pinheiros,1,71.0,13.5,44.0,13.5,27.5,5.5,22.0,6.5,11.5,0.575,4.5,16.5,27.884999999999998,22.0,41.5,52.82,13.5,19.0,72.69,0.5,3.5,0.30000000000000004,2.0,21.0,0.1,11.5,0.0,62.0,83.66666666666667,27.0,36.666666666666664,20.0,37.0,10.333333333333334,26.666666666666668,16.0,15.0,1.0866666666666667,9.0,23.666666666666668,37.699999999999996,18.333333333333332,36.333333333333336,49.79333333333333,20.0,25.666666666666668,78.06333333333333,3.0,5.666666666666667,0.3866666666666667,2.3333333333333335,17.0,0.1366666666666667,15.0,0.0,91.33333333333333
77,64,2009-02-12,4,1,2008-2009,Araraquara,Brasília,1,70.0,23.0,36.666666666666664,10.333333333333334,28.666666666666668,6.666666666666667,22.0,10.333333333333334,16.0,0.8099999999999999,7.666666666666667,30.333333333333332,23.796666666666663,18.333333333333332,35.0,52.54666666666666,10.333333333333334,18.333333333333332,56.26666666666667,0.6666666666666666,9.0,0.5366666666666666,3.6666666666666665,22.333333333333332,0.17333333333333334,16.0,0.0,58.333333333333336,82.0,19.5,49.0,13.5,33.5,11.0,22.5,13.5,14.0,0.9750000000000001,6.5,20.0,32.96,24.5,41.0,59.76,13.5,20.0,67.79,1.5,8.0,0.58,5.0,20.0,0.255,14.0,0.0,91.5
59,66,2009-02-13,5,1,2008-2009,Sesi Franca,Brasília,0,83.33333333333333,20.0,45.333333333333336,18.0,30.333333333333332,6.0,24.333333333333332,13.666666666666666,12.0,1.14,6.666666666666667,22.666666666666668,29.393333333333334,22.666666666666668,41.666666666666664,55.24333333333334,18.0,26.0,69.48,0.6666666666666666,8.0,0.6666666666666666,1.6666666666666667,12.666666666666666,0.15333333333333335,12.0,0.0,82.0,76.0,21.0,42.0,13.0,34.333333333333336,9.666666666666666,24.666666666666668,14.0,15.666666666666666,0.9133333333333334,7.0,21.333333333333332,33.083333333333336,21.0,38.0,54.423333333333325,13.0,20.0,65.19333333333334,1.6666666666666667,8.0,0.5266666666666666,3.6666666666666665,21.666666666666668,0.18333333333333335,15.666666666666666,0.0,82.0
93,50,2009-02-13,5,1,2008-2009,Joinville,Saldanha,1,86.25,33.75,38.5,14.0,32.75,7.75,25.0,19.0,17.0,1.1275,11.25,27.5,40.7325,19.25,35.5,54.177499999999995,14.0,18.5,74.64750000000001,0.5,6.5,0.39999999999999997,2.0,22.75,0.0825,17.0,0.0,92.5,76.5,21.0,40.0,15.5,30.0,8.0,22.0,6.5,18.5,0.3525,7.0,21.25,32.9875,20.0,34.25,58.3,15.5,22.75,69.02499999999999,4.0,9.75,0.5275,2.25,20.5,0.1125,18.5,0.0,70.75
84,93,2009-02-13,5,1,2008-2009,Lajeado,Espírito Santo,0,68.25,11.25,41.0,16.0,32.25,12.0,20.25,11.0,19.0,0.5975,3.75,19.75,19.46,20.5,44.25,45.8775,16.0,24.5,65.52,0.5,9.75,0.5225,0.75,20.0,0.0325,19.0,0.0,54.75,72.5,15.75,44.5,12.25,29.25,8.25,21.0,10.0,12.75,0.87,5.25,21.25,24.855,22.25,38.5,58.095000000000006,12.25,20.75,59.7225,0.5,11.75,0.9225,1.0,21.5,0.0475,12.75,0.0,71.0
108,101,2009-02-13,5,1,2008-2009,Limeira,Flamengo,1,80.0,30.0,32.0,18.0,30.5,8.25,22.25,15.25,22.0,0.8425,10.0,28.5,35.447500000000005,16.0,31.5,51.475,18.0,22.0,81.9125,1.25,5.5,0.29500000000000004,4.5,22.25,0.19,22.0,0.0,75.75,94.5,35.25,46.0,13.25,31.25,11.5,19.75,15.0,14.25,1.2599999999999998,11.75,26.5,45.1225,23.0,42.0,54.455,13.25,19.0,69.36,1.5,7.25,0.6,1.0,19.5,0.0475,14.25,0.0,95.25
88,89,2009-02-13,5,1,2008-2009,Coop/São José Basketball,Minas,0,79.75,26.25,38.0,15.5,27.25,7.5,19.75,13.75,15.0,0.9525,8.75,28.75,30.46,19.0,35.0,54.1175,15.5,21.5,70.64,0.25,7.5,0.5075000000000001,3.0,23.0,0.135,15.0,0.0,74.25,81.75,22.5,44.0,15.25,35.0,10.25,24.75,19.25,14.25,1.3725,7.5,22.25,33.865,22.0,41.75,52.7325,15.25,23.0,66.82,0.75,5.5,0.39249999999999996,1.0,22.0,0.05,14.25,0.0,86.0
87,77,2009-02-13,5,1,2008-2009,Assis,Pinheiros,1,73.66666666666667,19.0,33.333333333333336,21.333333333333332,30.333333333333332,10.333333333333334,20.0,12.0,11.333333333333334,1.2933333333333332,6.333333333333333,21.666666666666668,29.150000000000002,16.666666666666668,32.666666666666664,50.883333333333326,21.333333333333332,30.333333333333332,71.07666666666667,1.3333333333333333,6.666666666666667,0.6466666666666666,3.6666666666666665,18.666666666666668,0.19666666666666668,11.333333333333334,0.0,74.66666666666667,83.25,27.75,36.0,19.5,34.5,9.25,25.25,15.75,14.0,1.155,9.25,23.75,38.692499999999995,18.0,33.75,53.69,19.5,26.0,75.215,2.5,5.0,0.35750000000000004,1.75,17.5,0.10250000000000001,14.0,0.0,89.5
88,72,2009-02-13,5,1,2008-2009,Bauru Basket,Paulistano,1,76.66666666666667,17.0,44.666666666666664,15.0,27.333333333333332,5.0,22.333333333333332,8.333333333333334,10.666666666666666,0.8266666666666667,5.666666666666667,16.666666666666668,34.276666666666664,22.333333333333332,42.0,53.04333333333333,15.0,19.333333333333332,78.46,1.0,4.0,0.3866666666666667,2.6666666666666665,21.333333333333332,0.12666666666666668,10.666666666666666,0.0,73.33333333333333,76.75,24.75,37.5,14.5,30.75,11.5,19.25,18.75,15.75,1.335,8.25,23.5,36.599999999999994,18.75,35.0,53.455,14.5,21.0,66.9975,1.25,6.25,0.4225,3.5,23.75,0.15000000000000002,15.75,0.0,82.25
70,57,2009-02-18,6,1,2008-2009,Minas,Bauru Basket,1,83.2,23.4,45.2,14.6,36.0,10.8,25.2,19.4,15.0,1.32,7.8,22.8,34.292,22.6,41.6,54.382000000000005,14.6,21.4,69.45599999999999,1.0,5.6,0.38,1.4,21.2,0.074,15.0,0.0,89.8,79.5,21.0,43.5,15.0,27.0,6.75,20.25,10.75,10.25,1.12,7.0,18.0,38.207499999999996,21.75,42.0,51.6875,15.0,19.75,76.7025,0.75,4.5,0.4575,2.75,19.5,0.1475,10.25,0.0,78.25
104,72,2009-02-18,6,1,2008-2009,Brasília,Saldanha,1,73.5,18.75,44.0,10.75,37.0,10.75,26.25,13.5,17.25,0.8225,6.25,20.25,30.695,22.0,40.25,54.114999999999995,10.75,16.0,73.89500000000001,2.25,7.75,0.475,3.25,20.5,0.1675,17.25,0.0,80.25,71.2,19.8,37.6,13.8,30.6,8.8,21.8,5.6,19.0,0.302,6.6,21.4,30.935999999999996,18.8,36.6,52.726,13.8,20.8,65.99,3.4,10.4,0.546,2.4,19.8,0.126,19.0,0.0,61.6
90,85,2009-02-18,6,1,2008-2009,Araraquara,Limeira,1,71.75,22.5,35.5,13.75,30.0,7.25,22.75,11.5,15.75,0.8574999999999999,7.5,28.5,25.455,17.75,34.25,51.91,13.75,21.5,61.55500000000001,0.5,9.0,0.5525,4.75,21.5,0.235,15.75,0.0,66.0,85.6,32.4,33.2,20.0,30.2,8.6,21.6,16.4,20.0,1.024,10.8,28.2,38.728,16.6,31.6,53.056000000000004,20.0,24.6,81.53,2.2,5.8,0.35200000000000004,4.6,22.6,0.194,20.0,0.0,85.6
91,84,2009-02-18,6,1,2008-2009,Sesi Franca,Coop/São José Basketball,1,77.75,19.5,42.5,15.75,31.0,8.0,23.0,13.0,12.0,1.085,6.5,23.0,28.295,21.25,43.5,50.105000000000004,15.75,22.75,69.4175,1.0,10.75,0.895,2.5,13.5,0.1925,12.0,0.0,77.25,81.4,28.2,37.2,16.0,26.6,7.2,19.4,13.8,14.4,0.9960000000000001,9.4,27.6,34.802,18.6,36.0,51.794000000000004,16.0,21.6,72.876,0.2,7.2,0.506,2.4,21.6,0.10800000000000001,14.4,0.0,75.8
67,48,2009-02-18,6,1,2008-2009,Joinville,Paulistano,1,87.6,31.2,42.0,14.4,35.4,8.2,27.2,19.4,16.8,1.1640000000000001,10.4,25.8,39.954,21.0,37.6,55.516,14.4,19.4,73.632,0.8,8.2,0.508,3.0,21.0,0.166,16.8,0.0,99.8,75.8,24.6,38.4,12.8,29.8,11.4,18.4,17.8,15.4,1.268,8.2,23.2,36.552,19.2,34.6,55.492,12.8,18.6,66.932,1.4,6.2,0.42400000000000004,3.2,23.4,0.138,15.4,0.0,81.2
86,85,2009-02-18,6,1,2008-2009,Lajeado,Pinheiros,1,71.4,13.2,40.8,17.4,30.6,11.8,18.8,9.6,17.0,0.5660000000000001,4.4,19.8,22.568,20.4,42.2,48.465999999999994,17.4,26.2,66.356,0.4,8.6,0.506,1.0,21.6,0.04,17.0,0.0,58.2,82.0,27.0,36.8,18.2,30.8,8.2,22.6,15.4,12.8,1.274,9.0,23.2,38.574,18.4,33.6,55.074,18.2,24.4,74.61600000000001,2.4,4.8,0.386,1.6,17.8,0.092,12.8,0.0,86.2
86,84,2009-02-20,7,1,2008-2009,Sesi Franca,Limeira,1,81.8,19.8,44.4,17.6,31.6,9.2,22.4,15.8,11.8,1.358,6.6,22.0,30.413999999999998,22.2,44.6,50.696000000000005,17.6,23.6,74.05199999999999,0.8,11.0,0.9339999999999999,2.4,15.2,0.172,11.8,0.0,87.0,85.5,32.0,34.333333333333336,19.166666666666668,30.0,7.833333333333333,22.166666666666668,16.5,18.5,1.1116666666666666,10.666666666666666,27.5,39.218333333333334,17.166666666666668,33.666666666666664,51.788333333333334,19.166666666666668,24.333333333333332,78.81166666666667,2.3333333333333335,7.666666666666667,0.5516666666666667,4.5,22.333333333333332,0.19333333333333333,18.5,0.0,87.16666666666667
103,78,2009-02-20,7,1,2008-2009,Brasília,Espírito Santo,1,79.6,17.4,47.6,14.6,35.4,10.6,24.8,14.2,15.4,1.084,5.8,19.4,29.556,23.8,41.4,56.769999999999996,14.6,20.0,75.78200000000001,1.8,7.4,0.53,4.0,21.2,0.192,15.4,0.0,88.6,76.6,19.2,43.2,14.2,28.2,7.0,21.2,9.4,12.8,0.8039999999999999,6.4,21.2,30.360000000000003,21.6,36.2,60.55,14.2,23.4,60.71999999999999,0.8,10.8,0.8460000000000001,1.0,23.0,0.044,12.8,0.0,74.6
72,71,2009-02-20,7,1,2008-2009,Araraquara,Coop/São José Basketball,1,75.4,23.4,37.2,14.8,30.2,6.4,23.8,13.6,15.0,1.052,7.8,28.2,27.029999999999994,18.6,34.2,54.46999999999999,14.8,21.2,68.244,0.6,9.2,0.608,5.0,21.6,0.242,15.0,0.0,76.0,81.83333333333333,27.0,39.0,15.833333333333334,26.5,7.5,19.0,13.5,14.0,0.9966666666666667,9.0,26.333333333333332,34.835,19.5,37.0,52.685,15.833333333333334,21.5,72.635,0.3333333333333333,6.666666666666667,0.47666666666666674,2.3333333333333335,21.666666666666668,0.105,14.0,0.0,76.33333333333333
90,72,2009-02-20,7,1,2008-2009,Lajeado,Paulistano,1,73.83333333333333,14.0,41.333333333333336,18.5,30.166666666666668,11.166666666666666,19.0,8.833333333333334,15.666666666666666,0.5650000000000001,4.666666666666667,19.833333333333332,23.80666666666667,20.666666666666668,41.5,50.03666666666666,18.5,27.5,67.06166666666667,0.3333333333333333,9.666666666666666,0.6999999999999998,0.8333333333333334,22.0,0.03333333333333333,15.666666666666666,0.0,62.666666666666664,71.16666666666667,22.5,36.0,12.666666666666666,30.0,10.5,19.5,15.5,16.666666666666668,1.085,7.5,22.5,33.968333333333334,18.0,33.833333333333336,52.91,12.666666666666666,18.166666666666668,68.27666666666667,1.3333333333333333,6.0,0.39000000000000007,3.0,22.666666666666668,0.13333333333333333,16.666666666666668,0.0,72.66666666666667
94,84,2009-02-20,7,1,2008-2009,Minas,Assis,1,81.0,22.5,43.666666666666664,14.833333333333334,36.666666666666664,10.166666666666666,26.5,17.333333333333332,15.166666666666666,1.1733333333333336,7.5,23.166666666666668,32.57666666666667,21.833333333333332,40.166666666666664,54.410000000000004,14.833333333333334,21.166666666666668,71.21333333333332,0.8333333333333334,6.166666666666667,0.41,1.8333333333333333,19.833333333333332,0.11333333333333333,15.166666666666666,0.0,87.5,77.0,24.0,32.5,20.5,31.75,10.25,21.5,12.75,10.0,1.595,8.0,22.75,34.3625,16.25,31.0,52.584999999999994,20.5,27.75,75.8075,1.25,5.5,0.5675,3.25,17.75,0.18000000000000002,10.0,0.0,83.5
89,72,2009-02-21,7,1,2008-2009,Joinville,Pinheiros,1,84.16666666666667,30.0,39.666666666666664,14.5,35.333333333333336,9.166666666666666,26.166666666666668,18.833333333333332,15.5,1.2666666666666668,10.0,26.0,38.233333333333334,19.833333333333332,36.833333333333336,53.333333333333336,14.5,20.5,70.97500000000001,1.1666666666666667,8.5,0.6083333333333334,2.8333333333333335,20.333333333333332,0.15833333333333335,15.5,0.0,95.16666666666667,82.5,29.0,35.0,18.5,30.333333333333332,8.166666666666666,22.166666666666668,13.333333333333334,12.333333333333334,1.1116666666666666,9.666666666666666,24.0,39.88333333333333,17.5,32.333333333333336,54.22833333333333,18.5,26.0,71.98333333333333,2.0,5.0,0.4216666666666667,1.5,18.666666666666668,0.08333333333333333,12.333333333333334,0.0,83.66666666666667
76,65,2009-02-23,8,1,2008-2009,Paulistano,Saldanha,1,71.28571428571429,21.428571428571427,35.714285714285715,14.142857142857142,29.857142857142858,10.428571428571429,19.428571428571427,14.571428571428571,16.142857142857142,1.0285714285714285,7.142857142857143,22.285714285714285,32.51714285714286,17.857142857142858,33.42857142857143,53.185714285714276,14.142857142857142,19.714285714285715,69.85285714285715,1.1428571428571428,6.285714285714286,0.42285714285714293,2.857142857142857,22.142857142857142,0.13,16.142857142857142,0.0,72.42857142857143,71.33333333333333,19.5,37.666666666666664,14.166666666666666,30.0,10.166666666666666,19.833333333333332,6.333333333333333,17.833333333333332,0.38999999999999996,6.5,20.666666666666668,31.66166666666666,18.833333333333332,39.333333333333336,49.913333333333334,14.166666666666666,22.0,64.515,3.1666666666666665,9.833333333333334,0.5516666666666666,2.1666666666666665,21.5,0.11,17.833333333333332,0.0,59.333333333333336
72,80,2009-02-24,8,1,2008-2009,Bauru Basket,Araraquara,0,75.0,19.2,41.6,14.2,27.2,6.6,20.6,10.0,11.8,0.974,6.4,18.6,34.376,20.8,41.8,49.642,14.2,18.0,81.362,0.8,5.4,0.466,2.2,19.0,0.118,11.8,0.0,71.0,74.83333333333333,25.0,35.333333333333336,14.5,30.166666666666668,6.166666666666667,24.0,15.333333333333334,15.166666666666666,1.1266666666666667,8.333333333333334,28.0,29.314999999999998,17.666666666666668,33.166666666666664,53.129999999999995,14.5,21.0,67.70333333333333,1.5,8.666666666666666,0.57,5.666666666666667,21.0,0.285,15.166666666666666,0.0,77.83333333333333
84,91,2009-02-25,8,1,2008-2009,Coop/São José Basketball,Brasília,0,80.28571428571429,26.571428571428573,38.285714285714285,15.428571428571429,26.714285714285715,7.428571428571429,19.285714285714285,14.428571428571429,14.285714285714286,1.032857142857143,8.857142857142858,25.428571428571427,35.57285714285714,19.142857142857142,37.142857142857146,51.550000000000004,15.428571428571429,21.428571428571427,71.10142857142857,0.2857142857142857,7.142857142857143,0.4985714285714286,2.5714285714285716,21.428571428571427,0.11857142857142858,14.285714285714286,0.0,76.28571428571429,83.5,18.5,49.0,16.0,36.5,11.0,25.5,14.0,15.333333333333334,1.0483333333333333,6.166666666666667,19.666666666666668,30.98,24.5,42.666666666666664,56.831666666666656,16.0,21.5,76.37,2.0,7.666666666666667,0.5416666666666666,4.166666666666667,22.0,0.19166666666666665,15.333333333333334,0.0,93.33333333333333
101,84,2009-02-25,8,1,2008-2009,Pinheiros,Espírito Santo,1,81.0,28.714285714285715,34.57142857142857,17.714285714285715,30.285714285714285,8.142857142857142,22.142857142857142,13.142857142857142,12.142857142857142,1.1085714285714285,9.571428571428571,25.0,38.332857142857144,17.285714285714285,32.857142857142854,52.83,17.714285714285715,25.0,71.47428571428573,2.0,5.428571428571429,0.46571428571428575,1.5714285714285714,18.571428571428573,0.08714285714285715,12.142857142857142,0.0,81.0,76.83333333333333,19.0,41.666666666666664,16.166666666666668,27.333333333333332,7.166666666666667,20.166666666666668,9.166666666666666,12.333333333333334,0.8033333333333332,6.333333333333333,21.5,29.648333333333337,20.833333333333332,36.666666666666664,57.723333333333336,16.166666666666668,26.5,60.91666666666666,0.6666666666666666,10.833333333333334,0.8883333333333333,1.0,23.333333333333332,0.043333333333333335,12.333333333333334,0.0,71.5
83,80,2009-02-25,8,1,2008-2009,Assis,Sesi Franca,1,78.4,24.0,32.8,21.6,29.8,9.6,20.2,11.8,10.6,1.4,8.0,22.2,35.489999999999995,16.4,32.4,51.016,21.6,28.8,76.40400000000001,1.0,6.8,0.638,2.8,18.2,0.15400000000000003,10.6,0.0,81.6,82.83333333333333,21.5,43.333333333333336,18.0,32.333333333333336,9.5,22.833333333333332,15.333333333333334,12.166666666666666,1.2866666666666666,7.166666666666667,22.833333333333332,31.51833333333333,21.666666666666668,43.833333333333336,50.163333333333334,18.0,24.666666666666668,72.82166666666667,0.8333333333333334,9.5,0.8016666666666666,2.6666666666666665,17.833333333333332,0.165,12.166666666666666,0.0,86.0
105,83,2009-02-25,8,1,2008-2009,Flamengo,Joinville,1,95.8,35.4,44.0,16.4,29.6,10.6,19.0,16.4,13.6,1.408,11.8,25.6,47.008,22.0,40.8,53.564,16.4,21.4,74.19800000000001,1.6,7.2,0.608,1.4,21.0,0.06,13.6,0.0,99.2,84.57142857142857,30.0,40.857142857142854,13.714285714285714,35.57142857142857,8.714285714285714,26.857142857142858,18.571428571428573,15.285714285714286,1.2585714285714287,10.0,25.428571428571427,39.26428571428572,20.428571428571427,36.714285714285715,55.23857142857143,13.714285714285714,19.571428571428573,70.02000000000001,1.4285714285714286,8.285714285714286,0.5928571428571429,3.142857142857143,20.0,0.1757142857142857,15.285714285714286,0.0,97.28571428571429
88,85,2009-02-27,9,1,2008-2009,Limeira,Brasília,1,85.28571428571429,30.0,34.285714285714285,21.0,29.714285714285715,7.571428571428571,22.142857142857142,15.857142857142858,17.285714285714285,1.1242857142857143,10.0,27.142857142857142,37.044285714285714,17.142857142857142,33.714285714285715,51.53285714285715,21.0,25.857142857142858,80.61428571428571,2.5714285714285716,7.142857142857143,0.53,4.571428571428571,22.571428571428573,0.1957142857142857,17.285714285714285,0.0,86.71428571428571,84.28571428571429,18.857142857142858,48.285714285714285,17.142857142857142,37.142857142857146,10.428571428571429,26.714285714285715,15.285714285714286,15.714285714285714,1.0814285714285714,6.285714285714286,19.142857142857142,32.80428571428571,24.142857142857142,41.285714285714285,58.23714285714285,17.142857142857142,22.857142857142858,76.52,1.8571428571428572,7.0,0.48857142857142855,4.285714285714286,21.714285714285715,0.19999999999999998,15.714285714285714,0.0,96.57142857142857
78,67,2009-02-27,9,1,2008-2009,Paulistano,Espírito Santo,1,71.875,21.0,36.5,14.375,30.375,10.5,19.875,14.5,17.25,0.97,7.0,22.375,31.71375,18.25,33.625,54.037499999999994,14.375,20.875,68.0175,1.0,7.25,0.44000000000000006,2.875,21.625,0.135,17.25,0.0,72.375,77.85714285714286,20.571428571428573,41.714285714285715,15.571428571428571,26.857142857142858,7.571428571428571,19.285714285714285,9.428571428571429,11.714285714285714,0.8857142857142856,6.857142857142857,22.428571428571427,30.514285714285716,20.857142857142858,37.714285714285715,56.29571428571429,15.571428571428571,24.714285714285715,64.45857142857142,0.5714285714285714,10.142857142857142,0.8685714285714285,1.0,23.142857142857142,0.04428571428571428,11.714285714285714,0.0,72.0
83,75,2009-02-27,9,1,2008-2009,Pinheiros,Saldanha,1,83.5,30.0,35.75,17.75,30.625,8.0,22.625,14.5,12.5,1.17,10.0,25.25,39.559999999999995,17.875,32.875,54.56,17.75,24.625,72.76750000000001,2.125,5.25,0.44125000000000003,1.625,18.75,0.08875,12.5,0.0,85.875,70.42857142857143,18.0,38.57142857142857,13.857142857142858,29.571428571428573,10.0,19.571428571428573,6.714285714285714,18.714285714285715,0.3885714285714285,6.0,20.0,29.81714285714285,19.285714285714285,39.42857142857143,50.64,13.857142857142858,22.0,63.09142857142857,3.5714285714285716,10.857142857142858,0.5742857142857142,2.0,21.571428571428573,0.10142857142857144,18.714285714285715,0.0,58.57142857142857
92,74,2009-02-27,9,1,2008-2009,Bauru Basket,Sesi Franca,1,74.5,20.5,40.333333333333336,13.666666666666666,29.166666666666668,8.0,21.166666666666668,10.333333333333334,11.5,1.0116666666666667,6.833333333333333,20.0,34.20166666666666,20.166666666666668,40.833333333333336,49.23833333333334,13.666666666666666,18.166666666666668,77.45,0.6666666666666666,6.333333333333333,0.5716666666666667,2.3333333333333335,18.0,0.13666666666666666,11.5,0.0,72.83333333333333,83.0,21.857142857142858,44.0,17.142857142857142,32.857142857142854,9.571428571428571,23.285714285714285,15.142857142857142,12.0,1.2842857142857143,7.285714285714286,23.0,31.777142857142856,22.0,44.142857142857146,50.45,17.142857142857142,24.428571428571427,69.87142857142858,1.0,9.142857142857142,0.7785714285714285,2.7142857142857144,19.0,0.15857142857142856,12.0,0.0,85.71428571428571
81,79,2009-02-27,9,1,2008-2009,Assis,Araraquara,1,79.16666666666667,24.0,34.333333333333336,20.833333333333332,30.833333333333332,9.0,21.833333333333332,11.5,10.666666666666666,1.3183333333333334,8.0,22.166666666666668,35.635,17.166666666666668,32.833333333333336,52.51333333333333,20.833333333333332,28.833333333333332,73.44000000000001,1.0,6.666666666666667,0.6233333333333334,2.8333333333333335,18.333333333333332,0.15500000000000003,10.666666666666666,0.0,82.5,75.57142857142857,25.714285714285715,36.0,13.857142857142858,30.857142857142858,6.142857142857143,24.714285714285715,15.428571428571429,15.428571428571429,1.0999999999999999,8.571428571428571,27.0,31.93,18.0,34.142857142857146,52.68285714285714,13.857142857142858,20.428571428571427,66.43428571428572,1.4285714285714286,8.0,0.5228571428571429,5.571428571428571,20.428571428571427,0.2857142857142857,15.428571428571429,0.0,78.85714285714286
110,69,2009-02-27,9,1,2008-2009,Flamengo,Lajeado,1,97.33333333333333,35.0,46.666666666666664,15.666666666666666,31.333333333333332,10.0,21.333333333333332,17.5,13.666666666666666,1.4466666666666665,11.666666666666666,25.166666666666668,47.145,23.333333333333332,42.0,55.053333333333335,15.666666666666666,20.166666666666668,76.11666666666666,1.5,7.833333333333333,0.6383333333333333,1.6666666666666667,20.333333333333332,0.08,13.666666666666666,0.0,105.33333333333333,76.14285714285714,15.428571428571429,42.285714285714285,18.428571428571427,30.428571428571427,10.571428571428571,19.857142857142858,9.857142857142858,15.571428571428571,0.6371428571428571,5.142857142857143,19.571428571428573,26.754285714285714,21.142857142857142,41.285714285714285,51.459999999999994,18.428571428571427,26.571428571428573,69.72571428571429,0.2857142857142857,9.0,0.647142857142857,1.0,21.714285714285715,0.042857142857142864,15.571428571428571,0.0,68.14285714285714
103,97,2009-03-01,7,1,2008-2009,Flamengo,Bauru Basket,1,99.14285714285714,33.857142857142854,49.142857142857146,16.142857142857142,32.57142857142857,10.285714285714286,22.285714285714285,18.0,13.571428571428571,1.4714285714285715,11.285714285714286,24.714285714285715,46.25428571428571,24.571428571428573,42.857142857142854,56.712857142857146,16.142857142857142,20.571428571428573,77.0442857142857,2.0,8.142857142857142,0.6571428571428571,1.7142857142857142,19.714285714285715,0.08714285714285715,13.571428571428571,0.0,109.85714285714286,77.0,20.571428571428573,42.0,14.428571428571429,29.571428571428573,7.571428571428571,22.0,11.857142857142858,10.714285714285714,1.3671428571428572,6.857142857142857,20.0,34.315714285714286,21.0,40.57142857142857,51.728571428571435,14.428571428571429,19.285714285714285,76.82571428571428,1.2857142857142858,6.428571428571429,0.6571428571428571,2.4285714285714284,18.571428571428573,0.13714285714285715,10.714285714285714,0.0,79.0
96,94,2009-03-04,10,1,2008-2009,Brasília,Pinheiros,1,84.375,19.875,48.25,16.25,38.375,10.5,27.875,15.125,16.5,1.02625,6.625,20.25,32.72125,24.125,41.5,57.933749999999996,16.25,22.125,74.3075,1.75,6.75,0.45625,4.0,22.625,0.18375,16.5,0.0,95.25,83.44444444444444,29.333333333333332,35.111111111111114,19.0,31.333333333333332,8.11111111111111,23.22222222222222,14.444444444444445,13.0,1.1311111111111112,9.777777777777779,25.11111111111111,38.867777777777775,17.555555555555557,32.77777777777778,53.70666666666667,19.0,26.22222222222222,72.94444444444446,1.8888888888888888,5.222222222222222,0.42444444444444446,1.6666666666666667,18.555555555555557,0.09222222222222222,13.0,0.0,85.33333333333333
73,84,2009-03-04,10,1,2008-2009,Coop/São José Basketball,Bauru Basket,0,80.75,27.75,37.0,16.0,26.125,7.375,18.75,14.625,13.75,1.10375,9.25,26.375,35.67125,18.5,36.875,50.10625,16.0,22.125,71.4725,0.25,7.0,0.51125,2.625,22.375,0.11625,13.75,0.0,75.75,79.5,24.375,41.25,13.875,28.625,7.5,21.125,12.125,10.625,1.37125,8.125,21.375,36.881249999999994,20.625,39.125,53.02125,13.875,18.625,76.15125,1.25,6.25,0.6375,2.375,18.125,0.13624999999999998,10.625,0.0,81.75
80,78,2009-03-04,10,1,2008-2009,Limeira,Assis,1,85.625,29.25,34.75,21.625,30.75,7.75,23.0,15.25,16.875,1.0825,9.75,27.125,36.1175,17.375,35.125,50.368750000000006,21.625,27.0,79.82374999999999,2.375,8.25,0.6062500000000001,4.5,22.25,0.19624999999999998,16.875,0.0,87.0,79.42857142857143,23.142857142857142,36.285714285714285,20.0,30.285714285714285,9.285714285714286,21.0,11.571428571428571,10.714285714285714,1.2857142857142858,7.714285714285714,21.0,36.667142857142856,18.142857142857142,33.57142857142857,54.034285714285716,20.0,28.571428571428573,70.88571428571429,1.2857142857142858,7.285714285714286,0.6771428571428572,3.0,18.0,0.1685714285714286,10.714285714285714,0.0,83.57142857142857
81,104,2009-03-04,10,1,2008-2009,Saldanha,Flamengo,0,71.0,18.375,39.25,13.375,29.0,9.375,19.625,7.875,18.25,0.47375,6.125,20.0,30.464999999999996,19.625,40.0,50.56,13.375,20.875,64.82,3.375,10.875,0.59375,2.25,22.25,0.10750000000000001,18.25,0.0,61.0,99.625,35.25,48.75,15.625,31.25,9.75,21.5,18.75,13.25,1.56,11.75,24.5,48.625,24.375,42.125,57.39375,15.625,19.875,77.41375,1.875,7.75,0.63125,1.5,19.0,0.07625,13.25,0.0,110.875
69,99,2009-03-04,10,1,2008-2009,Espírito Santo,Minas,0,76.5,19.125,41.5,15.875,27.375,7.5,19.875,9.875,11.875,0.8999999999999999,6.375,22.0,28.673750000000002,20.75,37.875,55.66875,15.875,25.375,63.90124999999999,0.625,9.875,0.8375,1.125,22.75,0.051250000000000004,11.875,0.0,70.625,82.85714285714286,21.857142857142858,45.714285714285715,15.285714285714286,36.857142857142854,10.714285714285714,26.142857142857142,17.142857142857142,15.571428571428571,1.132857142857143,7.285714285714286,21.571428571428573,35.065714285714286,22.857142857142858,41.57142857142857,54.92285714285715,15.285714285714286,21.571428571428573,71.75428571428571,1.1428571428571428,6.285714285714286,0.40714285714285714,1.7142857142857142,20.0,0.10428571428571429,15.571428571428571,0.0,90.0
61,66,2009-03-04,10,1,2008-2009,Araraquara,Lajeado,0,76.0,27.75,35.25,13.0,30.25,6.5,23.75,15.25,15.25,1.0875,9.25,27.125,34.18875,17.625,33.375,52.793749999999996,13.0,19.125,66.88,1.375,7.75,0.51125,5.25,20.625,0.2675,15.25,0.0,79.5,75.25,16.875,40.75,17.625,29.75,10.25,19.5,10.25,15.625,0.65875,5.625,20.625,27.427500000000002,20.375,40.875,49.96124999999999,17.625,25.75,68.50999999999999,0.25,8.75,0.62125,1.0,21.875,0.0425,15.625,0.0,65.75
71,72,2009-03-04,10,1,2008-2009,Sesi Franca,Joinville,0,82.125,20.625,44.75,16.75,32.5,9.5,23.0,14.125,11.75,1.21125,6.875,22.0,31.13875,22.375,44.75,50.52125,16.75,23.625,70.86,0.875,8.5,0.73125,2.375,19.625,0.13874999999999998,11.75,0.0,83.5,84.375,30.75,39.75,13.875,35.125,8.75,26.375,18.25,15.375,1.22625,10.25,27.0,38.30375,19.875,36.25,54.393750000000004,13.875,19.375,71.68375,1.375,8.125,0.5737500000000001,3.0,19.125,0.1725,15.375,0.0,94.875
105,84,2009-03-06,11,1,2008-2009,Brasília,Paulistano,1,85.66666666666667,20.0,49.111111111111114,16.555555555555557,37.666666666666664,10.0,27.666666666666668,15.222222222222221,16.11111111111111,1.048888888888889,6.666666666666667,20.11111111111111,33.17888888888889,24.555555555555557,41.44444444444444,59.08444444444444,16.555555555555557,22.77777777777778,73.59111111111112,1.7777777777777777,6.666666666666667,0.4566666666666667,4.0,22.666666666666668,0.1822222222222222,16.11111111111111,0.0,96.55555555555556,72.55555555555556,20.666666666666668,37.55555555555556,14.333333333333334,31.22222222222222,10.444444444444445,20.77777777777778,14.777777777777779,16.77777777777778,1.0077777777777779,6.888888888888889,22.11111111111111,31.523333333333337,18.77777777777778,34.44444444444444,54.266666666666666,14.333333333333334,21.22222222222222,66.94111111111111,1.0,7.0,0.43333333333333335,3.111111111111111,22.333333333333332,0.14,16.77777777777778,0.0,74.11111111111111
68,69,2009-03-06,11,1,2008-2009,Coop/São José Basketball,Assis,0,79.88888888888889,28.333333333333332,36.44444444444444,15.11111111111111,25.666666666666668,7.555555555555555,18.11111111111111,14.222222222222221,14.0,1.0577777777777777,9.444444444444445,26.555555555555557,36.07333333333334,18.22222222222222,37.0,49.21777777777778,15.11111111111111,20.666666666666668,73.40777777777777,0.2222222222222222,7.111111111111111,0.51,2.5555555555555554,22.11111111111111,0.11444444444444445,14.0,0.0,74.0,79.25,22.875,36.5,19.875,30.375,8.5,21.875,11.625,11.5,1.21375,7.625,20.625,36.945,18.25,34.25,53.370000000000005,19.875,28.0,71.92125,1.125,7.125,0.63625,3.375,19.25,0.17375000000000002,11.5,0.0,83.125
89,66,2009-03-06,11,1,2008-2009,Limeira,Bauru Basket,1,85.0,28.0,34.666666666666664,22.333333333333332,30.444444444444443,7.222222222222222,23.22222222222222,15.444444444444445,16.555555555555557,1.0966666666666667,9.333333333333334,25.88888888888889,36.27111111111111,17.333333333333332,35.111111111111114,50.168888888888894,22.333333333333332,28.555555555555557,78.54222222222221,2.4444444444444446,8.333333333333334,0.61,4.888888888888889,22.11111111111111,0.21666666666666665,16.555555555555557,0.0,87.0,80.0,26.333333333333332,40.22222222222222,13.444444444444445,28.0,7.111111111111111,20.88888888888889,12.666666666666666,10.777777777777779,1.3766666666666667,8.777777777777779,21.77777777777778,39.00555555555555,20.11111111111111,38.0,53.260000000000005,13.444444444444445,18.22222222222222,75.09777777777778,1.1111111111111112,5.888888888888889,0.5944444444444444,2.111111111111111,17.555555555555557,0.1211111111111111,10.777777777777779,0.0,82.22222222222223
76,87,2009-03-06,11,1,2008-2009,Saldanha,Minas,0,72.11111111111111,19.333333333333332,39.55555555555556,13.222222222222221,29.666666666666668,9.777777777777779,19.88888888888889,8.555555555555555,17.77777777777778,0.5322222222222223,6.444444444444445,20.11111111111111,31.84222222222222,19.77777777777778,40.77777777777778,49.906666666666666,13.222222222222221,20.88888888888889,63.96666666666666,3.4444444444444446,10.333333333333334,0.5755555555555555,2.111111111111111,21.88888888888889,0.10111111111111112,17.77777777777778,0.0,62.666666666666664,84.875,24.375,45.5,15.0,36.375,10.375,26.0,17.75,15.375,1.1875,8.125,21.375,39.432500000000005,22.75,40.75,55.915000000000006,15.0,21.25,71.33749999999999,1.375,6.25,0.41000000000000003,1.875,20.0,0.11,15.375,0.0,94.25
76,78,2009-03-06,11,1,2008-2009,Araraquara,Joinville,0,74.33333333333333,27.333333333333332,34.0,13.0,30.22222222222222,6.666666666666667,23.555555555555557,15.0,15.777777777777779,1.0388888888888888,9.11111111111111,27.11111111111111,33.68222222222222,17.0,32.666666666666664,51.86555555555555,13.0,19.0,67.47333333333333,1.4444444444444444,7.888888888888889,0.5044444444444445,5.111111111111111,20.444444444444443,0.2611111111111111,15.777777777777779,0.0,77.11111111111111,83.0,29.0,40.666666666666664,13.333333333333334,35.55555555555556,9.333333333333334,26.22222222222222,17.333333333333332,15.0,1.1822222222222223,9.666666666666666,26.333333333333332,36.693333333333335,20.333333333333332,37.22222222222222,54.275555555555556,13.333333333333334,19.555555555555557,68.48111111111112,1.4444444444444444,8.0,0.5744444444444445,3.4444444444444446,18.77777777777778,0.2022222222222222,15.0,0.0,92.55555555555556
97,65,2009-03-06,11,1,2008-2009,Sesi Franca,Lajeado,1,80.88888888888889,20.666666666666668,44.0,16.22222222222222,32.666666666666664,10.0,22.666666666666668,14.333333333333334,11.555555555555555,1.2544444444444443,6.888888888888889,22.0,31.214444444444446,22.0,45.22222222222222,49.21666666666667,16.22222222222222,23.0,70.39444444444445,1.0,8.666666666666666,0.7611111111111111,2.5555555555555554,19.77777777777778,0.14444444444444443,11.555555555555555,0.0,82.44444444444444,74.22222222222223,16.333333333333332,40.44444444444444,17.444444444444443,30.77777777777778,10.88888888888889,19.88888888888889,10.444444444444445,15.444444444444445,0.6811111111111111,5.444444444444445,20.444444444444443,26.71888888888889,20.22222222222222,41.77777777777778,48.71888888888888,17.444444444444443,25.444444444444443,68.62777777777777,0.2222222222222222,9.11111111111111,0.6477777777777778,1.4444444444444444,21.22222222222222,0.07222222222222223,15.444444444444445,0.0,66.0
63,74,2009-03-06,11,1,2008-2009,Espírito Santo,Flamengo,0,75.66666666666667,18.333333333333332,41.55555555555556,15.777777777777779,26.22222222222222,7.777777777777778,18.444444444444443,9.88888888888889,11.333333333333334,0.9588888888888888,6.111111111111111,21.555555555555557,27.956666666666667,20.77777777777778,38.333333333333336,55.03888888888889,15.777777777777779,25.0,64.37666666666665,0.6666666666666666,9.777777777777779,0.8877777777777778,1.2222222222222223,22.11111111111111,0.05888888888888889,11.333333333333334,0.0,69.22222222222223,100.11111111111111,35.333333333333336,49.111111111111114,15.666666666666666,30.555555555555557,9.0,21.555555555555557,18.11111111111111,13.11111111111111,1.5066666666666668,11.777777777777779,24.555555555555557,48.55555555555556,24.555555555555557,41.77777777777778,58.42444444444444,15.666666666666666,19.77777777777778,78.16888888888889,2.0,7.666666666666667,0.6255555555555555,1.3333333333333333,18.77777777777778,0.06777777777777777,13.11111111111111,0.0,110.55555555555556
72,83,2009-03-11,12,1,2008-2009,Lajeado,Assis,0,73.3,15.9,39.8,17.6,29.8,10.9,18.9,10.3,16.0,0.6559999999999999,5.3,20.2,26.269000000000005,19.9,40.6,49.513999999999996,17.6,25.3,69.68199999999999,0.2,8.8,0.612,1.4,21.2,0.07,16.0,0.0,64.3,78.11111111111111,23.666666666666668,34.888888888888886,19.555555555555557,29.666666666666668,8.444444444444445,21.22222222222222,10.88888888888889,12.333333333333334,1.1077777777777778,7.888888888888889,21.333333333333332,36.955555555555556,17.444444444444443,33.0,52.754444444444445,19.555555555555557,27.444444444444443,72.14222222222222,1.0,7.0,0.6011111111111112,3.2222222222222223,19.666666666666668,0.16444444444444448,12.333333333333334,0.0,79.66666666666667
68,57,2009-03-11,12,1,2008-2009,Joinville,Bauru Basket,1,82.5,29.1,39.8,13.6,35.9,9.3,26.6,17.6,15.0,1.197,9.7,26.4,36.728,19.9,36.9,53.553999999999995,13.6,20.2,67.787,1.6,8.0,0.5700000000000001,3.3,18.5,0.19499999999999998,15.0,0.0,92.0,78.6,25.8,39.4,13.4,28.1,6.9,21.2,12.8,11.5,1.317,8.6,21.5,38.789,19.7,37.5,52.782000000000004,13.4,18.8,73.005,1.0,5.6,0.5519999999999999,2.1,17.6,0.12,11.5,0.0,79.6
107,83,2009-03-11,12,1,2008-2009,Sesi Franca,Pinheiros,1,83.7,21.3,46.0,16.4,31.9,9.8,22.1,15.7,11.5,1.384,7.1,21.6,33.093,23.0,45.3,51.251999999999995,16.4,23.4,70.02199999999999,1.0,8.8,0.776,2.4,20.4,0.13399999999999998,11.5,0.0,87.2,84.5,28.5,37.2,18.8,31.6,9.0,22.6,14.2,12.5,1.168,9.5,24.5,38.665,18.6,35.5,53.003,18.8,25.5,74.59700000000001,2.0,5.5,0.48200000000000004,1.6,19.0,0.087,12.5,0.0,86.3
77,82,2009-03-11,12,1,2008-2009,Araraquara,Paulistano,0,74.5,27.0,34.4,13.1,30.7,6.8,23.9,14.9,15.4,1.052,9.0,26.8,33.647,17.2,33.2,51.678999999999995,13.1,19.4,66.813,1.5,7.9,0.521,5.4,20.8,0.268,15.4,0.0,77.9,73.7,20.1,38.6,15.0,31.0,11.0,20.0,14.6,16.9,0.9790000000000001,6.7,22.0,30.752000000000002,19.3,35.9,53.738,15.0,21.6,68.647,1.0,7.7,0.4680000000000001,3.0,22.3,0.135,16.9,0.0,74.6
93,89,2009-03-11,12,1,2008-2009,Espírito Santo,Coop/São José Basketball,1,74.4,18.0,41.0,15.4,26.5,7.5,19.0,9.7,11.4,0.9299999999999999,6.0,21.5,27.542,20.5,37.4,55.742000000000004,15.4,23.8,67.16999999999999,0.6,8.9,0.807,1.2,22.6,0.05700000000000001,11.4,0.0,68.5,78.7,27.6,35.4,15.7,26.0,7.8,18.2,14.0,14.1,1.032,9.2,26.8,34.88,17.7,36.0,49.111000000000004,15.7,21.1,74.467,0.3,7.1,0.506,2.4,22.6,0.10700000000000001,14.1,0.0,72.8
76,86,2009-03-11,12,1,2008-2009,Saldanha,Limeira,0,72.5,19.8,39.6,13.1,29.6,9.9,19.7,8.6,17.5,0.5389999999999999,6.6,20.0,32.869,19.8,40.7,49.916000000000004,13.1,21.2,62.56999999999999,3.3,10.2,0.578,2.1,22.1,0.099,17.5,0.0,63.1,85.4,28.2,36.0,21.2,30.6,7.2,23.4,16.1,16.1,1.1700000000000002,9.4,25.7,36.811,18.0,35.8,50.866,21.2,27.0,79.14999999999999,2.5,8.4,0.624,4.8,21.9,0.215,16.1,0.0,89.3
81,89,2009-03-13,12,1,2008-2009,Minas,Brasília,0,85.11111111111111,23.0,46.888888888888886,15.222222222222221,35.55555555555556,10.555555555555555,25.0,16.88888888888889,15.0,1.1477777777777778,7.666666666666667,21.22222222222222,37.27333333333334,23.444444444444443,40.77777777777778,57.56111111111112,15.222222222222221,21.77777777777778,70.67555555555555,1.4444444444444444,6.666666666666667,0.4566666666666667,2.111111111111111,19.666666666666668,0.12444444444444445,15.0,0.0,93.88888888888889,87.6,22.2,48.2,17.2,37.1,9.7,27.4,16.3,17.1,1.044,7.4,20.8,35.04600000000001,24.1,40.0,60.58299999999999,17.2,23.6,73.651,2.1,7.0,0.449,4.4,22.4,0.20400000000000001,17.1,0.0,99.6
72,80,2009-03-13,13,1,2008-2009,Lajeado,Bauru Basket,0,72.81818181818181,15.818181818181818,39.63636363636363,17.363636363636363,29.454545454545453,10.636363636363637,18.818181818181817,10.181818181818182,15.636363636363637,0.6645454545454546,5.2727272727272725,19.727272727272727,26.910909090909094,19.818181818181817,40.45454545454545,49.44181818181817,17.363636363636363,25.0,69.54545454545452,0.18181818181818182,8.818181818181818,0.6245454545454545,1.2727272727272727,21.09090909090909,0.06363636363636364,15.636363636363637,0.0,64.18181818181819,76.63636363636364,24.818181818181817,39.09090909090909,12.727272727272727,28.272727272727273,7.0,21.272727272727273,12.545454545454545,12.090909090909092,1.2481818181818183,8.272727272727273,22.272727272727273,36.77818181818182,19.545454545454547,37.0,53.09727272727273,12.727272727272727,17.727272727272727,74.16,0.9090909090909091,5.7272727272727275,0.5372727272727272,2.090909090909091,17.454545454545453,0.12090909090909091,12.090909090909092,0.0,76.72727272727273
87,70,2009-03-13,13,1,2008-2009,Sesi Franca,Paulistano,1,86.0,22.636363636363637,47.09090909090909,16.272727272727273,32.72727272727273,10.0,22.727272727272727,16.454545454545453,11.272727272727273,1.5009090909090907,7.545454545454546,21.818181818181817,34.63,23.545454545454547,46.36363636363637,51.21818181818182,16.272727272727273,23.0,70.83363636363636,1.1818181818181819,8.727272727272727,0.7863636363636364,2.3636363636363638,21.363636363636363,0.12727272727272726,11.272727272727273,0.0,91.18181818181819,74.45454545454545,21.545454545454547,38.54545454545455,14.363636363636363,31.09090909090909,11.181818181818182,19.90909090909091,14.909090909090908,16.727272727272727,0.9990909090909091,7.181818181818182,22.636363636363637,31.718181818181822,19.272727272727273,35.90909090909091,53.65090909090909,14.363636363636363,21.09090909090909,66.95181818181818,0.9090909090909091,8.0,0.4918181818181818,3.0,22.454545454545453,0.13454545454545455,16.727272727272727,0.0,75.9090909090909
75,84,2009-03-13,13,1,2008-2009,Araraquara,Pinheiros,0,74.72727272727273,26.454545454545453,34.36363636363637,13.909090909090908,30.636363636363637,6.909090909090909,23.727272727272727,15.545454545454545,15.545454545454545,1.0736363636363635,8.818181818181818,26.636363636363637,33.13363636363636,17.181818181818183,32.45454545454545,53.16272727272727,13.909090909090908,20.272727272727273,67.63545454545455,1.6363636363636365,7.545454545454546,0.4954545454545455,5.181818181818182,20.636363636363637,0.25818181818181823,15.545454545454545,0.0,78.63636363636364,84.36363636363636,28.636363636363637,36.54545454545455,19.181818181818183,31.727272727272727,9.181818181818182,22.545454545454547,13.727272727272727,12.363636363636363,1.1363636363636365,9.545454545454545,24.90909090909091,38.28454545454545,18.272727272727273,35.09090909090909,52.58363636363636,19.181818181818183,26.454545454545453,73.62363636363638,1.9090909090909092,5.454545454545454,0.4790909090909091,1.7272727272727273,18.545454545454547,0.09818181818181819,12.363636363636363,0.0,85.18181818181819
69,71,2009-03-13,13,1,2008-2009,Espírito Santo,Limeira,0,76.0909090909091,19.636363636363637,41.09090909090909,15.363636363636363,27.09090909090909,7.181818181818182,19.90909090909091,11.636363636363637,11.454545454545455,1.0799999999999998,6.545454545454546,22.0,29.078181818181818,20.545454545454547,37.18181818181818,56.12909090909091,15.363636363636363,23.545454545454547,67.55727272727272,0.5454545454545454,8.636363636363637,0.7790909090909092,1.2727272727272727,22.90909090909091,0.05909090909090909,11.454545454545455,0.0,73.0,85.45454545454545,27.818181818181817,37.27272727272727,20.363636363636363,30.09090909090909,7.363636363636363,22.727272727272727,16.09090909090909,16.727272727272727,1.1272727272727272,9.272727272727273,24.90909090909091,37.74272727272727,18.636363636363637,35.81818181818182,52.554545454545455,20.363636363636363,26.181818181818183,78.01545454545453,2.727272727272727,9.181818181818182,0.6345454545454546,4.909090909090909,21.0,0.2409090909090909,16.727272727272727,0.0,90.36363636363636
82,75,2009-03-13,13,1,2008-2009,Saldanha,Coop/São José Basketball,1,72.81818181818181,21.0,39.45454545454545,12.363636363636363,29.181818181818183,9.727272727272727,19.454545454545453,8.636363636363637,18.272727272727273,0.5218181818181817,7.0,20.545454545454547,33.72727272727273,19.727272727272727,40.0,50.61272727272728,12.363636363636363,20.0,62.563636363636355,3.090909090909091,10.454545454545455,0.5709090909090908,1.9090909090909092,21.727272727272727,0.09000000000000001,18.272727272727273,0.0,63.27272727272727,79.63636363636364,27.818181818181817,35.63636363636363,16.181818181818183,25.636363636363637,7.7272727272727275,17.90909090909091,14.363636363636363,13.818181818181818,1.0872727272727274,9.272727272727273,26.818181818181817,35.07636363636364,17.818181818181817,35.72727272727273,49.88090909090909,16.181818181818183,22.0,73.85545454545455,0.2727272727272727,7.454545454545454,0.5509090909090909,2.1818181818181817,22.545454545454547,0.09727272727272727,13.818181818181818,0.0,74.18181818181819
82,64,2009-03-14,13,1,2008-2009,Joinville,Assis,1,81.18181818181819,28.636363636363637,39.27272727272727,13.272727272727273,36.18181818181818,9.363636363636363,26.818181818181817,17.09090909090909,15.272727272727273,1.1490909090909092,9.545454545454545,26.272727272727273,36.298181818181824,19.636363636363637,36.81818181818182,52.97818181818182,13.272727272727273,19.818181818181817,67.30636363636364,1.5454545454545454,8.545454545454545,0.5890909090909092,3.1818181818181817,18.272727272727273,0.18909090909090906,15.272727272727273,0.0,90.45454545454545,78.6,24.6,33.0,21.0,28.6,7.9,20.7,10.8,12.4,1.074,8.2,22.0,37.18900000000001,16.5,31.1,53.193000000000005,21.0,28.8,73.221,0.9,7.1,0.603,3.1,19.7,0.15800000000000003,12.4,0.0,79.6
78,82,2009-03-15,13,1,2008-2009,Flamengo,Brasília,0,97.5,33.0,48.0,16.5,30.5,9.1,21.4,17.8,12.5,1.57,11.0,24.3,45.518,24.0,40.8,58.519999999999996,16.5,21.1,77.625,2.3,8.0,0.72,1.2,18.9,0.061,12.5,0.0,107.8,87.72727272727273,22.636363636363637,47.63636363636363,17.454545454545453,37.09090909090909,9.818181818181818,27.272727272727273,16.272727272727273,17.0,1.04,7.545454545454546,21.272727272727273,35.00727272727273,23.818181818181817,40.45454545454545,59.318181818181806,17.454545454545453,23.727272727272727,74.22818181818182,2.090909090909091,7.2727272727272725,0.46545454545454545,4.2727272727272725,22.363636363636363,0.1981818181818182,17.0,0.0,99.0
100,83,2009-03-18,14,1,2008-2009,Flamengo,Araraquara,1,95.72727272727273,32.72727272727273,46.18181818181818,16.818181818181817,30.636363636363637,9.272727272727273,21.363636363636363,17.545454545454547,13.181818181818182,1.4954545454545458,10.909090909090908,24.545454545454547,44.74727272727273,23.09090909090909,40.18181818181818,56.94363636363635,16.818181818181817,21.727272727272727,77.06181818181818,2.1818181818181817,7.818181818181818,0.6818181818181818,1.2727272727272727,19.636363636363637,0.061818181818181814,13.181818181818182,0.0,104.18181818181819,74.75,26.0,35.333333333333336,13.416666666666666,30.166666666666668,6.916666666666667,23.25,16.166666666666668,15.166666666666666,1.1583333333333332,8.666666666666666,26.083333333333332,33.28916666666667,17.666666666666668,33.0,53.64666666666667,13.416666666666666,19.5,68.06,2.0,7.5,0.5075,4.833333333333333,20.416666666666668,0.2416666666666667,15.166666666666666,0.0,79.41666666666667
79,88,2009-03-18,14,1,2008-2009,Brasília,Joinville,0,87.25,22.25,46.5,18.5,36.5,9.666666666666666,26.833333333333332,15.916666666666666,16.75,1.0250000000000001,7.416666666666667,21.5,34.17333333333334,23.25,40.0,58.42249999999999,18.5,24.75,74.98666666666666,1.9166666666666667,7.666666666666667,0.49833333333333335,4.416666666666667,22.666666666666668,0.20083333333333334,16.75,0.0,97.91666666666667,81.25,28.5,39.166666666666664,13.583333333333334,35.916666666666664,9.416666666666666,26.5,17.166666666666668,15.0,1.1783333333333335,9.5,25.75,37.02333333333333,19.583333333333332,37.083333333333336,52.52166666666667,13.583333333333334,20.0,68.13666666666667,1.6666666666666667,8.75,0.6166666666666668,3.25,18.583333333333332,0.18833333333333332,15.0,0.0,91.16666666666667
95,79,2009-03-18,14,1,2008-2009,Minas,Sesi Franca,1,84.7,21.9,46.6,16.2,35.3,10.4,24.9,15.9,15.2,1.074,7.3,20.7,36.04600000000001,23.3,41.3,56.58800000000001,16.2,22.9,71.184,1.4,6.8,0.458,2.5,19.9,0.139,15.2,0.0,91.9,86.33333333333333,22.75,46.833333333333336,16.75,32.333333333333336,9.583333333333334,22.75,17.0,11.75,1.4883333333333333,7.583333333333333,22.083333333333332,34.410833333333336,23.416666666666668,45.166666666666664,52.67916666666667,16.75,23.416666666666668,71.47833333333334,1.1666666666666667,8.75,0.765,2.25,21.416666666666668,0.12083333333333333,11.75,0.0,92.0
63,68,2009-03-18,14,1,2008-2009,Assis,Espírito Santo,0,77.27272727272727,24.0,33.09090909090909,20.181818181818183,28.363636363636363,7.818181818181818,20.545454545454547,10.454545454545455,12.909090909090908,1.011818181818182,8.0,22.09090909090909,36.18,16.545454545454547,30.90909090909091,53.686363636363645,20.181818181818183,28.454545454545453,70.92818181818183,1.0,7.363636363636363,0.5990909090909091,2.909090909090909,19.454545454545453,0.14909090909090914,12.909090909090908,0.0,76.72727272727273,75.5,19.75,40.666666666666664,15.083333333333334,27.5,7.5,20.0,11.583333333333334,11.0,1.1424999999999998,6.583333333333333,22.166666666666668,29.085833333333337,20.333333333333332,37.333333333333336,55.29750000000001,15.083333333333334,23.0,67.80999999999999,0.5,8.083333333333334,0.7416666666666667,1.5,22.583333333333332,0.07166666666666667,11.0,0.0,72.66666666666667
92,76,2009-03-18,14,1,2008-2009,Bauru Basket,Saldanha,1,76.91666666666667,24.75,39.0,13.166666666666666,28.0,7.0,21.0,12.25,11.75,1.2383333333333333,8.25,22.333333333333332,36.61166666666667,19.5,36.5,53.78,13.166666666666666,17.75,76.31333333333333,0.9166666666666666,5.5,0.5241666666666666,2.25,17.5,0.12916666666666668,11.75,0.0,77.5,73.58333333333333,21.25,40.166666666666664,12.166666666666666,29.416666666666668,9.666666666666666,19.75,9.25,17.833333333333332,0.5808333333333332,7.083333333333333,20.75,33.815,20.083333333333332,39.666666666666664,51.95083333333333,12.166666666666666,20.083333333333332,61.31833333333333,3.3333333333333335,9.916666666666666,0.5491666666666666,1.8333333333333333,22.166666666666668,0.08583333333333333,17.833333333333332,0.0,65.0
96,81,2009-03-18,14,1,2008-2009,Pinheiros,Limeira,1,84.33333333333333,29.5,36.5,18.333333333333332,31.666666666666668,9.25,22.416666666666668,14.416666666666666,12.583333333333334,1.1641666666666668,9.833333333333334,25.5,38.48,18.25,34.5,53.55916666666666,18.333333333333332,25.416666666666668,72.84583333333335,2.0,5.833333333333333,0.49500000000000005,1.8333333333333333,18.083333333333332,0.10916666666666668,12.583333333333334,0.0,86.5,84.25,27.5,37.333333333333336,19.416666666666668,30.083333333333332,7.416666666666667,22.666666666666668,16.083333333333332,16.0,1.2,9.166666666666666,24.666666666666668,37.627500000000005,18.666666666666668,36.083333333333336,52.23500000000001,19.416666666666668,25.166666666666668,76.87166666666666,2.5,8.5,0.5925,5.0,21.0,0.245,16.0,0.0,89.25
82,63,2009-03-18,14,1,2008-2009,Paulistano,Coop/São José Basketball,1,74.08333333333333,21.5,38.5,14.083333333333334,31.25,11.166666666666666,20.083333333333332,14.666666666666666,16.583333333333332,0.9825,7.166666666666667,23.083333333333332,31.158333333333335,19.25,35.916666666666664,53.578333333333326,14.083333333333334,20.416666666666668,68.42416666666666,0.9166666666666666,8.166666666666666,0.5066666666666667,2.8333333333333335,22.833333333333332,0.12666666666666668,16.583333333333332,0.0,75.5,79.25,27.25,36.0,16.0,25.5,7.833333333333333,17.666666666666668,14.166666666666666,13.416666666666666,1.1075000000000002,9.083333333333334,26.666666666666668,34.48666666666667,18.0,35.5,50.775000000000006,16.0,22.5,71.86749999999999,0.3333333333333333,7.333333333333333,0.5608333333333333,2.25,22.583333333333332,0.10000000000000002,13.416666666666666,0.0,73.5
93,75,2009-03-20,15,1,2008-2009,Flamengo,Sesi Franca,1,96.08333333333333,32.25,46.166666666666664,17.666666666666668,31.416666666666668,9.416666666666666,22.0,17.333333333333332,13.416666666666666,1.449166666666667,10.75,24.583333333333332,44.01833333333334,23.083333333333332,40.25,56.87333333333333,17.666666666666668,22.75,77.25750000000001,2.0,8.5,0.7083333333333334,1.4166666666666667,20.0,0.06749999999999999,13.416666666666666,0.0,105.25,85.92307692307692,22.615384615384617,46.61538461538461,16.692307692307693,32.23076923076923,9.692307692307692,22.53846153846154,16.846153846153847,11.76923076923077,1.47,7.538461538461538,21.846153846153847,34.597692307692306,23.307692307692307,45.15384615384615,52.387692307692305,16.692307692307693,23.23076923076923,71.84076923076924,1.2307692307692308,8.615384615384615,0.7507692307692307,2.4615384615384617,21.076923076923077,0.13384615384615384,11.76923076923077,0.0,91.61538461538461
85,64,2009-03-20,15,1,2008-2009,Brasília,Lajeado,1,86.61538461538461,22.384615384615383,45.53846153846154,18.692307692307693,35.61538461538461,9.153846153846153,26.46153846153846,15.692307692307692,16.307692307692307,1.036923076923077,7.461538461538462,21.615384615384617,34.22,22.76923076923077,39.53846153846154,57.77461538461538,18.692307692307693,25.0,74.98769230769231,2.076923076923077,7.461538461538462,0.4946153846153847,4.384615384615385,22.692307692307693,0.19846153846153847,16.307692307692307,0.0,96.23076923076923,72.75,15.75,39.833333333333336,17.166666666666668,28.75,10.416666666666666,18.333333333333332,9.75,14.916666666666666,0.6683333333333333,5.25,19.5,27.119166666666672,19.916666666666668,40.666666666666664,49.39166666666666,17.166666666666668,24.416666666666668,70.69416666666665,0.25,8.583333333333334,0.6441666666666667,1.1666666666666667,20.75,0.05833333333333334,14.916666666666666,0.0,63.833333333333336
86,74,2009-03-20,15,1,2008-2009,Minas,Araraquara,1,85.63636363636364,22.09090909090909,47.63636363636363,15.909090909090908,35.63636363636363,10.818181818181818,24.818181818181817,16.363636363636363,14.818181818181818,1.1500000000000001,7.363636363636363,20.636363636363637,36.405454545454546,23.818181818181817,42.27272727272727,56.51363636363637,15.909090909090908,22.363636363636363,71.66454545454545,1.4545454545454546,6.7272727272727275,0.46636363636363637,2.8181818181818183,19.636363636363637,0.1581818181818182,14.818181818181818,0.0,94.18181818181819,75.38461538461539,26.076923076923077,35.53846153846154,13.76923076923077,30.0,6.846153846153846,23.153846153846153,16.46153846153846,15.538461538461538,1.146153846153846,8.692307692307692,26.076923076923077,33.39153846153846,17.76923076923077,33.38461538461539,53.36615384615384,13.76923076923077,20.23076923076923,67.59923076923077,2.076923076923077,7.538461538461538,0.49923076923076926,4.538461538461538,21.076923076923077,0.2253846153846154,15.538461538461538,0.0,78.92307692307692
93,73,2009-03-20,15,1,2008-2009,Assis,Saldanha,1,76.08333333333333,23.25,32.666666666666664,20.166666666666668,28.5,7.666666666666667,20.833333333333332,10.583333333333334,12.583333333333334,1.0383333333333333,7.75,22.5,34.708333333333336,16.333333333333332,30.75,53.23583333333334,20.166666666666668,28.25,71.4275,0.9166666666666666,7.5,0.6325,3.0,19.5,0.15333333333333335,12.583333333333334,0.0,75.83333333333333,73.76923076923077,21.46153846153846,40.0,12.307692307692308,29.46153846153846,9.846153846153847,19.615384615384617,9.461538461538462,17.76923076923077,0.5907692307692307,7.153846153846154,21.153846153846153,33.58076923076923,20.0,39.46153846153846,51.90461538461538,12.307692307692308,20.076923076923077,61.98615384615384,3.3846153846153846,10.0,0.5569230769230769,1.7692307692307692,22.153846153846153,0.08307692307692308,17.76923076923077,0.0,65.46153846153847
77,74,2009-03-20,15,1,2008-2009,Bauru Basket,Espírito Santo,1,78.07692307692308,24.46153846153846,39.84615384615385,13.76923076923077,28.615384615384617,7.230769230769231,21.384615384615383,12.538461538461538,12.076923076923077,1.22,8.153846153846153,22.307692307692307,36.24307692307693,19.923076923076923,36.46153846153846,54.98461538461538,13.76923076923077,18.384615384615383,76.65615384615384,1.0769230769230769,5.846153846153846,0.5323076923076923,2.3076923076923075,17.53846153846154,0.1323076923076923,12.076923076923077,0.0,80.0,74.92307692307692,19.846153846153847,40.30769230769231,14.76923076923077,27.46153846153846,7.384615384615385,20.076923076923077,11.538461538461538,11.153846153846153,1.1199999999999999,6.615384615384615,21.692307692307693,30.213846153846156,20.153846153846153,37.15384615384615,55.0,14.76923076923077,22.692307692307693,67.04692307692306,0.46153846153846156,7.769230769230769,0.7084615384615385,1.3846153846153846,22.46153846153846,0.06615384615384615,11.153846153846153,0.0,71.92307692307692
92,86,2009-03-20,15,1,2008-2009,Pinheiros,Coop/São José Basketball,1,85.23076923076923,29.76923076923077,37.07692307692308,18.384615384615383,31.923076923076923,9.23076923076923,22.692307692307693,14.692307692307692,12.692307692307692,1.173846153846154,9.923076923076923,25.307692307692307,39.199230769230766,18.53846153846154,34.61538461538461,54.13999999999999,18.384615384615383,25.307692307692307,73.3323076923077,2.1538461538461537,6.230769230769231,0.5176923076923077,1.7692307692307692,18.153846153846153,0.10461538461538462,12.692307692307692,0.0,88.76923076923077,78.0,26.53846153846154,36.15384615384615,15.307692307692308,26.76923076923077,8.384615384615385,18.384615384615383,14.0,13.846153846153847,1.070769230769231,8.846153846153847,26.153846153846153,34.14153846153847,18.076923076923077,36.30769230769231,50.04615384615385,15.307692307692308,21.846153846153847,70.1853846153846,0.3076923076923077,7.538461538461538,0.5584615384615385,2.5384615384615383,21.923076923076923,0.1253846153846154,13.846153846153847,0.0,72.92307692307692
78,99,2009-03-20,15,1,2008-2009,Paulistano,Limeira,0,74.6923076923077,21.23076923076923,39.69230769230769,13.76923076923077,32.15384615384615,11.615384615384615,20.53846153846154,15.0,16.307692307692307,1.0192307692307692,7.076923076923077,23.307692307692307,30.536923076923078,19.846153846153847,37.0,53.61076923076923,13.76923076923077,20.076923076923077,67.96846153846154,0.9230769230769231,8.384615384615385,0.533076923076923,2.8461538461538463,22.153846153846153,0.13307692307692306,16.307692307692307,0.0,77.07692307692308,84.0,27.692307692307693,37.23076923076923,19.076923076923077,29.615384615384617,7.3076923076923075,22.307692307692307,16.0,16.153846153846153,1.1715384615384616,9.23076923076923,24.846153846153847,37.582307692307694,18.615384615384617,35.84615384615385,52.41307692307692,19.076923076923077,24.692307692307693,77.03153846153845,2.3846153846153846,8.307692307692308,0.5723076923076923,4.923076923076923,21.307692307692307,0.23846153846153847,16.153846153846153,0.0,88.23076923076923
88,67,2009-03-23,2,2,2008-2009,Sesi Franca,Espírito Santo,1,85.28571428571429,21.857142857142858,47.0,16.428571428571427,32.5,10.0,22.5,17.0,12.5,1.4264285714285714,7.285714285714286,21.785714285714285,33.48714285714286,23.5,45.285714285714285,52.597142857142856,16.428571428571427,22.714285714285715,72.51285714285714,1.1428571428571428,8.928571428571429,0.7392857142857142,2.357142857142857,21.071428571428573,0.12785714285714286,12.5,0.0,91.0,74.85714285714286,20.142857142857142,40.285714285714285,14.428571428571429,27.0,7.071428571428571,19.928571428571427,11.071428571428571,11.285714285714286,1.0671428571428572,6.714285714285714,21.357142857142858,31.41714285714286,20.142857142857142,36.57142857142857,55.99785714285714,14.428571428571429,22.285714285714285,66.45928571428571,0.42857142857142855,7.357142857142857,0.6685714285714287,1.2857142857142858,22.142857142857142,0.06142857142857143,11.285714285714286,0.0,71.35714285714286
86,81,2009-03-25,1,2,2008-2009,Flamengo,Pinheiros,1,95.84615384615384,32.30769230769231,46.30769230769231,17.23076923076923,31.23076923076923,9.23076923076923,22.0,18.0,13.846153846153847,1.4430769230769234,10.76923076923077,24.46153846153846,44.31153846153847,23.153846153846153,40.15384615384615,57.232307692307685,17.23076923076923,22.384615384615383,76.44307692307692,2.230769230769231,9.153846153846153,0.7223076923076923,1.3076923076923077,19.76923076923077,0.0623076923076923,13.846153846153847,0.0,105.84615384615384,85.71428571428571,29.142857142857142,37.57142857142857,19.0,32.285714285714285,9.214285714285714,23.071428571428573,14.714285714285714,12.714285714285714,1.1721428571428572,9.714285714285714,24.857142857142858,39.03071428571428,18.785714285714285,34.92857142857143,54.30214285714285,19.0,26.285714285714285,73.03928571428573,2.2857142857142856,6.214285714285714,0.5135714285714286,1.8571428571428572,18.071428571428573,0.11,12.714285714285714,0.0,89.5
83,76,2009-03-25,1,2,2008-2009,Lajeado,Coop/São José Basketball,1,72.07692307692308,15.692307692307692,39.69230769230769,16.692307692307693,28.53846153846154,10.307692307692308,18.23076923076923,9.846153846153847,14.923076923076923,0.6730769230769231,5.230769230769231,19.46153846153846,27.057692307692314,19.846153846153847,41.23076923076923,48.636923076923075,16.692307692307693,23.53846153846154,71.7653846153846,0.23076923076923078,8.76923076923077,0.6507692307692309,1.1538461538461537,21.0,0.05692307692307693,14.923076923076923,0.0,63.0,78.57142857142857,26.357142857142858,37.285714285714285,14.928571428571429,27.071428571428573,8.5,18.571428571428573,14.0,13.785714285714286,1.0714285714285716,8.785714285714286,26.0,34.08357142857143,18.642857142857142,36.785714285714285,50.79071428571429,14.928571428571429,21.357142857142858,69.9342857142857,0.35714285714285715,7.571428571428571,0.5628571428571428,2.357142857142857,22.5,0.11642857142857144,13.785714285714286,0.0,74.0
80,86,2009-03-25,1,2,2008-2009,Assis,Brasília,0,77.38461538461539,23.53846153846154,33.69230769230769,20.153846153846153,29.23076923076923,7.923076923076923,21.307692307692307,11.076923076923077,12.76923076923077,1.0453846153846154,7.846153846153846,22.153846153846153,35.88461538461539,16.846153846153847,31.076923076923077,54.19538461538462,20.153846153846153,28.53846153846154,70.74076923076923,1.0769230769230769,7.230769230769231,0.6046153846153846,3.230769230769231,19.46153846153846,0.16615384615384615,12.76923076923077,0.0,78.46153846153847,86.5,22.071428571428573,45.714285714285715,18.714285714285715,35.5,9.142857142857142,26.357142857142858,15.285714285714286,16.285714285714285,1.007857142857143,7.357142857142857,21.571428571428573,33.816428571428574,22.857142857142858,39.07142857142857,58.84285714285714,18.714285714285715,25.142857142857142,74.65785714285714,2.142857142857143,7.785714285714286,0.5128571428571429,4.5,22.214285714285715,0.21142857142857144,16.285714285714285,0.0,96.42857142857143
96,83,2009-03-25,1,2,2008-2009,Minas,Paulistano,1,85.66666666666667,21.5,48.5,15.666666666666666,35.833333333333336,10.833333333333334,25.0,16.25,15.0,1.1275000000000002,7.166666666666667,20.166666666666668,36.149166666666666,24.25,43.083333333333336,56.451666666666675,15.666666666666666,22.083333333333332,71.39416666666666,1.5,7.0,0.4766666666666666,2.9166666666666665,19.5,0.16333333333333336,15.0,0.0,94.41666666666667,74.92857142857143,21.857142857142858,39.0,14.071428571428571,31.285714285714285,11.071428571428571,20.214285714285715,14.785714285714286,16.214285714285715,1.0035714285714286,7.285714285714286,23.214285714285715,31.60214285714286,19.5,36.785714285714285,52.93285714285714,14.071428571428571,20.357142857142858,68.4707142857143,0.9285714285714286,8.0,0.5092857142857142,2.7142857142857144,21.928571428571427,0.12714285714285714,16.214285714285715,0.0,76.0
98,107,2009-03-25,1,2,2008-2009,Joinville,Limeira,0,81.76923076923077,27.923076923076923,39.84615384615385,14.0,35.61538461538461,9.076923076923077,26.53846153846154,16.76923076923077,14.615384615384615,1.18,9.307692307692308,25.153846153846153,37.16692307692308,19.923076923076923,37.15384615384615,53.339999999999996,14.0,20.76923076923077,67.76692307692308,1.6923076923076923,8.615384615384615,0.6230769230769232,3.076923076923077,18.76923076923077,0.17769230769230765,14.615384615384615,0.0,91.38461538461539,85.07142857142857,28.928571428571427,37.42857142857143,18.714285714285715,29.214285714285715,7.071428571428571,22.142857142857142,16.428571428571427,16.142857142857142,1.1864285714285714,9.642857142857142,24.857142857142858,39.18357142857143,18.714285714285715,35.57142857142857,53.13357142857143,18.714285714285715,24.142857142857142,77.41142857142856,2.357142857142857,8.285714285714286,0.5671428571428572,4.928571428571429,21.5,0.23642857142857143,16.142857142857142,0.0,90.28571428571429
92,73,2009-03-25,1,2,2008-2009,Sesi Franca,Saldanha,1,86.0,21.2,47.333333333333336,17.466666666666665,32.6,10.133333333333333,22.466666666666665,17.133333333333333,12.8,1.406,7.066666666666666,20.733333333333334,35.699333333333335,23.666666666666668,45.46666666666667,52.702,17.466666666666665,23.666666666666668,73.44466666666668,1.1333333333333333,9.066666666666666,0.7333333333333333,2.2666666666666666,21.266666666666666,0.12200000000000001,12.8,0.0,92.6,73.71428571428571,21.642857142857142,39.42857142857143,12.642857142857142,29.428571428571427,9.928571428571429,19.5,9.5,17.357142857142858,0.6078571428571428,7.214285714285714,21.0,34.19,19.714285714285715,39.357142857142854,51.205,12.642857142857142,20.642857142857142,61.894999999999996,3.4285714285714284,10.0,0.5764285714285713,1.7142857142857142,22.428571428571427,0.08,17.357142857142858,0.0,65.57142857142857
97,91,2009-03-25,1,2,2008-2009,Araraquara,Espírito Santo,1,75.28571428571429,26.142857142857142,35.714285714285715,13.428571428571429,29.571428571428573,6.785714285714286,22.785714285714285,16.142857142857142,15.428571428571429,1.1257142857142857,8.714285714285714,26.071428571428573,33.479285714285716,17.857142857142858,33.857142857142854,52.94714285714286,13.428571428571429,19.928571428571427,66.78857142857143,1.9285714285714286,7.357142857142857,0.4892857142857143,4.428571428571429,20.857142857142858,0.22142857142857145,15.428571428571429,0.0,77.5,74.33333333333333,20.0,39.6,14.733333333333333,26.533333333333335,7.2,19.333333333333332,10.933333333333334,11.466666666666667,1.0386666666666666,6.666666666666667,21.0,31.82266666666667,19.8,36.666666666666664,54.896,14.733333333333333,22.4,67.30666666666666,0.4666666666666667,7.466666666666667,0.6666666666666667,1.3333333333333333,22.133333333333333,0.06333333333333332,11.466666666666667,0.0,70.26666666666667
105,71,2009-03-27,2,2,2008-2009,Flamengo,Paulistano,1,95.14285714285714,31.928571428571427,46.142857142857146,17.071428571428573,31.5,9.214285714285714,22.285714285714285,17.785714285714285,14.142857142857142,1.3992857142857145,10.642857142857142,24.5,43.71785714285715,23.071428571428573,40.07142857142857,57.173571428571414,17.071428571428573,22.0,77.28571428571429,2.2142857142857144,9.0,0.6985714285714286,1.2857142857142858,19.714285714285715,0.06142857142857143,14.142857142857142,0.0,104.78571428571429,75.46666666666667,21.4,39.86666666666667,14.2,31.4,11.2,20.2,14.466666666666667,16.6,0.9666666666666667,7.133333333333334,23.0,31.162,19.933333333333334,37.53333333333333,53.015333333333324,14.2,20.533333333333335,68.54400000000001,0.9333333333333333,8.2,0.5086666666666667,2.8666666666666667,22.133333333333333,0.132,16.6,0.0,76.0
100,97,2009-03-27,2,2,2008-2009,Bauru Basket,Brasília,1,78.0,23.785714285714285,40.285714285714285,13.928571428571429,28.5,7.357142857142857,21.142857142857142,12.714285714285714,11.785714285714286,1.2671428571428571,7.928571428571429,22.071428571428573,35.534285714285716,20.142857142857142,36.642857142857146,55.269285714285715,13.928571428571429,18.5,76.895,1.2142857142857142,6.071428571428571,0.575,2.4285714285714284,17.714285714285715,0.13714285714285715,11.785714285714286,0.0,80.71428571428571,86.46666666666667,22.4,44.666666666666664,19.4,35.46666666666667,8.866666666666667,26.6,15.2,16.133333333333333,1.0073333333333334,7.466666666666667,21.4,34.72,22.333333333333332,38.4,58.368,19.4,26.266666666666666,74.284,2.1333333333333333,7.666666666666667,0.5073333333333333,4.533333333333333,22.533333333333335,0.21,16.133333333333333,0.0,96.33333333333333
91,70,2009-03-27,2,2,2008-2009,Minas,Pinheiros,1,86.46153846153847,21.923076923076923,48.46153846153846,16.076923076923077,34.84615384615385,10.615384615384615,24.23076923076923,16.23076923076923,15.384615384615385,1.1023076923076924,7.3076923076923075,20.46153846153846,36.253076923076925,24.23076923076923,42.84615384615385,56.72461538461539,16.076923076923077,22.846153846153847,70.95076923076923,1.3846153846153846,7.615384615384615,0.49769230769230766,3.076923076923077,19.307692307692307,0.17307692307692307,15.384615384615385,0.0,94.3076923076923,85.4,29.2,37.6,18.6,32.2,9.4,22.8,14.866666666666667,12.8,1.1746666666666667,9.733333333333333,25.333333333333332,38.51199999999999,18.8,34.93333333333333,54.301333333333325,18.6,25.666666666666668,73.268,2.1333333333333333,6.666666666666667,0.5413333333333334,1.7333333333333334,17.8,0.10266666666666667,12.8,0.0,89.26666666666667
83,79,2009-03-27,2,2,2008-2009,Joinville,Coop/São José Basketball,1,82.92857142857143,28.071428571428573,40.0,14.857142857142858,35.714285714285715,9.357142857142858,26.357142857142858,16.214285714285715,15.285714285714286,1.122857142857143,9.357142857142858,25.285714285714285,37.15785714285715,20.0,37.285714285714285,53.37642857142857,14.857142857142858,21.571428571428573,68.73,1.7857142857142858,8.642857142857142,0.6057142857142859,3.0,20.0,0.16928571428571426,15.285714285714286,0.0,91.28571428571429,78.4,27.2,36.4,14.8,26.533333333333335,8.133333333333333,18.4,13.666666666666666,13.4,1.0753333333333335,9.066666666666666,26.2,34.8,18.2,35.733333333333334,51.214000000000006,14.8,21.133333333333333,70.08666666666666,0.3333333333333333,7.533333333333333,0.584,2.3333333333333335,22.4,0.11533333333333334,13.4,0.0,74.06666666666666
82,87,2009-03-27,2,2,2008-2009,Lajeado,Limeira,0,72.85714285714286,17.357142857142858,38.857142857142854,16.642857142857142,28.857142857142858,10.0,18.857142857142858,10.071428571428571,14.642857142857142,0.7092857142857143,5.785714285714286,19.928571428571427,28.696428571428577,19.428571428571427,40.5,48.388571428571424,16.642857142857142,23.785714285714285,70.87214285714285,0.21428571428571427,8.571428571428571,0.6435714285714287,1.0714285714285714,20.857142857142858,0.052857142857142866,14.642857142857142,0.0,64.42857142857143,86.53333333333333,28.4,38.666666666666664,19.466666666666665,29.4,7.333333333333333,22.066666666666666,16.466666666666665,16.0,1.188,9.466666666666667,24.6,38.79333333333334,19.333333333333332,36.266666666666666,53.64933333333333,19.466666666666665,25.333333333333332,77.01266666666666,2.466666666666667,8.933333333333334,0.6153333333333334,4.666666666666667,21.733333333333334,0.22333333333333333,16.0,0.0,92.06666666666666
77,63,2009-03-27,2,2,2008-2009,Araraquara,Saldanha,1,76.73333333333333,27.0,36.266666666666666,13.466666666666667,29.8,6.866666666666666,22.933333333333334,16.4,16.333333333333332,1.0966666666666667,9.0,26.266666666666666,34.236,18.133333333333333,33.8,53.861999999999995,13.466666666666667,20.0,66.78066666666668,1.9333333333333333,7.866666666666666,0.4913333333333334,4.266666666666667,21.533333333333335,0.21066666666666667,16.333333333333332,0.0,79.26666666666667,73.66666666666667,21.4,40.0,12.266666666666667,29.666666666666668,10.266666666666667,19.4,9.8,17.866666666666667,0.6046666666666666,7.133333333333334,20.933333333333334,33.910666666666664,20.0,39.4,51.791333333333334,12.266666666666667,20.066666666666666,61.657333333333334,3.6,9.866666666666667,0.5593333333333332,1.7333333333333334,22.266666666666666,0.08133333333333334,17.866666666666667,0.0,65.86666666666666
76,65,2009-03-30,4,2,2008-2009,Flamengo,Limeira,1,95.8,31.8,46.4,17.6,31.733333333333334,9.533333333333333,22.2,18.466666666666665,14.066666666666666,1.4493333333333334,10.6,24.866666666666667,43.02533333333334,23.2,39.86666666666667,57.86666666666665,17.6,22.6,77.51,2.1333333333333333,9.266666666666667,0.7186666666666668,1.2666666666666666,19.533333333333335,0.06133333333333333,14.066666666666666,0.0,106.53333333333333,86.13333333333334,26.4,40.0,19.733333333333334,29.266666666666666,7.4,21.866666666666667,16.066666666666666,15.133333333333333,1.214,8.8,23.266666666666666,37.803333333333335,20.0,37.13333333333333,53.955999999999996,19.733333333333334,25.8,76.52399999999999,2.533333333333333,9.0,0.638,4.4,21.4,0.21266666666666667,15.133333333333333,0.0,92.06666666666666
63,70,2009-04-01,3,2,2008-2009,Espírito Santo,Joinville,0,75.26666666666667,20.0,39.333333333333336,15.933333333333334,26.133333333333333,7.333333333333333,18.8,10.666666666666666,12.4,0.9633333333333333,6.666666666666667,21.4,31.413333333333338,19.666666666666668,36.46666666666667,54.873333333333335,15.933333333333334,23.666666666666668,69.21866666666666,0.6,8.0,0.6473333333333335,1.3333333333333333,22.333333333333332,0.06266666666666666,12.4,0.0,69.73333333333333,82.93333333333334,27.8,40.0,15.133333333333333,35.53333333333333,9.266666666666667,26.266666666666666,16.4,15.066666666666666,1.1533333333333333,9.266666666666667,25.4,36.656,20.0,37.06666666666667,53.739333333333335,15.133333333333333,22.066666666666666,68.516,1.8666666666666667,8.666666666666666,0.6153333333333335,2.933333333333333,19.866666666666667,0.1653333333333333,15.066666666666666,0.0,91.26666666666667
91,80,2009-04-01,3,2,2008-2009,Flamengo,Coop/São José Basketball,1,94.86666666666666,30.6,46.266666666666666,18.0,32.6,9.466666666666667,23.133333333333333,18.4,14.4,1.4106666666666665,10.2,24.666666666666668,41.873333333333335,23.133333333333333,39.333333333333336,58.455999999999996,18.0,22.8,78.99133333333334,2.0,9.066666666666666,0.6806666666666668,1.4,19.8,0.06666666666666667,14.4,0.0,106.46666666666667,78.8,26.8,37.6,14.4,26.933333333333334,8.4,18.533333333333335,13.333333333333334,13.8,1.0346666666666668,8.933333333333334,25.466666666666665,35.227333333333334,18.8,36.8,51.41,14.4,21.0,68.882,0.4,7.6,0.5766666666666667,2.2,22.666666666666668,0.10733333333333335,13.8,0.0,73.93333333333334
94,85,2009-04-01,3,2,2008-2009,Brasília,Araraquara,1,87.06666666666666,22.2,44.666666666666664,20.2,35.06666666666667,8.333333333333334,26.733333333333334,15.0,16.0,1.002,7.4,21.066666666666666,35.246,22.333333333333332,38.06666666666667,58.932,20.2,27.0,75.15000000000002,2.066666666666667,7.4,0.49133333333333334,4.466666666666667,22.933333333333334,0.2053333333333333,16.0,0.0,96.8,78.0,27.6,36.53333333333333,13.866666666666667,30.266666666666666,7.4,22.866666666666667,17.066666666666666,16.133333333333333,1.1446666666666665,9.2,26.133333333333333,35.24333333333333,18.266666666666666,33.53333333333333,54.51333333333333,13.866666666666667,20.266666666666666,68.13733333333333,2.0,7.933333333333334,0.5046666666666667,4.6,21.066666666666666,0.23733333333333334,16.133333333333333,0.0,83.13333333333334
96,91,2009-04-01,3,2,2008-2009,Minas,Limeira,1,86.78571428571429,22.5,48.42857142857143,15.857142857142858,35.214285714285715,10.5,24.714285714285715,16.5,15.642857142857142,1.0985714285714288,7.5,20.571428571428573,36.910000000000004,24.214285714285715,42.5,57.184285714285714,15.857142857142858,22.571428571428573,70.77,1.2857142857142858,7.357142857142857,0.47714285714285715,2.9285714285714284,19.357142857142858,0.16428571428571428,15.642857142857142,0.0,95.07142857142857,85.46666666666667,26.2,40.0,19.266666666666666,29.666666666666668,7.6,22.066666666666666,16.333333333333332,15.0,1.2353333333333334,8.733333333333333,23.2,37.61466666666667,20.0,37.4,53.51,19.266666666666666,25.733333333333334,74.74866666666665,2.533333333333333,9.133333333333333,0.6473333333333333,4.2,21.266666666666666,0.20400000000000001,15.0,0.0,91.46666666666667
87,83,2009-04-01,3,2,2008-2009,Paulistano,Assis,1,74.73333333333333,21.2,39.333333333333336,14.2,30.866666666666667,10.733333333333333,20.133333333333333,14.133333333333333,16.8,0.9426666666666669,7.066666666666666,22.666666666666668,31.439999999999998,19.666666666666668,37.333333333333336,52.62466666666666,14.2,20.4,68.938,0.8666666666666667,8.0,0.4973333333333333,2.8666666666666667,22.333333333333332,0.13066666666666665,16.8,0.0,74.33333333333333,77.57142857142857,23.571428571428573,33.57142857142857,20.428571428571427,29.0,7.928571428571429,21.071428571428573,11.357142857142858,12.571428571428571,1.0778571428571428,7.857142857142857,22.571428571428573,35.36214285714286,16.785714285714285,31.428571428571427,53.49857142857143,20.428571428571427,28.714285714285715,71.21785714285714,1.0,7.071428571428571,0.5971428571428571,3.142857142857143,20.142857142857142,0.15928571428571428,12.571428571428571,0.0,77.92857142857143
94,88,2009-04-01,3,2,2008-2009,Pinheiros,Bauru Basket,1,84.13333333333334,29.2,37.06666666666667,17.866666666666667,30.933333333333334,9.066666666666666,21.866666666666667,14.6,12.133333333333333,1.2153333333333334,9.733333333333333,25.4,38.43333333333333,18.533333333333335,34.93333333333333,53.650666666666666,17.866666666666667,25.4,70.768,2.2666666666666666,6.866666666666666,0.5893333333333334,1.5333333333333334,17.533333333333335,0.09133333333333332,12.133333333333333,0.0,86.33333333333333,79.46666666666667,24.4,40.13333333333333,14.933333333333334,28.333333333333332,7.6,20.733333333333334,12.866666666666667,11.533333333333333,1.3079999999999998,8.133333333333333,22.4,35.88133333333334,20.066666666666666,36.4,55.42333333333333,14.933333333333334,19.6,77.29266666666666,1.2,5.933333333333334,0.57,2.466666666666667,18.266666666666666,0.136,11.533333333333333,0.0,82.26666666666667
78,68,2009-04-01,3,2,2008-2009,Saldanha,Lajeado,1,72.6,21.4,39.333333333333336,11.866666666666667,29.333333333333332,10.2,19.133333333333333,10.666666666666666,18.2,0.6419999999999999,7.133333333333334,21.0,33.80533333333334,19.666666666666668,39.333333333333336,50.97533333333333,11.866666666666667,19.866666666666667,59.54666666666667,3.466666666666667,10.266666666666667,0.5726666666666667,1.8,22.333333333333332,0.08400000000000002,18.2,0.0,64.93333333333334,73.46666666666667,18.0,39.06666666666667,16.4,29.4,9.933333333333334,19.466666666666665,10.333333333333334,14.8,0.7166666666666667,6.0,20.333333333333332,29.09133333333334,19.533333333333335,39.8,49.82933333333333,16.4,23.6,70.27399999999999,0.26666666666666666,8.333333333333334,0.62,1.0666666666666667,20.933333333333334,0.052666666666666674,14.8,0.0,66.0
93,80,2009-04-03,4,2,2008-2009,Espírito Santo,Lajeado,1,74.53333333333333,20.2,38.266666666666666,16.066666666666666,26.333333333333332,7.2,19.133333333333333,11.066666666666666,12.533333333333333,0.9853333333333333,6.733333333333333,21.266666666666666,31.840666666666664,19.133333333333333,35.666666666666664,54.492666666666665,16.066666666666666,24.0,68.88533333333334,0.5333333333333333,7.933333333333334,0.6340000000000001,1.2666666666666666,22.266666666666666,0.060000000000000005,12.533333333333333,0.0,69.6,73.46666666666667,17.6,40.0,15.866666666666667,28.666666666666668,9.8,18.866666666666667,10.466666666666667,14.266666666666667,0.7373333333333333,5.866666666666666,19.533333333333335,29.299333333333337,20.0,39.733333333333334,51.206,15.866666666666667,23.2,68.60066666666667,0.2,8.0,0.6140000000000001,1.0,21.2,0.04933333333333335,14.266666666666667,0.0,66.6
83,78,2009-04-03,4,2,2008-2009,Minas,Coop/São José Basketball,1,87.4,23.6,47.6,16.2,35.266666666666666,10.6,24.666666666666668,17.0,15.4,1.1586666666666667,7.866666666666666,21.066666666666666,37.544666666666664,23.8,42.53333333333333,56.162666666666674,16.2,23.2,70.42733333333332,1.2666666666666666,7.4,0.49,2.8,19.2,0.15733333333333333,15.4,0.0,95.53333333333333,78.06666666666666,26.0,38.13333333333333,13.933333333333334,27.6,8.533333333333333,19.066666666666666,13.4,14.0,1.0226666666666668,8.666666666666666,25.266666666666666,34.54066666666667,19.066666666666666,37.4,51.26533333333334,13.933333333333334,20.333333333333332,69.04866666666666,0.4,7.533333333333333,0.5646666666666668,2.1333333333333333,23.0,0.10400000000000002,14.0,0.0,73.4
89,71,2009-04-03,4,2,2008-2009,Pinheiros,Assis,1,85.06666666666666,29.0,38.0,18.066666666666666,30.933333333333334,9.533333333333333,21.4,14.733333333333333,11.866666666666667,1.2593333333333334,9.666666666666666,25.133333333333333,38.624,19.0,35.4,54.324,18.066666666666666,25.466666666666665,71.266,2.4,6.866666666666666,0.6026666666666666,1.6666666666666667,17.533333333333335,0.09866666666666667,11.866666666666667,0.0,88.13333333333334,77.93333333333334,24.6,32.93333333333333,20.4,28.533333333333335,7.933333333333334,20.6,11.6,12.933333333333334,1.0613333333333332,8.2,22.666666666666668,36.616,16.466666666666665,31.266666666666666,52.690666666666665,20.4,28.4,72.02533333333332,1.0,6.866666666666666,0.572,3.1333333333333333,20.4,0.15733333333333333,12.933333333333334,0.0,77.86666666666666
93,92,2009-04-03,4,2,2008-2009,Paulistano,Bauru Basket,1,74.73333333333333,20.2,40.266666666666666,14.266666666666667,30.866666666666667,10.666666666666666,20.2,14.066666666666666,16.266666666666666,0.9953333333333335,6.733333333333333,22.133333333333333,30.82933333333333,20.133333333333333,38.13333333333333,52.552,14.266666666666667,20.6,68.64133333333332,0.9333333333333333,8.2,0.538,3.066666666666667,22.6,0.13799999999999998,16.266666666666666,0.0,74.93333333333334,81.0,25.0,40.8,15.2,28.6,8.333333333333334,20.266666666666666,13.4,11.266666666666667,1.3886666666666665,8.333333333333334,22.533333333333335,36.63866666666667,20.4,37.06666666666667,55.45666666666667,15.2,19.6,78.56266666666666,1.2666666666666666,6.133333333333334,0.6066666666666667,2.4,18.533333333333335,0.13133333333333336,11.266666666666667,0.0,85.0
77,72,2009-04-03,4,2,2008-2009,Brasília,Sesi Franca,1,88.26666666666667,22.4,44.266666666666666,21.6,33.93333333333333,7.866666666666666,26.066666666666666,15.466666666666667,16.066666666666666,1.0273333333333334,7.466666666666667,20.933333333333334,35.764,22.133333333333333,37.46666666666667,59.40466666666667,21.6,28.266666666666666,76.69000000000001,2.2666666666666666,7.6,0.502,4.133333333333334,23.733333333333334,0.1853333333333333,16.066666666666666,0.0,97.86666666666666,86.8,20.6,48.266666666666666,17.933333333333334,32.733333333333334,10.4,22.333333333333332,18.066666666666666,12.733333333333333,1.4933333333333332,6.866666666666666,20.133333333333333,35.608666666666664,24.133333333333333,46.13333333333333,52.84733333333333,17.933333333333334,23.733333333333334,74.92266666666666,1.2,9.4,0.768,2.066666666666667,21.8,0.09933333333333334,12.733333333333333,0.0,95.26666666666667
61,84,2009-04-03,4,2,2008-2009,Saldanha,Joinville,0,72.2,21.8,39.06666666666667,11.333333333333334,28.866666666666667,10.2,18.666666666666668,10.866666666666667,17.733333333333334,0.6813333333333332,7.266666666666667,21.4,33.664,19.533333333333335,38.86666666666667,51.54,11.333333333333334,19.4,58.82533333333334,3.2666666666666666,10.2,0.5920000000000001,1.6,22.2,0.07533333333333334,17.733333333333334,0.0,64.46666666666667,81.73333333333333,27.2,39.6,14.933333333333334,36.06666666666667,9.533333333333333,26.533333333333335,15.933333333333334,14.6,1.1766666666666665,9.066666666666666,25.733333333333334,35.59733333333334,19.8,36.46666666666667,54.01266666666667,14.933333333333334,22.4,66.97333333333333,1.8666666666666667,9.0,0.692,2.933333333333333,19.6,0.16599999999999995,14.6,0.0,90.26666666666667
110,89,2009-04-05,9,1,2008-2009,Minas,Joinville,1,87.86666666666666,23.6,48.0,16.266666666666666,35.53333333333333,10.533333333333333,25.0,16.8,15.2,1.1620000000000001,7.866666666666666,21.0,37.63999999999999,24.0,42.266666666666666,57.14399999999999,16.266666666666666,22.866666666666667,71.62799999999999,1.3333333333333333,7.2,0.48333333333333334,3.4,19.0,0.19066666666666665,15.2,0.0,97.6,80.06666666666666,25.2,39.6,15.266666666666667,35.93333333333333,9.466666666666667,26.466666666666665,15.2,14.133333333333333,1.160666666666667,8.4,25.533333333333335,33.431333333333335,19.8,36.8,53.45933333333333,15.266666666666667,23.2,66.14466666666665,2.066666666666667,9.866666666666667,0.7699999999999999,2.933333333333333,19.4,0.16666666666666663,14.133333333333333,0.0,87.8
75,85,2009-04-08,5,2,2008-2009,Saldanha,Brasília,0,72.06666666666666,22.0,38.266666666666666,11.8,29.4,10.0,19.4,11.266666666666667,18.0,0.6946666666666665,7.333333333333333,21.866666666666667,33.528,19.133333333333333,38.266666666666666,51.169333333333334,11.8,20.466666666666665,57.784,3.2,10.2,0.5866666666666667,1.7333333333333334,22.733333333333334,0.08000000000000002,18.0,0.0,64.33333333333333,89.13333333333334,22.0,45.06666666666667,22.066666666666666,33.6,7.533333333333333,26.066666666666666,15.266666666666667,15.6,1.0413333333333332,7.333333333333333,20.866666666666667,35.281333333333336,22.533333333333335,37.46666666666667,60.65466666666667,22.066666666666666,28.733333333333334,77.38133333333332,2.2,7.266666666666667,0.49066666666666664,4.4,23.133333333333333,0.20333333333333328,15.6,0.0,98.93333333333334
91,80,2009-04-08,5,2,2008-2009,Limeira,Araraquara,1,86.66666666666667,26.4,41.333333333333336,18.933333333333334,30.2,7.733333333333333,22.466666666666665,16.866666666666667,13.4,1.3453333333333333,8.8,23.533333333333335,37.321333333333335,20.666666666666668,38.46666666666667,53.87666666666666,18.933333333333334,25.466666666666665,74.10866666666666,2.3333333333333335,9.0,0.6666666666666666,4.6,20.933333333333334,0.2326666666666667,13.4,0.0,94.86666666666666,78.86666666666666,26.8,37.2,14.866666666666667,30.066666666666666,7.266666666666667,22.8,17.2,16.2,1.1506666666666667,8.933333333333334,25.266666666666666,35.44466666666667,18.6,33.93333333333333,54.93999999999999,14.866666666666667,20.933333333333334,69.76666666666667,2.0,7.8,0.49600000000000016,4.533333333333333,21.533333333333335,0.23333333333333334,16.2,0.0,84.53333333333333
78,73,2009-04-08,5,2,2008-2009,Coop/São José Basketball,Sesi Franca,1,77.73333333333333,26.4,37.2,14.133333333333333,28.0,9.133333333333333,18.866666666666667,13.2,13.4,1.0593333333333332,8.8,25.4,34.852,18.6,38.13333333333333,49.30266666666667,14.133333333333333,20.533333333333335,69.438,0.4,7.2,0.5646666666666668,2.2,22.733333333333334,0.10733333333333335,13.4,0.0,72.4,86.33333333333333,20.8,48.13333333333333,17.4,32.0,10.0,22.0,17.6,12.666666666666666,1.4593333333333334,6.933333333333334,20.533333333333335,35.38733333333334,24.066666666666666,46.333333333333336,52.440666666666665,17.4,23.066666666666666,74.87000000000002,1.2,9.733333333333333,0.8019999999999999,2.2666666666666666,22.8,0.10666666666666669,12.666666666666666,0.0,93.73333333333333
78,84,2009-04-08,5,2,2008-2009,Bauru Basket,Minas,0,82.0,26.4,39.46666666666667,16.133333333333333,28.866666666666667,8.866666666666667,20.0,13.866666666666667,11.4,1.4166666666666665,8.8,23.333333333333332,37.52066666666667,19.733333333333334,36.333333333333336,54.70600000000001,16.133333333333333,21.266666666666666,77.28333333333333,1.3333333333333333,6.4,0.6246666666666667,2.2666666666666666,18.266666666666666,0.12533333333333332,11.4,0.0,85.73333333333333,89.8,24.2,48.93333333333333,16.666666666666668,35.6,10.866666666666667,24.733333333333334,16.866666666666667,15.466666666666667,1.1393333333333335,8.066666666666666,21.333333333333332,37.946000000000005,24.466666666666665,41.8,58.87533333333332,16.666666666666668,23.333333333333332,72.09933333333332,1.4,7.4,0.48933333333333334,3.7333333333333334,18.6,0.20933333333333332,15.466666666666667,0.0,100.66666666666667
88,106,2009-04-08,5,2,2008-2009,Assis,Flamengo,0,77.66666666666667,24.8,33.06666666666667,19.8,28.066666666666666,7.933333333333334,20.133333333333333,12.2,12.866666666666667,1.1026666666666667,8.266666666666667,22.6,37.02,16.533333333333335,31.6,52.38733333333332,19.8,27.466666666666665,73.30733333333335,1.0666666666666667,6.733333333333333,0.5646666666666668,2.933333333333333,20.866666666666667,0.14400000000000002,12.866666666666667,0.0,77.66666666666667,94.53333333333333,29.6,46.4,18.533333333333335,33.266666666666666,9.2,24.066666666666666,18.066666666666666,14.066666666666666,1.412,9.866666666666667,24.733333333333334,40.50533333333333,23.2,39.266666666666666,58.73133333333333,18.533333333333335,24.133333333333333,77.50466666666667,1.9333333333333333,9.2,0.7026666666666667,1.6,19.6,0.07733333333333332,14.066666666666666,0.0,106.06666666666666
66,71,2009-04-09,5,2,2008-2009,Paulistano,Joinville,0,76.6,21.0,40.666666666666664,14.933333333333334,30.6,10.6,20.0,13.866666666666667,16.533333333333335,0.9299999999999999,7.0,21.333333333333332,33.199999999999996,20.333333333333332,38.333333333333336,52.784,14.933333333333334,21.2,70.20266666666667,0.8666666666666667,8.333333333333334,0.5366666666666667,2.8666666666666667,22.533333333333335,0.12999999999999998,16.533333333333335,0.0,77.13333333333334,80.8,25.8,39.6,15.4,35.266666666666666,9.933333333333334,25.333333333333332,15.066666666666666,13.866666666666667,1.1686666666666667,8.6,25.866666666666667,33.67066666666666,19.8,37.0,53.16066666666667,15.4,23.533333333333335,65.50933333333333,2.0,9.8,0.7720000000000001,3.1333333333333333,19.533333333333335,0.17799999999999996,13.866666666666667,0.0,87.6
96,79,2009-04-09,5,2,2008-2009,Pinheiros,Lajeado,1,85.53333333333333,28.8,38.666666666666664,18.066666666666666,29.866666666666667,9.133333333333333,20.733333333333334,14.666666666666666,12.133333333333333,1.236,9.6,24.6,39.73533333333333,19.333333333333332,35.333333333333336,55.330000000000005,18.066666666666666,25.333333333333332,71.69533333333334,2.533333333333333,7.2,0.6166666666666667,1.6,17.8,0.09333333333333334,12.133333333333333,0.0,88.46666666666667,74.0,18.0,40.4,15.6,27.266666666666666,9.333333333333334,17.933333333333334,10.2,14.066666666666666,0.7313333333333333,6.0,19.466666666666665,30.013333333333335,20.2,39.733333333333334,51.682,15.6,22.4,69.696,0.2,8.466666666666667,0.6526666666666666,1.0,22.133333333333333,0.04866666666666668,14.066666666666666,0.0,67.06666666666666
76,80,2009-04-10,6,2,2008-2009,Espírito Santo,Brasília,0,75.8,20.4,38.53333333333333,16.866666666666667,27.266666666666666,7.666666666666667,19.6,11.733333333333333,12.466666666666667,1.0286666666666666,6.8,21.0,32.846666666666664,19.266666666666666,36.266666666666666,53.80866666666667,16.866666666666667,25.8,67.14066666666666,0.7333333333333333,7.2,0.592,1.5333333333333334,22.666666666666668,0.07,12.466666666666667,0.0,70.93333333333334,90.4,22.4,44.93333333333333,23.066666666666666,32.53333333333333,7.133333333333334,25.4,15.533333333333333,14.8,1.1113333333333335,7.466666666666667,20.866666666666667,36.065333333333335,22.466666666666665,37.4,60.586666666666666,23.066666666666666,30.133333333333333,75.78133333333334,2.2,7.533333333333333,0.5426666666666667,4.466666666666667,23.133333333333333,0.20733333333333331,14.8,0.0,100.26666666666667
83,62,2009-04-10,6,2,2008-2009,Limeira,Sesi Franca,1,87.46666666666667,26.8,42.266666666666666,18.4,29.666666666666668,7.133333333333334,22.533333333333335,17.066666666666666,13.6,1.3373333333333333,8.933333333333334,23.2,38.30800000000001,21.133333333333333,38.266666666666666,55.41533333333333,18.4,25.133333333333333,72.61733333333333,2.8666666666666667,9.4,0.6873333333333334,4.333333333333333,20.4,0.228,13.6,0.0,96.2,85.86666666666666,21.0,47.333333333333336,17.533333333333335,31.466666666666665,10.0,21.466666666666665,17.333333333333332,13.066666666666666,1.4093333333333333,7.0,20.2,36.187333333333335,23.666666666666668,45.8,52.11866666666666,17.533333333333335,23.333333333333332,74.63666666666668,1.2,9.666666666666666,0.7833333333333333,2.2666666666666666,23.666666666666668,0.1046666666666667,13.066666666666666,0.0,92.4
74,79,2009-04-10,6,2,2008-2009,Assis,Minas,0,78.33333333333333,24.6,34.0,19.733333333333334,27.933333333333334,7.8,20.133333333333333,12.133333333333333,13.066666666666666,1.0533333333333335,8.2,22.333333333333332,37.09,17.0,31.733333333333334,53.48733333333333,19.733333333333334,27.333333333333332,73.396,1.2,6.666666666666667,0.5406666666666666,2.933333333333333,20.933333333333334,0.14333333333333337,13.066666666666666,0.0,78.46666666666667,89.73333333333333,25.0,47.86666666666667,16.866666666666667,35.53333333333333,10.6,24.933333333333334,16.6,15.466666666666667,1.122666666666667,8.333333333333334,20.933333333333334,39.93866666666666,23.933333333333334,40.86666666666667,58.97799999999999,16.866666666666667,23.533333333333335,72.27333333333331,1.2666666666666666,7.4,0.48933333333333334,3.6666666666666665,18.733333333333334,0.2053333333333333,15.466666666666667,0.0,101.26666666666667
91,98,2009-04-10,6,2,2008-2009,Bauru Basket,Flamengo,0,81.33333333333333,26.2,39.333333333333336,15.8,28.733333333333334,9.2,19.533333333333335,14.066666666666666,11.066666666666666,1.5779999999999996,8.733333333333333,23.8,36.327999999999996,19.666666666666668,36.333333333333336,54.55066666666667,15.8,21.466666666666665,75.05133333333333,1.4,6.8,0.7706666666666666,2.0,18.0,0.11333333333333334,11.066666666666666,0.0,84.46666666666667,94.8,30.0,45.86666666666667,18.933333333333334,32.93333333333333,8.933333333333334,24.0,18.133333333333333,14.4,1.3666666666666667,10.0,24.466666666666665,41.443333333333335,22.933333333333334,39.0,58.48266666666666,18.933333333333334,24.2,79.13533333333332,1.9333333333333333,9.2,0.6866666666666666,1.6,19.733333333333334,0.07666666666666666,14.4,0.0,106.46666666666667
76,73,2009-04-11,6,2,2008-2009,Coop/São José Basketball,Araraquara,1,78.13333333333334,25.8,37.6,14.733333333333333,28.666666666666668,9.266666666666667,19.4,13.066666666666666,13.2,1.0593333333333335,8.6,24.733333333333334,34.852,18.8,38.06666666666667,49.96933333333333,14.733333333333333,21.4,69.72399999999999,0.4,6.866666666666666,0.5473333333333333,2.066666666666667,22.8,0.10133333333333336,13.2,0.0,73.53333333333333,78.6,26.8,36.4,15.4,29.533333333333335,7.2,22.333333333333332,17.2,16.866666666666667,1.0939999999999999,8.933333333333334,24.333333333333332,36.49733333333334,18.2,33.8,53.94799999999999,15.4,21.266666666666666,71.76066666666667,2.0,7.8,0.4826666666666667,4.4,21.533333333333335,0.22666666666666668,16.866666666666667,0.0,83.8
66,61,2009-04-11,6,2,2008-2009,Paulistano,Lajeado,1,76.13333333333334,20.0,41.06666666666667,15.066666666666666,30.466666666666665,10.266666666666667,20.2,13.8,16.8,0.9173333333333334,6.666666666666667,21.266666666666666,31.75733333333333,20.533333333333335,38.8,52.778,15.066666666666666,21.533333333333335,69.74266666666668,0.8,8.4,0.534,2.8666666666666667,22.666666666666668,0.12999999999999998,16.8,0.0,75.53333333333333,75.53333333333333,18.2,41.733333333333334,15.6,27.333333333333332,8.8,18.533333333333335,11.066666666666666,13.866666666666667,0.8059999999999999,6.066666666666666,19.2,30.80666666666667,20.866666666666667,40.13333333333333,52.669999999999995,15.6,22.6,69.02933333333334,0.13333333333333333,8.066666666666666,0.632,1.0666666666666667,22.6,0.05266666666666668,13.866666666666667,0.0,69.8
94,92,2009-04-11,6,2,2008-2009,Pinheiros,Joinville,1,86.46666666666667,29.2,39.6,17.666666666666668,30.0,8.866666666666667,21.133333333333333,15.0,12.133333333333333,1.2666666666666666,9.733333333333333,24.8,39.919999999999995,19.8,35.86666666666667,55.67733333333334,17.666666666666668,24.6,72.25066666666666,2.7333333333333334,7.4,0.6353333333333334,1.9333333333333333,17.733333333333334,0.11200000000000002,12.133333333333333,0.0,90.6,80.86666666666666,25.4,39.6,15.866666666666667,34.666666666666664,10.266666666666667,24.4,15.066666666666666,14.066666666666666,1.1573333333333333,8.466666666666667,26.066666666666666,33.010666666666665,19.8,36.86666666666667,53.38199999999999,15.866666666666667,24.533333333333335,64.39466666666667,2.066666666666667,10.0,0.778,3.1333333333333333,19.533333333333335,0.17799999999999996,14.066666666666666,0.0,86.33333333333333
90,100,2009-04-14,7,2,2008-2009,Joinville,Flamengo,0,80.8,27.8,37.333333333333336,15.666666666666666,33.6,10.266666666666667,23.333333333333332,15.133333333333333,14.0,1.168,9.266666666666667,27.466666666666665,33.721333333333334,18.666666666666668,35.6,52.04,15.666666666666666,24.2,64.57133333333333,1.9333333333333333,9.333333333333334,0.7373333333333335,3.0,20.133333333333333,0.15933333333333335,14.0,0.0,84.2,95.33333333333333,30.0,46.266666666666666,19.066666666666666,32.53333333333333,8.866666666666667,23.666666666666668,18.8,13.6,1.4786666666666666,10.0,24.866666666666667,40.674,23.133333333333333,38.46666666666667,59.967333333333336,19.066666666666666,23.933333333333334,81.14666666666666,2.066666666666667,9.0,0.6893333333333332,1.8,20.333333333333332,0.08466666666666667,13.6,0.0,108.8
64,86,2009-04-15,7,2,2008-2009,Espírito Santo,Pinheiros,0,76.53333333333333,21.8,38.13333333333333,16.6,26.6,7.2,19.4,12.466666666666667,12.133333333333333,1.14,7.266666666666667,21.466666666666665,34.132,19.066666666666666,36.0,53.623333333333335,16.6,25.133333333333333,67.474,0.8666666666666667,6.866666666666666,0.5953333333333333,1.5333333333333334,22.4,0.07,12.133333333333333,0.0,72.2,87.6,29.4,39.733333333333334,18.466666666666665,31.066666666666666,9.133333333333333,21.933333333333334,15.333333333333334,12.333333333333334,1.2653333333333334,9.8,25.0,39.88,19.866666666666667,36.2,55.32066666666667,18.466666666666665,25.266666666666666,73.38866666666668,2.8,8.0,0.6806666666666668,1.9333333333333333,17.8,0.11200000000000002,12.333333333333334,0.0,93.26666666666667
94,72,2009-04-15,7,2,2008-2009,Brasília,Coop/São José Basketball,1,88.8,22.8,44.0,22.0,33.06666666666667,7.466666666666667,25.6,15.533333333333333,15.266666666666667,1.0446666666666669,7.6,21.333333333333332,36.138,22.0,36.733333333333334,60.53866666666667,22.0,29.066666666666666,74.89266666666666,2.466666666666667,7.866666666666666,0.5413333333333333,4.2,22.666666666666668,0.2,15.266666666666667,0.0,98.66666666666667,77.33333333333333,24.4,37.86666666666667,15.066666666666666,29.4,9.933333333333334,19.466666666666665,12.666666666666666,13.666666666666666,1.0093333333333332,8.133333333333333,24.466666666666665,33.12866666666667,18.933333333333334,38.0,50.384,15.066666666666666,22.0,69.21533333333333,0.6666666666666666,7.2,0.5526666666666666,2.066666666666667,23.266666666666666,0.10133333333333336,13.666666666666666,0.0,72.66666666666667
64,70,2009-04-15,7,2,2008-2009,Araraquara,Bauru Basket,0,78.13333333333334,26.6,36.8,14.733333333333333,28.6,7.066666666666666,21.533333333333335,16.866666666666667,17.2,1.0606666666666664,8.866666666666667,24.4,36.13533333333333,18.4,33.86666666666667,54.45333333333333,14.733333333333333,20.266666666666666,72.43266666666668,2.2,7.933333333333334,0.47933333333333333,4.066666666666666,22.066666666666666,0.20600000000000002,17.2,0.0,81.86666666666666,81.53333333333333,27.0,38.93333333333333,15.6,28.933333333333334,9.4,19.533333333333335,14.066666666666666,10.933333333333334,1.6159999999999997,9.0,24.333333333333332,36.328,19.466666666666665,35.666666666666664,54.918000000000006,15.6,21.266666666666666,74.734,1.4,6.6,0.7546666666666667,1.8,18.4,0.09933333333333332,10.933333333333334,0.0,84.8
76,68,2009-04-15,7,2,2008-2009,Sesi Franca,Assis,1,86.13333333333334,21.2,46.93333333333333,18.0,30.733333333333334,9.8,20.933333333333334,17.266666666666666,13.266666666666667,1.3926666666666667,7.066666666666666,20.2,36.465333333333334,23.466666666666665,44.8,52.551333333333325,18.0,23.866666666666667,75.10066666666667,1.0666666666666667,8.8,0.7046666666666667,2.1333333333333333,24.4,0.09133333333333336,13.266666666666667,0.0,91.46666666666667,78.73333333333333,24.2,35.2,19.333333333333332,28.066666666666666,7.733333333333333,20.333333333333332,12.133333333333333,12.8,1.1053333333333333,8.066666666666666,22.533333333333335,36.12933333333333,17.6,32.46666666666667,54.127333333333326,19.333333333333332,26.333333333333332,74.51733333333333,1.2666666666666666,6.666666666666667,0.5646666666666665,2.933333333333333,20.933333333333334,0.14333333333333334,12.8,0.0,79.4
70,84,2009-04-15,7,2,2008-2009,Lajeado,Minas,0,74.46666666666667,18.4,39.86666666666667,16.2,27.733333333333334,8.466666666666667,19.266666666666666,10.8,13.8,0.7926666666666667,6.133333333333334,19.666666666666668,30.473333333333336,19.933333333333334,39.13333333333333,51.60666666666667,16.2,22.733333333333334,70.84266666666667,0.13333333333333333,7.8,0.6186666666666666,1.2,22.666666666666668,0.05866666666666668,13.8,0.0,68.93333333333334,89.33333333333333,24.0,48.53333333333333,16.8,35.06666666666667,10.266666666666667,24.8,15.933333333333334,15.666666666666666,1.0620000000000003,8.0,20.4,39.23266666666667,24.266666666666666,40.733333333333334,60.01333333333332,16.8,23.066666666666666,73.35999999999999,1.4,7.133333333333334,0.46733333333333327,3.933333333333333,18.333333333333332,0.2213333333333333,15.666666666666666,0.0,100.6
88,96,2009-04-15,7,2,2008-2009,Saldanha,Paulistano,0,71.73333333333333,22.8,37.2,11.733333333333333,29.333333333333332,10.2,19.133333333333333,11.466666666666667,18.266666666666666,0.698,7.6,22.466666666666665,33.82666666666667,18.6,37.86666666666667,50.275999999999996,11.733333333333333,20.333333333333332,57.83466666666667,3.0,9.933333333333334,0.5653333333333334,1.7333333333333334,22.533333333333335,0.08066666666666668,18.266666666666666,0.0,63.2,75.73333333333333,19.4,40.53333333333333,15.8,31.266666666666666,10.2,21.066666666666666,13.533333333333333,16.533333333333335,0.9173333333333334,6.466666666666667,21.4,30.721999999999998,20.266666666666666,39.13333333333333,51.518,15.8,22.533333333333335,70.02,0.7333333333333333,8.466666666666667,0.5519999999999999,3.0,22.866666666666667,0.13466666666666666,16.533333333333335,0.0,74.93333333333334
85,75,2009-04-17,8,2,2008-2009,Espírito Santo,Paulistano,1,74.6,20.8,38.266666666666666,15.533333333333333,26.6,7.266666666666667,19.333333333333332,13.133333333333333,11.933333333333334,1.2173333333333332,6.933333333333334,21.4,32.64,19.133333333333333,36.733333333333334,52.44066666666666,15.533333333333333,23.6,66.79666666666667,1.0,7.066666666666666,0.626,1.4666666666666666,21.8,0.068,11.933333333333334,0.0,70.8,78.93333333333334,21.0,41.06666666666667,16.866666666666667,32.13333333333333,10.866666666666667,21.266666666666666,14.0,16.6,0.9366666666666668,7.0,22.666666666666668,31.423999999999996,20.533333333333335,39.53333333333333,51.814,16.866666666666667,24.133333333333333,69.68666666666668,0.8,8.666666666666666,0.5593333333333333,3.0,23.4,0.132,16.6,0.0,78.2
116,88,2009-04-17,8,2,2008-2009,Brasília,Limeira,1,88.2,22.4,44.0,21.8,32.266666666666666,7.2,25.066666666666666,16.066666666666666,15.066666666666666,1.1033333333333333,7.466666666666667,21.533333333333335,35.26466666666667,22.0,36.266666666666666,61.17399999999999,21.8,28.866666666666667,74.73333333333333,2.466666666666667,7.933333333333334,0.5566666666666668,4.266666666666667,22.066666666666666,0.21066666666666667,15.066666666666666,0.0,98.26666666666667,85.8,26.0,41.86666666666667,17.933333333333334,29.733333333333334,6.933333333333334,22.8,16.8,13.866666666666667,1.2913333333333334,8.666666666666666,22.733333333333334,38.18466666666667,20.933333333333334,38.4,54.59399999999999,17.933333333333334,24.466666666666665,72.88400000000001,2.933333333333333,9.4,0.678,4.4,20.133333333333333,0.234,13.866666666666667,0.0,94.2
83,80,2009-04-17,8,2,2008-2009,Sesi Franca,Bauru Basket,1,84.8,21.4,45.86666666666667,17.533333333333335,30.666666666666668,9.666666666666666,21.0,16.266666666666666,13.6,1.2793333333333332,7.133333333333334,20.133333333333333,37.010000000000005,22.933333333333334,44.46666666666667,51.74133333333332,17.533333333333335,23.466666666666665,74.64200000000001,1.0666666666666667,8.466666666666667,0.6613333333333334,2.4,24.8,0.09933333333333336,13.6,0.0,88.53333333333333,82.4,27.8,38.8,15.8,28.933333333333334,9.533333333333333,19.4,14.4,10.866666666666667,1.637333333333333,9.266666666666667,24.4,37.482000000000006,19.4,35.4,55.03666666666667,15.8,21.866666666666667,72.73399999999998,1.3333333333333333,6.933333333333334,0.776,1.8,18.666666666666668,0.09933333333333332,10.866666666666667,0.0,86.4
72,59,2009-04-17,8,2,2008-2009,Araraquara,Assis,1,76.4,26.0,35.46666666666667,14.933333333333334,28.066666666666666,7.133333333333334,20.933333333333334,16.4,17.6,0.9939999999999999,8.666666666666666,24.2,35.580000000000005,17.733333333333334,33.0,53.94866666666666,14.933333333333334,20.666666666666668,71.74066666666667,2.2666666666666666,7.666666666666667,0.446,3.8666666666666667,22.0,0.19733333333333336,17.6,0.0,78.26666666666667,77.46666666666667,23.0,35.333333333333336,19.133333333333333,27.933333333333334,7.933333333333334,20.0,11.8,13.4,0.9833333333333333,7.666666666666667,21.8,35.90733333333333,17.666666666666668,33.53333333333333,52.821333333333335,19.133333333333333,26.4,73.27933333333334,1.2666666666666666,7.0,0.5740000000000001,3.066666666666667,21.466666666666665,0.146,13.4,0.0,76.6
73,90,2009-04-17,8,2,2008-2009,Lajeado,Flamengo,0,73.53333333333333,18.0,40.266666666666666,15.266666666666667,26.8,8.066666666666666,18.733333333333334,11.2,13.733333333333333,0.8466666666666666,6.0,19.4,30.223333333333333,20.133333333333333,39.666666666666664,51.336,15.266666666666667,21.466666666666665,70.482,0.13333333333333333,7.733333333333333,0.6146666666666667,1.1333333333333333,21.733333333333334,0.05866666666666667,13.733333333333333,0.0,67.53333333333333,95.26666666666667,30.6,46.13333333333333,18.533333333333335,33.53333333333333,8.733333333333333,24.8,18.2,13.933333333333334,1.3993333333333333,10.2,25.266666666666666,40.608666666666664,23.066666666666666,37.93333333333333,60.681333333333335,18.533333333333335,23.733333333333334,79.91,1.9333333333333333,8.8,0.6633333333333333,1.8666666666666667,19.933333333333334,0.09000000000000001,13.933333333333334,0.0,108.6
74,91,2009-04-17,8,2,2008-2009,Saldanha,Pinheiros,0,74.26666666666667,23.8,37.733333333333334,12.733333333333333,29.933333333333334,10.4,19.533333333333335,12.533333333333333,17.933333333333334,0.7666666666666667,7.933333333333334,23.2,34.33133333333333,18.866666666666667,37.333333333333336,51.40533333333333,12.733333333333333,22.133333333333333,57.91133333333334,3.2666666666666666,10.266666666666667,0.5993333333333335,1.6666666666666667,23.6,0.07266666666666667,17.933333333333334,0.0,67.6,87.66666666666667,27.8,41.86666666666667,18.0,31.533333333333335,9.066666666666666,22.466666666666665,16.4,12.4,1.3606666666666667,9.266666666666667,24.2,38.868,20.933333333333334,37.266666666666666,56.59066666666667,18.0,24.2,74.28200000000001,3.0,7.933333333333334,0.6706666666666666,1.8666666666666667,17.4,0.10933333333333334,12.4,0.0,95.53333333333333
75,64,2009-04-17,8,2,2008-2009,Joinville,Minas,1,82.33333333333333,28.4,37.86666666666667,16.066666666666666,33.666666666666664,10.266666666666667,23.4,15.066666666666666,13.933333333333334,1.1746666666666667,9.466666666666667,28.066666666666666,33.78333333333333,18.933333333333334,36.13333333333333,52.13866666666666,16.066666666666666,24.266666666666666,65.91066666666666,1.9333333333333333,9.0,0.7053333333333335,3.1333333333333333,20.466666666666665,0.16333333333333336,13.933333333333334,0.0,85.26666666666667,89.0,23.8,48.4,16.8,34.6,9.733333333333333,24.866666666666667,15.533333333333333,15.133333333333333,1.0813333333333335,7.933333333333334,20.466666666666665,38.884,24.2,40.333333333333336,60.519333333333314,16.8,23.2,72.73266666666665,1.4,7.133333333333334,0.48533333333333323,3.8666666666666667,18.066666666666666,0.21933333333333335,15.133333333333333,0.0,99.93333333333334
63,75,2009-04-21,9,2,2008-2009,Assis,Limeira,0,75.8,22.2,34.666666666666664,18.933333333333334,28.0,7.8,20.2,11.933333333333334,13.866666666666667,0.9753333333333334,7.4,21.866666666666667,34.510666666666665,17.333333333333332,32.93333333333333,52.59733333333334,18.933333333333334,26.266666666666666,72.97266666666668,1.3333333333333333,6.8,0.5426666666666666,3.1333333333333333,21.733333333333334,0.148,13.866666666666667,0.0,74.4,86.0,25.4,42.0,18.6,29.333333333333332,7.266666666666667,22.066666666666666,16.333333333333332,14.0,1.2393333333333334,8.466666666666667,22.8,37.273333333333326,21.0,38.06666666666667,55.154,18.6,25.066666666666666,73.74466666666667,2.8,8.666666666666666,0.6053333333333334,4.266666666666667,20.266666666666666,0.2273333333333333,14.0,0.0,92.73333333333333
86,58,2009-04-21,9,2,2008-2009,Bauru Basket,Coop/São José Basketball,1,82.93333333333334,28.4,38.8,15.733333333333333,28.266666666666666,9.066666666666666,19.2,14.533333333333333,10.933333333333334,1.6419999999999997,9.466666666666667,24.2,38.59333333333334,19.4,35.4,55.03666666666667,15.733333333333333,21.466666666666665,74.00266666666667,1.4,6.533333333333333,0.7326666666666666,1.6666666666666667,19.0,0.08800000000000002,10.933333333333334,0.0,86.53333333333333,76.53333333333333,24.0,37.6,14.933333333333334,29.866666666666667,10.133333333333333,19.733333333333334,12.733333333333333,13.933333333333334,0.9966666666666666,8.0,24.533333333333335,32.382666666666665,18.8,38.13333333333333,49.908,14.933333333333334,21.866666666666667,69.01466666666667,0.7333333333333333,7.333333333333333,0.5559999999999999,2.066666666666667,23.466666666666665,0.1006666666666667,13.933333333333334,0.0,71.8
99,49,2009-04-22,9,2,2008-2009,Flamengo,Saldanha,1,94.26666666666667,30.8,44.53333333333333,18.933333333333334,32.8,8.533333333333333,24.266666666666666,17.866666666666667,13.866666666666667,1.3820000000000001,10.266666666666667,25.666666666666668,40.178666666666665,22.266666666666666,36.46666666666667,61.13,18.933333333333334,24.333333333333332,79.41333333333333,1.9333333333333333,8.6,0.6519999999999998,1.6666666666666667,20.066666666666666,0.07800000000000001,13.866666666666667,0.0,106.33333333333333,74.4,23.4,38.4,12.6,30.0,9.866666666666667,20.133333333333333,12.8,18.2,0.7699999999999999,7.8,23.6,33.138000000000005,19.2,36.46666666666667,53.01533333333334,12.6,21.266666666666666,60.324,3.7333333333333334,10.4,0.5980000000000001,1.8666666666666667,23.0,0.08333333333333333,18.2,0.0,69.53333333333333
76,78,2009-04-22,9,2,2008-2009,Pinheiros,Brasília,0,88.93333333333334,27.8,43.06666666666667,18.066666666666666,31.533333333333335,9.0,22.533333333333335,16.333333333333332,12.8,1.3313333333333333,9.266666666666667,23.733333333333334,39.43266666666667,21.533333333333335,37.53333333333333,57.79466666666667,18.066666666666666,24.066666666666666,75.21066666666665,3.2666666666666666,7.866666666666666,0.6493333333333333,1.8666666666666667,17.133333333333333,0.11133333333333333,12.8,0.0,97.26666666666667,90.0,22.8,45.06666666666667,22.133333333333333,31.466666666666665,7.133333333333334,24.333333333333332,15.866666666666667,14.8,1.1133333333333333,7.6,21.733333333333334,35.50599999999999,22.533333333333335,36.666666666666664,61.85733333333332,22.133333333333333,29.2,74.94266666666665,2.6666666666666665,8.333333333333334,0.5880000000000002,4.133333333333334,22.6,0.20133333333333336,14.8,0.0,99.66666666666667
101,70,2009-04-22,9,2,2008-2009,Minas,Espírito Santo,1,88.6,23.8,48.0,16.8,34.13333333333333,10.0,24.133333333333333,15.6,15.133333333333333,1.0853333333333335,7.933333333333334,20.2,39.18866666666667,24.0,40.4,59.823999999999984,16.8,23.266666666666666,72.47866666666667,1.5333333333333334,7.066666666666666,0.4813333333333333,3.8,18.333333333333332,0.21066666666666667,15.133333333333333,0.0,98.93333333333334,75.06666666666666,20.8,38.0,16.266666666666666,27.2,7.6,19.6,13.533333333333333,12.266666666666667,1.226,6.933333333333334,21.333333333333332,32.718666666666664,19.0,36.13333333333333,52.868,16.266666666666666,23.866666666666667,68.032,1.0,7.0,0.5973333333333333,1.5333333333333334,21.4,0.07266666666666667,12.266666666666667,0.0,72.93333333333334
75,80,2009-04-22,9,2,2008-2009,Lajeado,Araraquara,0,72.66666666666667,18.6,39.333333333333336,14.733333333333333,26.466666666666665,8.2,18.266666666666666,11.533333333333333,13.8,0.876,6.2,20.0,30.291999999999998,19.666666666666668,39.06666666666667,50.92466666666667,14.733333333333333,20.733333333333334,70.41399999999999,0.13333333333333333,7.266666666666667,0.5566666666666666,1.2,21.4,0.06200000000000001,13.8,0.0,66.13333333333334,76.4,25.2,35.733333333333334,15.466666666666667,28.0,7.2,20.8,16.133333333333333,17.866666666666667,0.9606666666666666,8.4,23.533333333333335,35.60933333333333,17.866666666666667,33.2,54.07933333333334,15.466666666666667,21.0,73.00733333333332,1.8666666666666667,7.8,0.4473333333333334,3.533333333333333,22.8,0.17266666666666666,17.866666666666667,0.0,78.0
79,59,2009-04-22,9,2,2008-2009,Joinville,Sesi Franca,1,81.53333333333333,27.8,37.6,16.133333333333333,33.53333333333333,10.8,22.733333333333334,14.866666666666667,13.933333333333334,1.1606666666666667,9.266666666666667,28.0,32.97533333333333,18.8,36.86666666666667,50.81466666666667,16.133333333333333,24.2,66.75266666666666,1.9333333333333333,9.0,0.7053333333333335,3.2,20.533333333333335,0.16599999999999998,13.933333333333334,0.0,83.33333333333333,85.13333333333334,21.2,46.53333333333333,17.4,30.533333333333335,9.666666666666666,20.866666666666667,16.4,13.333333333333334,1.3173333333333332,7.066666666666666,19.733333333333334,37.398,23.266666666666666,44.733333333333334,52.21133333333332,17.4,22.933333333333334,75.652,1.0,8.933333333333334,0.7120000000000001,2.4,24.066666666666666,0.10400000000000002,13.333333333333334,0.0,90.4
63,60,2009-04-23,10,2,2008-2009,Assis,Coop/São José Basketball,1,74.46666666666667,22.0,33.6,18.866666666666667,27.466666666666665,8.0,19.466666666666665,12.0,14.066666666666666,0.9673333333333335,7.333333333333333,21.933333333333334,34.11533333333333,16.8,32.53333333333333,51.586000000000006,18.866666666666667,25.933333333333334,73.50933333333336,1.3333333333333333,6.866666666666666,0.5393333333333333,3.2,21.733333333333334,0.15133333333333335,14.066666666666666,0.0,72.53333333333333,75.66666666666667,23.0,37.733333333333334,14.933333333333334,29.533333333333335,10.2,19.333333333333332,12.0,13.6,0.968,7.666666666666667,24.533333333333335,30.716,18.866666666666667,38.2,50.001999999999995,14.933333333333334,21.533333333333335,70.30466666666668,0.7333333333333333,7.0,0.544,1.8,23.666666666666668,0.08733333333333335,13.6,0.0,69.6
89,77,2009-04-23,10,2,2008-2009,Bauru Basket,Limeira,1,82.53333333333333,28.6,38.666666666666664,15.266666666666667,28.133333333333333,8.933333333333334,19.2,14.066666666666666,11.0,1.542,9.533333333333333,24.133333333333333,39.06733333333334,19.333333333333332,35.266666666666666,55.09666666666667,15.266666666666667,21.0,73.34133333333332,1.0666666666666667,6.666666666666667,0.7406666666666666,1.6666666666666667,18.733333333333334,0.09000000000000001,11.0,0.0,85.8,85.4,25.8,42.53333333333333,17.066666666666666,29.333333333333332,7.133333333333334,22.2,16.533333333333335,14.266666666666667,1.2306666666666666,8.6,22.2,39.00666666666666,21.266666666666666,38.13333333333333,55.82066666666667,17.066666666666666,23.666666666666668,71.93533333333335,2.8,9.066666666666666,0.626,4.266666666666667,20.2,0.228,14.266666666666667,0.0,93.26666666666667
68,73,2009-04-24,10,2,2008-2009,Paulistano,Brasília,0,79.13333333333334,21.2,41.6,16.333333333333332,32.2,11.066666666666666,21.133333333333333,14.333333333333334,16.733333333333334,0.9526666666666667,7.066666666666666,22.733333333333334,31.654666666666664,20.8,39.86666666666667,52.046666666666674,16.333333333333332,23.933333333333334,68.24533333333333,0.8666666666666667,8.866666666666667,0.5666666666666667,3.0,24.066666666666666,0.12933333333333333,16.733333333333334,0.0,78.46666666666667,89.53333333333333,22.4,44.93333333333333,22.2,30.466666666666665,7.066666666666666,23.4,16.066666666666666,14.8,1.1219999999999999,7.466666666666667,20.8,36.696666666666665,22.466666666666665,36.666666666666664,61.702666666666666,22.2,29.0,76.25933333333333,2.8,8.333333333333334,0.5880000000000002,4.133333333333334,22.2,0.2026666666666667,14.8,0.0,99.4
108,76,2009-04-24,10,2,2008-2009,Minas,Saldanha,1,89.06666666666666,24.6,47.86666666666667,16.6,34.0,9.733333333333333,24.266666666666666,16.4,15.2,1.1239999999999999,8.2,20.533333333333335,39.77666666666667,23.933333333333334,40.266666666666666,59.84599999999999,16.6,22.933333333333334,72.742,1.4,7.4,0.4973333333333333,4.133333333333334,17.933333333333334,0.234,15.2,0.0,100.8,73.33333333333333,24.6,36.666666666666664,12.066666666666666,29.8,9.866666666666667,19.933333333333334,12.733333333333333,17.933333333333334,0.7713333333333333,8.2,24.733333333333334,33.706,18.333333333333332,36.13333333333333,51.06266666666667,12.066666666666666,20.266666666666666,60.49666666666667,3.3333333333333335,9.666666666666666,0.5706666666666667,1.8,22.733333333333334,0.08,17.933333333333334,0.0,66.86666666666666
94,69,2009-04-24,10,2,2008-2009,Joinville,Araraquara,1,81.26666666666667,27.6,37.733333333333334,15.933333333333334,33.666666666666664,10.666666666666666,23.0,14.866666666666667,13.866666666666667,1.1653333333333333,9.2,27.4,33.39866666666667,18.866666666666667,36.6,51.49066666666667,15.933333333333334,24.066666666666666,66.19733333333333,2.066666666666667,9.266666666666667,0.7246666666666667,3.1333333333333333,20.733333333333334,0.16,13.866666666666667,0.0,84.26666666666667,76.4,25.4,34.93333333333333,16.066666666666666,27.466666666666665,7.2,20.266666666666666,15.466666666666667,17.133333333333333,0.9646666666666665,8.466666666666667,23.533333333333335,35.92666666666666,17.466666666666665,32.6,53.75666666666667,16.066666666666666,21.466666666666665,74.364,1.9333333333333333,7.866666666666666,0.4866666666666667,3.2,23.2,0.15333333333333332,17.133333333333333,0.0,77.66666666666667
82,89,2009-04-24,10,2,2008-2009,Lajeado,Sesi Franca,0,71.66666666666667,18.2,38.666666666666664,14.8,25.866666666666667,8.266666666666667,17.6,11.066666666666666,13.133333333333333,0.9246666666666667,6.066666666666666,19.866666666666667,29.829333333333338,19.333333333333332,38.6,50.763333333333335,14.8,20.866666666666667,70.20733333333332,0.13333333333333333,7.266666666666667,0.6013333333333333,1.2,21.533333333333335,0.06133333333333332,13.133333333333333,0.0,64.8,83.46666666666667,20.8,45.2,17.466666666666665,29.666666666666668,9.133333333333333,20.533333333333335,16.266666666666666,13.6,1.286,6.933333333333334,19.533333333333335,37.080666666666666,22.6,43.8,51.65,17.466666666666665,22.6,76.98866666666666,0.8666666666666667,8.933333333333334,0.7006666666666668,2.2,23.4,0.096,13.6,0.0,88.0
89,68,2009-04-24,10,2,2008-2009,Flamengo,Espírito Santo,1,93.53333333333333,30.8,43.86666666666667,18.866666666666667,33.06666666666667,8.266666666666667,24.8,18.466666666666665,13.933333333333334,1.4166666666666667,10.266666666666667,25.6,40.30866666666667,21.933333333333334,36.0,61.07533333333333,18.866666666666667,24.333333333333332,79.12333333333332,1.9333333333333333,8.533333333333333,0.6433333333333332,1.6666666666666667,19.8,0.08066666666666666,13.933333333333334,0.0,106.46666666666667,74.13333333333334,20.0,38.0,16.133333333333333,27.533333333333335,7.933333333333334,19.6,13.6,13.2,1.1706666666666665,6.666666666666667,20.733333333333334,32.443333333333335,19.0,36.333333333333336,52.66466666666666,16.133333333333333,24.066666666666666,66.23933333333333,1.0666666666666667,7.4,0.5840000000000001,1.7333333333333334,21.266666666666666,0.08266666666666667,13.2,0.0,71.86666666666666
82,77,2009-04-29,11,2,2008-2009,Brasília,Minas,1,88.0,23.0,42.93333333333333,22.066666666666666,30.2,7.133333333333334,23.066666666666666,15.733333333333333,15.466666666666667,1.0719999999999998,7.666666666666667,21.066666666666666,37.139333333333326,21.466666666666665,36.0,59.94599999999999,22.066666666666666,28.6,76.88666666666667,2.8,8.666666666666666,0.5893333333333336,4.333333333333333,22.066666666666666,0.21333333333333335,15.466666666666667,0.0,97.0,89.66666666666667,23.8,48.666666666666664,17.2,33.93333333333333,9.666666666666666,24.266666666666666,16.8,15.266666666666667,1.144,7.933333333333334,20.6,38.284666666666666,24.333333333333332,40.53333333333333,60.441333333333326,17.2,23.666666666666668,73.06933333333333,1.2666666666666666,7.4,0.4953333333333333,3.933333333333333,17.6,0.22400000000000006,15.266666666666667,0.0,101.13333333333334
94,87,2009-04-29,11,2,2008-2009,Assis,Lajeado,1,73.26666666666667,21.8,32.8,18.666666666666668,28.0,7.8,20.2,11.666666666666666,14.0,0.9413333333333334,7.266666666666667,22.133333333333333,33.21866666666667,16.4,32.2,51.01199999999999,18.666666666666668,25.133333333333333,75.13866666666668,1.2666666666666666,6.333333333333333,0.49266666666666664,3.3333333333333335,21.6,0.16333333333333336,14.0,0.0,71.46666666666667,72.53333333333333,18.4,39.06666666666667,15.066666666666666,25.8,8.066666666666666,17.733333333333334,11.4,12.933333333333334,0.9626666666666668,6.133333333333334,19.6,30.464666666666666,19.533333333333335,38.266666666666666,51.76866666666667,15.066666666666666,20.8,71.82133333333333,0.13333333333333333,7.2,0.6026666666666666,1.2,21.2,0.06266666666666665,12.933333333333334,0.0,67.26666666666667
89,86,2009-04-29,11,2,2008-2009,Bauru Basket,Joinville,1,82.0,27.8,38.266666666666666,15.933333333333334,29.133333333333333,9.466666666666667,19.666666666666668,13.8,10.8,1.544,9.266666666666667,23.8,38.744666666666674,19.133333333333333,35.733333333333334,53.73666666666667,15.933333333333334,21.8,73.70733333333332,1.0,6.6,0.7453333333333333,1.6666666666666667,19.0,0.08866666666666667,10.8,0.0,85.4,82.73333333333333,28.4,37.86666666666667,16.466666666666665,33.333333333333336,10.0,23.333333333333332,15.666666666666666,14.0,1.2146666666666668,9.466666666666667,27.333333333333332,34.81133333333334,18.933333333333334,36.266666666666666,52.102000000000004,16.466666666666665,24.133333333333333,68.49133333333333,2.0,9.666666666666666,0.748,2.8666666666666667,21.0,0.1406666666666667,14.0,0.0,87.4
95,87,2009-04-29,11,2,2008-2009,Pinheiros,Sesi Franca,1,87.26666666666667,26.4,43.06666666666667,17.8,31.2,9.133333333333333,22.066666666666666,15.8,12.6,1.313333333333333,8.8,23.866666666666667,37.602000000000004,21.533333333333335,38.266666666666666,56.68333333333333,17.8,23.666666666666668,75.58933333333333,3.1333333333333333,8.266666666666667,0.6866666666666666,1.8,17.066666666666666,0.10800000000000003,12.6,0.0,94.06666666666666,84.33333333333333,22.0,44.53333333333333,17.8,30.2,9.266666666666667,20.933333333333334,16.933333333333334,13.6,1.3526666666666667,7.333333333333333,20.333333333333332,37.772000000000006,22.266666666666666,43.06666666666667,51.75733333333333,17.8,22.933333333333334,77.31066666666666,0.9333333333333333,9.2,0.7273333333333334,2.2,22.933333333333334,0.096,13.6,0.0,90.33333333333333
78,62,2009-04-29,11,2,2008-2009,Paulistano,Araraquara,1,78.6,21.8,40.666666666666664,16.133333333333333,31.866666666666667,11.0,20.866666666666667,14.2,16.6,0.95,7.266666666666667,22.6,32.77266666666666,20.333333333333332,39.93333333333333,50.63933333333334,16.133333333333333,23.066666666666666,69.984,0.9333333333333333,8.4,0.5493333333333335,3.066666666666667,24.266666666666666,0.13066666666666665,16.6,0.0,77.66666666666667,75.73333333333333,24.2,35.333333333333336,16.2,27.733333333333334,7.266666666666667,20.466666666666665,15.4,17.4,0.946,8.066666666666666,23.533333333333335,34.498000000000005,17.666666666666668,33.4,53.18533333333333,16.2,21.8,73.69733333333333,1.9333333333333333,8.066666666666666,0.4913333333333334,3.2666666666666666,23.0,0.158,17.4,0.0,76.0
69,64,2009-04-29,11,2,2008-2009,Coop/São José Basketball,Espírito Santo,1,74.06666666666666,21.6,38.13333333333333,14.333333333333334,30.0,10.4,19.6,11.8,13.666666666666666,0.94,7.2,23.266666666666666,30.672666666666665,19.066666666666666,38.266666666666666,50.48333333333334,14.333333333333334,20.866666666666667,69.68066666666665,0.7333333333333333,7.0,0.5406666666666666,1.6666666666666667,22.933333333333334,0.08466666666666667,13.666666666666666,0.0,69.06666666666666,74.2,20.4,38.0,15.8,27.466666666666665,7.8,19.666666666666668,13.133333333333333,13.666666666666666,1.1239999999999999,6.8,20.466666666666665,33.61266666666666,19.0,36.2,52.849333333333334,15.8,23.6,66.00733333333334,1.0666666666666667,7.266666666666667,0.5626666666666668,1.6,21.4,0.076,13.666666666666666,0.0,71.33333333333333
89,71,2009-04-29,11,2,2008-2009,Limeira,Saldanha,1,84.66666666666667,26.4,41.86666666666667,16.4,28.533333333333335,6.733333333333333,21.8,17.2,14.0,1.3180000000000003,8.8,22.066666666666666,39.964666666666666,20.933333333333334,37.0,56.339333333333336,16.4,22.533333333333335,72.90866666666668,2.8666666666666667,8.466666666666667,0.5966666666666666,4.2,20.266666666666666,0.22400000000000003,14.0,0.0,93.6,73.4,25.2,35.86666666666667,12.333333333333334,30.133333333333333,10.533333333333333,19.6,12.0,17.866666666666667,0.724,8.4,24.933333333333334,34.27133333333334,17.933333333333334,35.733333333333334,50.53666666666667,12.333333333333334,21.133333333333333,58.95866666666667,3.3333333333333335,9.6,0.5693333333333334,1.6,22.4,0.07333333333333333,17.866666666666667,0.0,65.73333333333333
92,100,2009-05-01,12,2,2008-2009,Brasília,Flamengo,0,86.46666666666667,22.0,43.2,21.266666666666666,30.2,7.133333333333334,23.066666666666666,14.933333333333334,14.8,1.0639999999999998,7.333333333333333,21.0,35.99066666666667,21.6,37.06666666666667,58.41866666666666,21.266666666666666,27.666666666666668,76.25466666666667,2.533333333333333,8.533333333333333,0.5973333333333334,4.0,21.866666666666667,0.19866666666666666,14.8,0.0,93.8,92.6,29.4,44.0,19.2,33.46666666666667,8.2,25.266666666666666,18.0,13.866666666666667,1.3846666666666667,9.8,25.6,38.27933333333333,22.0,36.266666666666666,60.833999999999996,19.2,25.133333333333333,77.98733333333334,2.0,9.066666666666666,0.7,1.8,20.4,0.08666666666666667,13.866666666666667,0.0,105.06666666666666
73,63,2009-05-01,12,2,2008-2009,Bauru Basket,Lajeado,1,82.33333333333333,26.4,39.333333333333336,16.6,30.2,9.8,20.4,13.533333333333333,10.266666666666667,1.666,8.8,23.4,37.46733333333334,19.666666666666668,37.0,53.392,16.6,22.733333333333334,73.86066666666666,1.2,6.733333333333333,0.8119999999999999,1.7333333333333334,19.533333333333335,0.09200000000000001,10.266666666666667,0.0,86.2,73.93333333333334,18.8,39.733333333333334,15.4,25.133333333333333,7.6,17.533333333333335,11.933333333333334,12.6,1.0533333333333335,6.266666666666667,19.6,31.166666666666668,19.866666666666667,37.733333333333334,53.086,15.4,21.133333333333333,72.18333333333334,0.26666666666666666,6.933333333333334,0.6046666666666667,0.9333333333333333,21.8,0.04466666666666666,12.6,0.0,69.33333333333333
76,87,2009-05-01,12,2,2008-2009,Assis,Joinville,0,74.33333333333333,22.4,32.8,19.133333333333333,27.933333333333334,8.066666666666666,19.866666666666667,11.6,13.666666666666666,0.9553333333333334,7.466666666666667,22.333333333333332,33.80066666666667,16.4,31.933333333333334,51.38333333333333,19.133333333333333,25.866666666666667,74.81333333333332,1.3333333333333333,6.2,0.49133333333333334,3.2,21.4,0.16000000000000003,13.666666666666666,0.0,72.46666666666667,83.26666666666667,28.2,38.53333333333333,16.533333333333335,32.6,9.666666666666666,22.933333333333334,15.4,13.533333333333333,1.2593333333333334,9.4,27.133333333333333,34.842,19.266666666666666,36.6,52.55466666666666,16.533333333333335,23.866666666666667,69.53999999999999,1.8666666666666667,9.333333333333334,0.7380000000000001,2.8666666666666667,21.4,0.13799999999999998,13.533333333333333,0.0,87.53333333333333
101,69,2009-05-01,12,2,2008-2009,Pinheiros,Araraquara,1,88.06666666666666,26.6,44.13333333333333,17.333333333333332,31.4,9.6,21.8,15.8,12.133333333333333,1.352,8.866666666666667,24.066666666666666,37.602000000000004,22.066666666666666,38.666666666666664,57.59333333333333,17.333333333333332,23.133333333333333,75.36333333333333,3.2666666666666666,8.133333333333333,0.6873333333333334,1.8666666666666667,17.066666666666666,0.11200000000000002,12.133333333333333,0.0,95.53333333333333,75.8,24.0,36.0,15.8,26.866666666666667,7.066666666666666,19.8,15.133333333333333,16.866666666666667,0.9526666666666667,8.0,23.4,34.389333333333326,18.0,33.666666666666664,53.87866666666667,15.8,21.333333333333332,73.12533333333334,1.9333333333333333,7.933333333333334,0.5000000000000001,3.1333333333333333,22.933333333333334,0.15133333333333335,16.866666666666667,0.0,75.4
85,88,2009-05-01,12,2,2008-2009,Limeira,Espírito Santo,0,85.26666666666667,26.4,43.06666666666667,15.8,29.266666666666666,7.266666666666667,22.0,17.466666666666665,13.933333333333334,1.3453333333333335,8.8,22.466666666666665,39.282666666666664,21.533333333333335,38.0,56.568000000000005,15.8,21.4,73.634,3.1333333333333333,8.666666666666666,0.6153333333333334,3.933333333333333,19.866666666666667,0.21666666666666667,13.933333333333334,0.0,94.93333333333334,73.86666666666666,20.8,37.2,15.866666666666667,27.933333333333334,7.6,20.333333333333332,13.2,14.733333333333333,1.0606666666666666,6.933333333333334,20.666666666666668,34.035999999999994,18.6,35.666666666666664,52.45733333333333,15.866666666666667,23.466666666666665,66.79533333333333,1.0,7.4,0.5086666666666666,1.6,21.666666666666668,0.07466666666666667,14.733333333333333,0.0,70.86666666666666
88,77,2009-05-01,12,2,2008-2009,Coop/São José Basketball,Saldanha,1,73.8,20.8,38.4,14.6,30.6,10.6,20.0,11.666666666666666,14.133333333333333,0.92,6.933333333333334,23.4,29.60866666666666,19.2,37.6,51.961999999999996,14.6,21.4,68.46066666666667,0.8,7.133333333333334,0.5359999999999999,1.7333333333333334,23.133333333333333,0.08666666666666666,14.133333333333333,0.0,69.13333333333334,72.73333333333333,25.8,34.53333333333333,12.4,30.133333333333333,10.266666666666667,19.866666666666667,12.266666666666667,18.266666666666666,0.7173333333333333,8.6,25.8,33.76666666666667,17.266666666666666,34.733333333333334,49.85,12.4,20.8,60.566,3.1333333333333333,9.8,0.5706666666666665,1.7333333333333334,22.6,0.07933333333333333,18.266666666666666,0.0,65.33333333333333
70,76,2009-05-01,12,2,2008-2009,Paulistano,Sesi Franca,0,78.6,22.0,40.8,15.8,31.333333333333332,10.666666666666666,20.666666666666668,14.0,16.866666666666667,0.9173333333333334,7.333333333333333,22.2,34.106,20.4,39.8,51.001999999999995,15.8,22.2,71.55,0.9333333333333333,8.6,0.5553333333333333,2.933333333333333,23.4,0.132,16.866666666666667,0.0,77.93333333333334,85.93333333333334,22.0,46.13333333333333,17.8,29.666666666666668,8.866666666666667,20.8,17.4,13.533333333333333,1.4166666666666667,7.333333333333333,20.133333333333333,38.10666666666667,23.066666666666666,43.53333333333333,52.86266666666666,17.8,22.733333333333334,78.19933333333333,1.0666666666666667,8.866666666666667,0.6980000000000002,2.0,23.4,0.08600000000000001,13.533333333333333,0.0,92.13333333333334
84,72,2009-05-03,6,1,2008-2009,Flamengo,Assis,1,92.33333333333333,28.4,43.06666666666667,20.866666666666667,34.266666666666666,8.733333333333333,25.533333333333335,18.2,14.133333333333333,1.379333333333333,9.466666666666667,25.733333333333334,36.80799999999999,21.533333333333335,35.733333333333334,60.47533333333333,20.866666666666667,27.666666666666668,77.16866666666667,1.9333333333333333,9.4,0.7113333333333334,2.0,21.266666666666666,0.09333333333333334,14.133333333333333,0.0,104.8,74.8,21.8,33.86666666666667,19.133333333333333,28.4,7.666666666666667,20.733333333333334,12.2,13.4,0.9999999999999999,7.266666666666667,21.8,33.787333333333336,16.933333333333334,32.333333333333336,52.562666666666665,19.133333333333333,26.333333333333332,73.66400000000002,1.5333333333333334,6.266666666666667,0.5013333333333333,3.3333333333333335,21.0,0.16999999999999998,13.4,0.0,74.46666666666667
95,73,2009-05-03,8,1,2008-2009,Minas,Lajeado,1,89.0,23.8,48.13333333333333,17.066666666666666,35.06666666666667,9.6,25.466666666666665,17.066666666666666,15.666666666666666,1.140666666666667,7.933333333333334,20.533333333333335,38.35466666666666,24.066666666666666,41.06666666666667,59.127333333333326,17.066666666666666,23.333333333333332,73.47266666666668,1.1333333333333333,7.2,0.46599999999999997,3.8666666666666667,17.4,0.22200000000000003,15.666666666666666,0.0,100.66666666666667,73.8,19.8,39.733333333333334,14.266666666666667,25.133333333333333,7.066666666666666,18.066666666666666,12.133333333333333,11.933333333333334,1.0973333333333337,6.6,19.933333333333334,32.294,19.866666666666667,37.666666666666664,53.216,14.266666666666667,19.866666666666667,69.57199999999999,0.26666666666666666,6.8,0.6093333333333333,0.8666666666666667,21.2,0.04133333333333334,11.933333333333334,0.0,70.06666666666666
82,71,2009-05-05,13,2,2008-2009,Sesi Franca,Minas,1,84.33333333333333,21.4,45.333333333333336,17.6,30.266666666666666,8.866666666666667,21.4,16.8,14.0,1.3173333333333332,7.133333333333334,20.266666666666666,36.77333333333333,22.666666666666668,43.4,52.164,17.6,22.2,79.018,1.0666666666666667,8.6,0.6593333333333334,2.066666666666667,23.533333333333335,0.08800000000000001,14.0,0.0,89.6,89.93333333333334,24.6,48.93333333333333,16.4,35.333333333333336,9.733333333333333,25.6,18.0,15.466666666666667,1.2133333333333336,8.2,20.8,39.35466666666666,24.466666666666665,40.8,60.383333333333326,16.4,22.8,72.422,1.2666666666666666,7.266666666666667,0.4773333333333333,3.8666666666666667,17.266666666666666,0.224,15.466666666666667,0.0,103.6
76,34,2009-05-06,13,2,2008-2009,Espírito Santo,Assis,1,75.53333333333333,21.6,38.13333333333333,15.8,28.333333333333332,7.666666666666667,20.666666666666668,14.066666666666666,14.8,1.1239999999999999,7.2,20.8,35.05733333333333,19.066666666666666,36.6,52.19533333333333,15.8,23.666666666666668,65.22466666666666,1.0666666666666667,7.8,0.5393333333333333,1.6666666666666667,21.666666666666668,0.07666666666666667,14.8,0.0,73.6,74.06666666666666,20.6,35.333333333333336,18.133333333333333,29.2,7.733333333333333,21.466666666666665,12.333333333333334,13.133333333333333,1.0373333333333332,6.866666666666666,21.333333333333332,32.75533333333334,17.666666666666668,34.13333333333333,51.842666666666666,18.133333333333333,25.0,74.16733333333333,1.6666666666666667,6.0,0.4893333333333334,3.466666666666667,21.066666666666666,0.17600000000000002,13.133333333333333,0.0,74.13333333333334
85,81,2009-05-06,13,2,2008-2009,Joinville,Brasília,1,84.53333333333333,29.6,38.266666666666666,16.666666666666668,31.666666666666668,9.133333333333333,22.533333333333335,15.6,13.266666666666667,1.2860000000000003,9.866666666666667,27.0,37.05666666666666,19.133333333333333,36.13333333333333,52.85466666666666,16.666666666666668,23.933333333333334,70.07933333333332,1.8666666666666667,9.0,0.7286666666666668,2.8666666666666667,21.733333333333334,0.136,13.266666666666667,0.0,89.0,86.66666666666667,22.4,42.666666666666664,21.6,29.333333333333332,6.533333333333333,22.8,14.733333333333333,14.866666666666667,1.0479999999999998,7.466666666666667,21.4,35.974666666666664,21.333333333333332,36.13333333333333,58.96333333333334,21.6,28.066666666666666,76.298,2.533333333333333,8.533333333333333,0.5946666666666667,3.933333333333333,23.0,0.19266666666666665,14.866666666666667,0.0,93.13333333333334
69,76,2009-05-06,13,2,2008-2009,Araraquara,Flamengo,0,75.33333333333333,24.2,35.733333333333334,15.4,26.333333333333332,6.866666666666666,19.466666666666665,15.266666666666667,17.466666666666665,0.9253333333333332,8.066666666666666,23.6,34.38933333333333,17.866666666666667,33.4,53.87866666666666,15.4,20.666666666666668,73.17,2.3333333333333335,8.0,0.48400000000000004,2.6666666666666665,22.666666666666668,0.13266666666666668,17.466666666666665,0.0,73.8,93.0,29.0,43.46666666666667,20.533333333333335,34.333333333333336,8.666666666666666,25.666666666666668,18.0,14.333333333333334,1.3166666666666667,9.666666666666666,25.933333333333334,37.462666666666664,21.733333333333334,36.266666666666666,60.18333333333332,20.533333333333335,26.933333333333334,78.07733333333333,1.7333333333333334,9.333333333333334,0.6733333333333333,2.2666666666666666,21.133333333333333,0.10800000000000001,14.333333333333334,0.0,105.4
80,72,2009-05-06,13,2,2008-2009,Limeira,Pinheiros,1,85.0,26.2,42.4,16.4,29.0,7.4,21.6,17.2,14.066666666666666,1.3093333333333335,8.733333333333333,23.066666666666666,38.32266666666666,21.2,37.266666666666666,56.84466666666666,16.4,22.466666666666665,72.59066666666666,3.2666666666666666,8.266666666666667,0.5793333333333336,3.7333333333333334,19.866666666666667,0.20666666666666667,14.066666666666666,0.0,92.66666666666667,88.53333333333333,26.6,44.266666666666666,17.666666666666668,32.0,9.2,22.8,16.2,12.466666666666667,1.344,8.866666666666667,24.133333333333333,37.47933333333334,22.133333333333333,37.86666666666667,58.50999999999999,17.666666666666668,23.666666666666668,74.83066666666667,3.533333333333333,8.666666666666666,0.7026666666666668,2.0,16.6,0.12200000000000001,12.466666666666667,0.0,97.93333333333334
82,79,2009-05-06,13,2,2008-2009,Coop/São José Basketball,Paulistano,1,75.13333333333334,20.8,39.6,14.733333333333333,31.0,10.533333333333333,20.466666666666665,11.6,14.133333333333333,0.9153333333333333,6.933333333333334,23.133333333333333,29.865999999999996,19.8,38.06666666666667,53.066,14.733333333333333,21.533333333333335,68.54,0.9333333333333333,6.933333333333334,0.5226666666666666,1.8666666666666667,22.933333333333334,0.09266666666666667,14.133333333333333,0.0,71.13333333333334,77.66666666666667,22.0,40.0,15.666666666666666,31.266666666666666,10.333333333333334,20.933333333333334,13.6,16.533333333333335,0.9053333333333332,7.333333333333333,22.133333333333333,34.18533333333333,20.0,38.93333333333333,51.07,15.666666666666666,22.266666666666666,70.82199999999999,0.8666666666666667,8.0,0.5286666666666667,3.066666666666667,23.133333333333333,0.1406666666666667,16.533333333333335,0.0,76.73333333333333
75,95,2009-05-06,13,2,2008-2009,Saldanha,Bauru Basket,0,72.8,26.2,34.0,12.6,29.8,10.0,19.8,13.066666666666666,18.466666666666665,0.7553333333333333,8.733333333333333,26.466666666666665,33.258,17.0,34.46666666666667,49.47933333333334,12.6,20.6,61.994666666666674,3.1333333333333333,9.8,0.5640000000000001,1.6,22.4,0.07400000000000002,18.466666666666665,0.0,65.4,82.8,26.6,39.86666666666667,16.333333333333332,30.066666666666666,10.133333333333333,19.933333333333334,13.4,9.733333333333333,1.694,8.866666666666667,23.666666666666668,37.330000000000005,19.933333333333334,37.266666666666666,53.76333333333333,16.333333333333332,21.866666666666667,75.70399999999998,1.2,6.866666666666666,0.8339999999999999,1.6,19.066666666666666,0.08466666666666667,9.733333333333333,0.0,87.33333333333333
68,77,2009-05-08,14,2,2008-2009,Espírito Santo,Bauru Basket,0,74.4,20.0,38.4,16.0,28.6,7.8,20.8,13.0,14.666666666666666,1.052,6.666666666666667,19.8,34.31666666666667,19.2,37.0,51.93533333333333,16.0,24.066666666666666,64.90733333333333,1.1333333333333333,8.266666666666667,0.5926666666666667,1.6666666666666667,21.066666666666666,0.07933333333333333,14.666666666666666,0.0,72.26666666666667,85.33333333333333,28.0,40.93333333333333,16.4,30.733333333333334,10.8,19.933333333333334,13.533333333333333,9.4,1.718,9.333333333333334,23.8,38.718666666666664,20.466666666666665,37.93333333333333,54.13999999999999,16.4,22.2,73.87866666666666,1.5333333333333334,7.333333333333333,0.8799999999999998,1.6666666666666667,19.0,0.08933333333333333,9.4,0.0,91.46666666666667
78,81,2009-05-08,14,2,2008-2009,Araraquara,Minas,0,74.8,24.0,36.13333333333333,14.666666666666666,26.533333333333335,6.8,19.733333333333334,14.866666666666667,16.933333333333334,0.958,8.0,23.466666666666665,34.26199999999999,18.066666666666666,34.93333333333333,52.12333333333333,14.666666666666666,20.0,71.972,2.466666666666667,8.333333333333334,0.5346666666666666,2.7333333333333334,23.0,0.13333333333333333,16.933333333333334,0.0,72.66666666666667,88.33333333333333,23.8,48.266666666666666,16.266666666666666,34.93333333333333,9.533333333333333,25.4,18.0,15.8,1.1733333333333331,7.933333333333334,20.6,38.25666666666666,24.133333333333333,40.266666666666666,60.30199999999999,16.266666666666666,22.8,71.638,1.2666666666666666,7.466666666666667,0.47799999999999987,3.6666666666666665,17.533333333333335,0.21000000000000002,15.8,0.0,101.26666666666667
67,94,2009-05-08,14,2,2008-2009,Lajeado,Brasília,0,74.13333333333334,20.4,39.86666666666667,13.866666666666667,25.066666666666666,7.066666666666666,18.0,12.333333333333334,11.6,1.1613333333333336,6.8,20.266666666666666,32.73866666666666,19.933333333333334,38.53333333333333,52.532,13.866666666666667,19.4,69.02666666666667,0.26666666666666666,6.733333333333333,0.6353333333333333,0.9333333333333333,21.4,0.04400000000000001,11.6,0.0,70.0,86.6,22.8,42.93333333333333,20.866666666666667,29.2,6.733333333333333,22.466666666666665,14.8,15.133333333333333,1.0386666666666666,7.6,21.4,36.53,21.466666666666665,36.2,59.24399999999999,20.866666666666667,27.2,76.25,2.6666666666666665,8.533333333333333,0.5820000000000001,3.6,22.4,0.18133333333333332,15.133333333333333,0.0,92.73333333333333
81,86,2009-05-08,14,2,2008-2009,Sesi Franca,Flamengo,0,82.8,20.8,43.733333333333334,18.266666666666666,29.6,8.8,20.8,16.666666666666668,14.2,1.2613333333333334,6.933333333333334,20.066666666666666,36.297333333333334,21.866666666666667,41.86666666666667,52.105333333333334,18.266666666666666,22.866666666666667,79.502,0.8666666666666667,8.8,0.6613333333333334,2.066666666666667,22.933333333333334,0.09000000000000001,14.2,0.0,88.0,92.86666666666666,28.0,43.86666666666667,21.0,34.93333333333333,8.4,26.533333333333335,18.2,14.133333333333333,1.3373333333333333,9.333333333333334,25.6,36.50866666666668,21.933333333333334,36.4,60.586,21.0,27.333333333333332,78.60933333333334,1.6666666666666667,9.6,0.6926666666666667,2.4,20.533333333333335,0.11800000000000001,14.133333333333333,0.0,106.8
94,97,2009-05-08,14,2,2008-2009,Coop/São José Basketball,Pinheiros,0,74.66666666666667,20.8,39.2,14.666666666666666,31.666666666666668,10.666666666666666,21.0,11.6,14.4,0.886,6.933333333333334,23.0,30.06333333333333,19.6,38.2,52.27466666666667,14.666666666666666,20.933333333333334,70.08466666666668,0.9333333333333333,6.6,0.4826666666666667,2.0,22.933333333333334,0.09866666666666668,14.4,0.0,71.2,87.8,26.4,44.0,17.4,32.2,9.066666666666666,23.133333333333333,16.133333333333333,13.066666666666666,1.3159999999999998,8.8,23.533333333333335,38.18066666666667,22.0,38.2,57.691333333333326,17.4,23.0,75.44333333333333,3.466666666666667,8.866666666666667,0.6993333333333334,2.066666666666667,17.2,0.11933333333333333,13.066666666666666,0.0,97.46666666666667
108,87,2009-05-08,14,2,2008-2009,Limeira,Paulistano,1,84.6,26.2,41.46666666666667,16.933333333333334,29.666666666666668,7.533333333333333,22.133333333333333,17.133333333333333,13.2,1.3626666666666667,8.733333333333333,24.066666666666666,36.852000000000004,20.733333333333334,37.266666666666666,55.54866666666667,16.933333333333334,22.933333333333334,73.47933333333334,3.0,8.266666666666667,0.6433333333333333,3.8,20.533333333333335,0.19466666666666665,13.2,0.0,92.4,77.46666666666667,21.0,40.266666666666666,16.2,31.2,10.133333333333333,21.066666666666666,13.066666666666666,16.4,0.8766666666666666,7.0,21.8,33.37133333333333,20.133333333333333,39.2,51.05133333333333,16.2,22.466666666666665,73.10266666666666,1.0666666666666667,7.666666666666667,0.5106666666666667,2.933333333333333,23.0,0.13533333333333333,16.4,0.0,75.8
76,79,2009-05-08,14,2,2008-2009,Saldanha,Assis,0,72.73333333333333,25.0,35.06666666666667,12.666666666666666,29.733333333333334,10.066666666666666,19.666666666666668,13.133333333333333,17.666666666666668,0.7793333333333334,8.333333333333334,26.266666666666666,31.88666666666667,17.533333333333335,35.2,49.731333333333346,12.666666666666666,21.0,60.68533333333334,3.3333333333333335,9.4,0.5640000000000001,1.7333333333333334,22.2,0.08266666666666668,17.666666666666668,0.0,65.13333333333334,72.06666666666666,20.2,34.0,17.866666666666667,29.066666666666666,7.733333333333333,21.333333333333332,12.2,13.133333333333333,1.0299999999999998,6.733333333333333,21.466666666666665,32.08266666666667,17.0,33.86666666666667,49.80133333333333,17.866666666666667,24.733333333333334,73.50733333333332,1.5333333333333334,5.733333333333333,0.47400000000000003,3.6,21.4,0.18133333333333332,13.133333333333333,0.0,71.06666666666666
84,80,2009-05-13,15,2,2008-2009,Flamengo,Minas,1,91.93333333333334,28.0,43.333333333333336,20.6,34.86666666666667,8.533333333333333,26.333333333333332,18.666666666666668,13.666666666666666,1.4373333333333334,9.333333333333334,25.4,36.836000000000006,21.666666666666668,36.2,60.179333333333325,20.6,27.133333333333333,77.83133333333333,1.8,9.0,0.678,2.2666666666666666,20.4,0.11266666666666668,13.666666666666666,0.0,105.93333333333334,88.0,24.0,46.8,17.2,34.93333333333333,9.466666666666667,25.466666666666665,18.4,16.4,1.1686666666666665,8.0,20.666666666666668,38.534666666666666,23.4,39.86666666666667,59.19266666666666,17.2,23.933333333333334,72.07666666666667,1.1333333333333333,7.533333333333333,0.4666666666666667,3.466666666666667,17.6,0.19866666666666666,16.4,0.0,100.06666666666666
93,96,2009-05-13,15,2,2008-2009,Paulistano,Pinheiros,0,78.6,21.0,40.266666666666666,17.333333333333332,31.0,10.2,20.8,13.533333333333333,16.933333333333334,0.8786666666666665,7.0,21.0,34.62133333333333,20.133333333333333,39.333333333333336,50.866,17.333333333333332,24.2,72.24733333333333,1.0666666666666667,7.333333333333333,0.4806666666666667,3.0,22.866666666666667,0.13799999999999998,16.933333333333334,0.0,76.46666666666667,88.66666666666667,26.4,44.4,17.866666666666667,32.0,8.933333333333334,23.066666666666666,16.066666666666666,12.933333333333334,1.326,8.8,23.2,38.681999999999995,22.2,38.6,57.52266666666666,17.866666666666667,23.466666666666665,76.23666666666668,3.4,8.666666666666666,0.6906666666666667,2.066666666666667,17.733333333333334,0.11333333333333331,12.933333333333334,0.0,98.13333333333334
82,74,2009-05-13,15,2,2008-2009,Limeira,Coop/São José Basketball,1,87.06666666666666,27.0,42.4,17.666666666666668,29.466666666666665,7.6,21.866666666666667,17.4,13.733333333333333,1.3126666666666664,9.0,24.266666666666666,37.62800000000001,21.2,37.13333333333333,56.98533333333333,17.666666666666668,23.8,74.13133333333333,3.066666666666667,9.066666666666666,0.6886666666666666,3.7333333333333334,21.0,0.18733333333333332,13.733333333333333,0.0,95.66666666666667,75.93333333333334,22.4,38.93333333333333,14.6,32.666666666666664,11.133333333333333,21.533333333333335,12.0,14.8,0.8773333333333333,7.466666666666667,23.6,31.137999999999998,19.466666666666665,38.6,51.31066666666667,14.6,20.2,71.84933333333333,1.1333333333333333,6.4,0.45133333333333336,1.8,22.6,0.09,14.8,0.0,73.13333333333334
79,69,2009-05-13,15,2,2008-2009,Espírito Santo,Saldanha,1,74.33333333333333,20.0,38.53333333333333,15.8,28.666666666666668,7.8,20.866666666666667,13.133333333333333,15.533333333333333,0.9753333333333335,6.666666666666667,20.0,34.10066666666666,19.266666666666666,36.46666666666667,52.94466666666666,15.8,23.866666666666667,64.48733333333332,1.2,8.466666666666667,0.588,1.5333333333333334,20.933333333333334,0.07333333333333332,15.533333333333333,0.0,72.0,72.33333333333333,24.6,34.53333333333333,13.2,29.4,10.066666666666666,19.333333333333332,12.866666666666667,17.4,0.786,8.2,26.266666666666666,31.307333333333336,17.266666666666666,35.46666666666667,48.620000000000005,13.2,21.666666666666668,61.38133333333335,3.1333333333333333,9.333333333333334,0.5653333333333332,1.8666666666666667,21.666666666666668,0.09066666666666667,17.4,0.0,63.666666666666664
95,70,2009-05-13,15,2,2008-2009,Sesi Franca,Araraquara,1,82.2,21.2,43.2,17.8,29.666666666666668,9.066666666666666,20.6,16.4,13.6,1.3299999999999998,7.066666666666666,20.6,36.184,21.6,42.13333333333333,50.855333333333334,17.8,22.2,79.81933333333333,0.8,8.733333333333333,0.6926666666666667,2.0,23.533333333333335,0.08666666666666667,13.6,0.0,86.93333333333334,75.0,23.8,36.13333333333333,15.066666666666666,27.066666666666666,7.0,20.066666666666666,14.8,17.466666666666665,0.896,7.933333333333334,23.266666666666666,34.28133333333333,18.066666666666666,35.6,51.32133333333333,15.066666666666666,20.4,72.61333333333332,2.4,8.6,0.5306666666666667,3.066666666666667,23.466666666666665,0.14533333333333331,17.466666666666665,0.0,72.86666666666666
63,72,2009-05-13,15,2,2008-2009,Lajeado,Joinville,0,73.8,21.2,38.8,13.8,25.333333333333332,7.066666666666666,18.266666666666666,12.6,11.6,1.2,7.066666666666666,21.0,32.92066666666666,19.4,38.0,51.751999999999995,13.8,19.466666666666665,68.38333333333334,0.2,6.6,0.616,0.9333333333333333,21.4,0.04400000000000001,11.6,0.0,69.46666666666667,84.73333333333333,30.2,37.733333333333334,16.8,31.333333333333332,8.933333333333334,22.4,15.133333333333333,13.933333333333334,1.2193333333333336,10.066666666666666,27.466666666666665,37.01933333333333,18.866666666666667,35.2,53.534,16.8,23.8,71.26133333333333,1.8666666666666667,9.0,0.7006666666666668,2.8,21.133333333333333,0.13933333333333336,13.933333333333334,0.0,88.33333333333333
88,68,2009-05-13,15,2,2008-2009,Bauru Basket,Assis,1,85.13333333333334,27.6,41.333333333333336,16.2,30.933333333333334,10.866666666666667,20.066666666666666,13.866666666666667,9.266666666666667,1.7979999999999998,9.2,23.666666666666668,38.30466666666667,20.666666666666668,38.53333333333333,53.720666666666666,16.2,22.466666666666665,71.75733333333332,1.8666666666666667,8.0,0.9993333333333332,1.6666666666666667,19.0,0.08933333333333333,9.266666666666667,0.0,91.73333333333333,73.13333333333334,21.6,34.266666666666666,17.266666666666666,29.0,7.933333333333334,21.066666666666666,12.0,13.333333333333334,0.9913333333333333,7.2,21.066666666666666,34.65733333333334,17.133333333333333,34.13333333333333,49.81466666666667,17.266666666666666,24.4,71.87133333333333,1.7333333333333334,5.533333333333333,0.4406666666666667,3.533333333333333,21.533333333333335,0.17733333333333334,13.333333333333334,0.0,71.86666666666666
87,77,2009-05-15,1,4,2008-2009,Limeira,Joinville,1,87.13333333333334,26.8,42.8,17.533333333333335,29.933333333333334,7.666666666666667,22.266666666666666,17.866666666666667,13.333333333333334,1.379333333333333,8.933333333333334,24.933333333333334,36.78,21.4,37.06666666666667,57.724000000000004,17.533333333333335,23.466666666666665,75.05866666666665,3.1333333333333333,9.2,0.7113333333333334,3.7333333333333334,20.333333333333332,0.19466666666666665,13.333333333333334,0.0,96.93333333333334,83.66666666666667,30.2,37.2,16.266666666666666,31.8,9.2,22.6,15.466666666666667,14.133333333333333,1.2266666666666666,10.066666666666666,27.733333333333334,36.54800000000001,18.6,35.2,52.831999999999994,16.266666666666666,22.8,71.92799999999998,1.8,9.266666666666667,0.7106666666666667,3.0,20.533333333333335,0.15800000000000003,14.133333333333333,0.0,88.26666666666667
87,92,2009-05-16,1,4,2008-2009,Pinheiros,Flamengo,0,88.66666666666667,26.0,44.266666666666666,18.4,32.13333333333333,9.066666666666666,23.066666666666666,16.266666666666666,13.133333333333333,1.3226666666666667,8.666666666666666,22.933333333333334,38.65133333333333,22.133333333333333,39.0,56.782000000000004,18.4,24.066666666666666,76.41333333333334,3.4,8.466666666666667,0.6693333333333334,2.2,18.0,0.11866666666666666,13.133333333333333,0.0,97.8,91.33333333333333,27.8,42.8,20.733333333333334,35.06666666666667,8.666666666666666,26.4,17.866666666666667,13.4,1.408,9.266666666666667,26.066666666666666,35.66733333333333,21.4,35.93333333333333,59.88599999999999,20.733333333333334,27.066666666666666,78.87666666666665,1.7333333333333334,8.666666666666666,0.672,2.4,20.133333333333333,0.12266666666666667,13.4,0.0,104.26666666666667
79,83,2009-05-17,1,4,2008-2009,Bauru Basket,Minas,0,84.86666666666666,28.2,40.93333333333333,15.733333333333333,30.866666666666667,10.8,20.066666666666666,13.933333333333334,8.8,1.8573333333333333,9.4,23.8,38.961333333333336,20.466666666666665,38.46666666666667,53.282000000000004,15.733333333333333,21.8,72.20599999999999,1.9333333333333333,7.533333333333333,0.9793333333333333,1.5333333333333334,19.266666666666666,0.08133333333333333,8.8,0.0,91.46666666666667,86.93333333333334,23.8,46.4,16.733333333333334,35.733333333333334,9.466666666666667,26.266666666666666,18.533333333333335,16.266666666666666,1.182,7.933333333333334,21.066666666666666,37.812666666666665,23.2,39.733333333333334,58.87666666666666,16.733333333333334,23.066666666666666,72.61333333333333,1.2666666666666666,7.0,0.44266666666666665,3.1333333333333333,17.733333333333334,0.17933333333333332,16.266666666666666,0.0,99.06666666666666
76,78,2009-05-17,1,4,2008-2009,Sesi Franca,Brasília,0,83.6,21.6,43.86666666666667,18.133333333333333,29.933333333333334,8.933333333333334,21.0,16.8,13.666666666666666,1.3546666666666667,7.2,20.4,37.478,21.933333333333334,41.86666666666667,51.986000000000004,18.133333333333333,23.133333333333333,78.74,0.6666666666666666,8.866666666666667,0.7,2.1333333333333333,23.733333333333334,0.09066666666666669,13.666666666666666,0.0,89.53333333333333,87.6,22.4,44.53333333333333,20.666666666666668,30.333333333333332,7.066666666666666,23.266666666666666,15.533333333333333,14.866666666666667,1.1886666666666668,7.466666666666667,21.466666666666665,35.87800000000001,22.266666666666666,36.53333333333333,60.86800000000001,20.666666666666668,26.866666666666667,76.46733333333333,2.4,8.6,0.6093333333333333,3.3333333333333335,22.266666666666666,0.17,14.866666666666667,0.0,96.06666666666666
92,85,2009-05-18,2,4,2008-2009,Flamengo,Pinheiros,1,91.73333333333333,27.6,43.06666666666667,21.066666666666666,34.666666666666664,8.266666666666667,26.4,17.866666666666667,12.933333333333334,1.4433333333333331,9.2,26.0,35.489333333333335,21.533333333333335,35.53333333333333,60.974,21.066666666666666,27.8,77.756,1.6,8.733333333333333,0.6946666666666668,2.533333333333333,20.333333333333332,0.12866666666666668,12.933333333333334,0.0,105.06666666666666,88.33333333333333,27.0,43.733333333333334,17.6,31.533333333333335,8.933333333333334,22.6,16.466666666666665,13.066666666666666,1.3459999999999999,9.0,23.533333333333335,39.05266666666667,21.866666666666667,38.86666666666667,56.26466666666666,17.6,22.933333333333334,76.34333333333333,3.3333333333333335,8.6,0.6833333333333333,2.0,18.4,0.10666666666666667,13.066666666666666,0.0,97.0
85,75,2009-05-18,2,4,2008-2009,Joinville,Limeira,1,82.26666666666667,30.8,35.733333333333334,15.733333333333333,31.333333333333332,9.066666666666666,22.266666666666666,16.0,13.6,1.2719999999999998,10.266666666666667,27.866666666666667,37.06733333333333,17.866666666666667,34.666666666666664,51.39266666666666,15.733333333333333,22.333333333333332,71.31133333333334,1.7333333333333334,8.933333333333334,0.7020000000000001,3.0,19.666666666666668,0.16,13.6,0.0,86.93333333333334,86.33333333333333,25.6,42.93333333333333,17.8,30.133333333333333,7.733333333333333,22.4,17.666666666666668,13.333333333333334,1.3666666666666665,8.533333333333333,24.533333333333335,35.937999999999995,21.466666666666665,37.333333333333336,57.446000000000005,17.8,23.866666666666667,74.78599999999999,3.066666666666667,9.4,0.724,3.6,20.2,0.19000000000000003,13.333333333333334,0.0,95.86666666666666
87,84,2009-05-19,3,4,2008-2009,Flamengo,Pinheiros,1,90.86666666666666,28.0,42.666666666666664,20.2,34.53333333333333,7.666666666666667,26.866666666666667,17.6,12.933333333333334,1.4233333333333333,9.333333333333334,25.866666666666667,36.12466666666667,21.333333333333332,35.266666666666666,60.914,20.2,26.866666666666667,77.08533333333334,1.9333333333333333,8.266666666666667,0.6586666666666668,2.533333333333333,20.266666666666666,0.12866666666666668,12.933333333333334,0.0,103.73333333333333,88.6,27.2,43.733333333333334,17.666666666666668,32.06666666666667,9.333333333333334,22.733333333333334,16.466666666666665,12.733333333333333,1.3913333333333333,9.066666666666666,23.466666666666665,39.334666666666664,21.866666666666667,39.666666666666664,55.34066666666666,17.666666666666668,23.133333333333333,75.912,3.533333333333333,8.2,0.6733333333333333,2.0,18.8,0.10666666666666667,12.733333333333333,0.0,96.93333333333334
96,105,2009-05-19,2,4,2008-2009,Brasília,Sesi Franca,0,87.13333333333334,23.2,43.46666666666667,20.466666666666665,30.2,6.8,23.4,15.8,15.2,1.1913333333333336,7.733333333333333,21.6,36.87199999999999,21.733333333333334,36.666666666666664,59.06666666666668,20.466666666666665,26.333333333333332,77.39,2.4,8.266666666666667,0.5813333333333333,3.2,22.866666666666667,0.15533333333333335,15.2,0.0,94.73333333333333,83.53333333333333,22.6,42.4,18.533333333333335,29.333333333333332,8.6,20.733333333333334,16.6,12.933333333333334,1.394,7.533333333333333,21.066666666666666,38.14333333333334,21.2,41.0,51.239333333333335,18.533333333333335,24.0,77.69133333333335,0.7333333333333333,8.666666666666666,0.7213333333333334,2.2,23.6,0.09466666666666668,12.933333333333334,0.0,88.6
74,47,2009-05-19,2,4,2008-2009,Minas,Bauru Basket,1,86.4,24.2,45.2,17.0,34.8,9.0,25.8,18.4,15.4,1.312,8.066666666666666,21.466666666666665,37.64,22.6,39.0,58.36999999999998,17.0,23.2,73.44866666666668,1.2666666666666666,7.266666666666667,0.5173333333333333,3.2,17.733333333333334,0.18266666666666667,15.4,0.0,98.66666666666667,85.0,29.2,40.13333333333333,15.666666666666666,31.266666666666666,10.933333333333334,20.333333333333332,14.0,8.8,1.8653333333333335,9.733333333333333,24.0,40.23666666666667,20.066666666666666,38.6,52.11466666666667,15.666666666666666,21.733333333333334,72.136,1.8666666666666667,7.266666666666667,0.9460000000000001,1.3333333333333333,19.0,0.07200000000000001,8.8,0.0,91.2
77,63,2009-05-19,3,4,2008-2009,Joinville,Limeira,1,82.4,30.6,36.13333333333333,15.666666666666666,32.2,9.4,22.8,15.733333333333333,14.0,1.222,10.2,27.466666666666665,37.314,18.066666666666666,35.4,50.87866666666667,15.666666666666666,21.933333333333334,72.16066666666667,1.6666666666666667,8.8,0.678,3.0,19.933333333333334,0.15866666666666665,14.0,0.0,87.26666666666667,84.2,25.4,41.86666666666667,16.933333333333334,29.733333333333334,7.4,22.333333333333332,17.333333333333332,13.333333333333334,1.3433333333333335,8.466666666666667,24.866666666666667,35.254666666666665,20.933333333333334,36.666666666666664,57.092000000000006,16.933333333333334,22.6,74.95133333333335,2.8,8.666666666666666,0.6713333333333332,3.7333333333333334,19.933333333333334,0.1966666666666667,13.333333333333334,0.0,92.53333333333333
75,74,2009-05-20,3,4,2008-2009,Minas,Bauru Basket,1,84.93333333333334,22.6,45.86666666666667,16.466666666666665,35.266666666666666,8.8,26.466666666666665,17.666666666666668,15.466666666666667,1.2453333333333334,7.533333333333333,21.066666666666666,36.059999999999995,22.933333333333334,38.666666666666664,59.61466666666665,16.466666666666665,22.2,74.17133333333335,1.2,7.0,0.49333333333333323,3.2,17.4,0.18400000000000002,15.466666666666667,0.0,97.6,81.46666666666667,28.6,38.93333333333333,13.933333333333334,31.2,10.8,20.4,13.733333333333333,8.8,1.832,9.533333333333333,23.8,39.74266666666667,19.466666666666665,39.2,49.86333333333334,13.933333333333334,19.666666666666668,71.61200000000001,1.8,7.2,0.9380000000000002,1.2,18.466666666666665,0.068,8.8,0.0,86.26666666666667
76,66,2009-05-20,3,4,2008-2009,Brasília,Sesi Franca,1,87.8,23.0,44.53333333333333,20.266666666666666,30.866666666666667,7.533333333333333,23.333333333333332,15.6,15.333333333333334,1.170666666666667,7.666666666666667,22.4,35.434666666666665,22.266666666666666,38.06666666666667,58.68533333333334,20.266666666666666,26.133333333333333,77.23133333333334,2.3333333333333335,8.533333333333333,0.5946666666666667,3.2,23.333333333333332,0.1526666666666667,15.333333333333334,0.0,94.26666666666667,84.13333333333334,23.2,41.86666666666667,19.066666666666666,29.2,8.066666666666666,21.133333333333333,15.933333333333334,12.733333333333333,1.3620000000000003,7.733333333333333,22.133333333333333,35.820000000000014,20.933333333333334,40.86666666666667,50.81666666666668,19.066666666666666,24.733333333333334,77.48066666666666,0.6666666666666666,8.666666666666666,0.7306666666666667,2.2666666666666666,23.933333333333334,0.09666666666666668,12.733333333333333,0.0,87.46666666666667
89,95,2009-05-21,4,4,2008-2009,Limeira,Joinville,0,82.6,26.0,40.266666666666666,16.333333333333332,29.266666666666666,7.2,22.066666666666666,17.533333333333335,13.466666666666667,1.346666666666667,8.666666666666666,25.2,35.796,20.133333333333333,36.0,55.98066666666667,16.333333333333332,22.0,74.05133333333333,2.6666666666666665,8.8,0.6759999999999999,3.8666666666666667,19.866666666666667,0.20466666666666672,13.466666666666667,0.0,90.53333333333333,82.86666666666666,31.4,35.86666666666667,15.6,33.0,9.666666666666666,23.333333333333332,16.133333333333333,14.666666666666666,1.1793333333333333,10.466666666666667,27.066666666666666,38.742,17.933333333333334,35.6,50.232,15.6,21.2,73.77133333333333,1.6666666666666667,8.4,0.5906666666666667,3.066666666666667,19.666666666666668,0.164,14.666666666666666,0.0,88.93333333333334
74,73,2009-05-22,4,4,2008-2009,Sesi Franca,Brasília,1,82.66666666666667,23.4,40.53333333333333,18.733333333333334,29.466666666666665,8.266666666666667,21.2,15.2,12.866666666666667,1.2880000000000003,7.8,22.533333333333335,35.59866666666667,20.266666666666666,40.86666666666667,49.266,18.733333333333334,24.4,77.19333333333334,0.4666666666666667,8.2,0.6819999999999998,2.2666666666666666,24.6,0.09533333333333334,12.866666666666667,0.0,83.93333333333334,86.4,22.0,44.666666666666664,19.733333333333334,31.866666666666667,7.733333333333333,24.133333333333333,15.666666666666666,15.933333333333334,1.1440000000000003,7.333333333333333,22.066666666666666,33.58266666666667,22.333333333333332,38.4,58.28333333333334,19.733333333333334,26.0,75.73933333333335,2.2,8.733333333333333,0.5913333333333334,3.3333333333333335,23.2,0.158,15.933333333333334,0.0,93.0
64,59,2009-05-24,5,4,2008-2009,Brasília,Sesi Franca,1,85.0,22.8,43.6,18.6,32.8,8.4,24.4,15.333333333333334,15.866666666666667,1.1273333333333333,7.6,22.133333333333333,34.81066666666666,21.8,38.6,56.384,18.6,24.8,75.224,2.066666666666667,8.333333333333334,0.5673333333333334,3.6,22.6,0.17200000000000001,15.866666666666667,0.0,91.66666666666667,82.86666666666666,23.8,40.4,18.666666666666668,29.333333333333332,8.4,20.933333333333334,15.533333333333333,12.733333333333333,1.3386666666666671,7.933333333333334,22.533333333333335,36.178,20.2,40.8,49.18866666666667,18.666666666666668,24.2,77.78600000000002,0.5333333333333333,8.0,0.6759999999999998,2.466666666666667,24.133333333333333,0.10800000000000003,12.733333333333333,0.0,84.73333333333333
86,88,2009-05-26,1,5,2008-2009,Joinville,Flamengo,0,83.6,32.2,36.0,15.4,33.0,9.666666666666666,23.333333333333332,16.333333333333332,14.466666666666667,1.2220000000000002,10.733333333333333,26.733333333333334,40.31733333333333,18.0,36.13333333333333,49.734,15.4,20.533333333333335,74.69866666666667,1.5333333333333334,7.8,0.5539999999999999,3.0,19.533333333333335,0.162,14.466666666666667,0.0,90.0,91.6,28.0,43.06666666666667,20.533333333333335,34.4,7.733333333333333,26.666666666666668,17.6,13.066666666666666,1.416,9.333333333333334,25.2,36.918000000000006,21.533333333333335,35.93333333333333,60.46933333333334,20.533333333333335,27.266666666666666,76.99266666666666,2.066666666666667,8.533333333333333,0.6720000000000002,2.4,19.8,0.12333333333333334,13.066666666666666,0.0,104.46666666666667
91,78,2009-05-27,1,5,2008-2009,Minas,Brasília,1,84.4,23.0,45.2,16.2,35.266666666666666,8.733333333333333,26.533333333333335,17.4,15.533333333333333,1.2186666666666668,7.666666666666667,21.4,36.19333333333334,22.6,38.666666666666664,58.66266666666665,16.2,21.8,74.43666666666668,1.2,6.866666666666666,0.48066666666666663,2.6666666666666665,17.133333333333333,0.1553333333333333,15.533333333333333,0.0,95.66666666666667,84.13333333333334,22.4,43.2,18.533333333333335,33.46666666666667,9.066666666666666,24.4,15.066666666666666,16.066666666666666,1.096,7.466666666666667,22.2,34.18266666666666,21.6,38.93333333333333,55.28066666666667,18.533333333333335,24.4,76.24666666666667,2.1333333333333333,9.133333333333333,0.6173333333333333,3.6666666666666665,22.733333333333334,0.1733333333333333,16.066666666666666,0.0,91.46666666666667
92,86,2009-05-29,2,5,2008-2009,Flamengo,Joinville,1,91.4,28.2,43.2,20.0,34.06666666666667,7.2,26.866666666666667,17.733333333333334,13.133333333333333,1.4200000000000002,9.4,25.2,37.165333333333336,21.6,35.46666666666667,61.548666666666676,20.0,25.866666666666667,78.76533333333333,2.2,8.466666666666667,0.6633333333333336,2.0,19.533333333333335,0.10400000000000001,13.133333333333333,0.0,105.0,83.4,32.0,35.86666666666667,15.533333333333333,33.2,9.066666666666666,24.133333333333333,16.8,14.266666666666667,1.2786666666666666,10.666666666666666,26.933333333333334,39.894666666666666,17.933333333333334,35.8,50.06533333333334,15.533333333333333,20.666666666666668,75.05600000000001,1.6,7.933333333333334,0.572,2.8,19.6,0.1506666666666667,14.266666666666667,0.0,90.6
103,76,2009-05-30,2,5,2008-2009,Brasília,Minas,1,83.66666666666667,23.0,42.53333333333333,18.133333333333333,32.93333333333333,8.666666666666666,24.266666666666666,14.666666666666666,16.4,1.0339999999999998,7.666666666666667,22.733333333333334,34.230000000000004,21.266666666666666,37.93333333333333,55.88866666666667,18.133333333333333,23.8,76.59666666666665,1.8666666666666667,8.6,0.5573333333333333,3.6666666666666665,22.866666666666667,0.17200000000000001,16.4,0.0,89.73333333333333,83.13333333333334,23.0,43.733333333333334,16.4,34.8,8.133333333333333,26.666666666666668,17.866666666666667,14.866666666666667,1.4146666666666667,7.666666666666667,21.4,36.193333333333335,21.866666666666667,38.333333333333336,57.34799999999999,16.4,21.866666666666667,75.07666666666668,1.1333333333333333,6.866666666666666,0.5253333333333333,2.4,16.866666666666667,0.14266666666666666,14.866666666666667,0.0,94.53333333333333
109,94,2009-05-30,3,5,2008-2009,Flamengo,Joinville,1,90.46666666666667,27.2,42.8,20.466666666666665,34.4,7.333333333333333,27.066666666666666,17.533333333333335,13.8,1.372,9.066666666666666,25.0,36.12266666666667,21.4,35.06666666666667,61.628000000000014,20.466666666666665,26.466666666666665,78.59933333333332,2.2666666666666666,8.733333333333333,0.6626666666666668,1.9333333333333333,19.066666666666666,0.10066666666666665,13.8,0.0,103.66666666666667,84.4,32.8,37.333333333333336,14.266666666666667,33.06666666666667,9.133333333333333,23.933333333333334,16.866666666666667,14.133333333333333,1.29,10.933333333333334,27.066666666666666,40.59799999999999,18.666666666666668,36.733333333333334,50.758,14.266666666666667,18.866666666666667,73.34733333333334,1.5333333333333334,8.333333333333334,0.6013333333333333,2.8666666666666667,19.8,0.15200000000000002,14.133333333333333,0.0,92.6
89,79,2009-05-31,3,5,2008-2009,Brasília,Minas,1,85.2,23.8,42.53333333333333,18.866666666666667,32.8,8.4,24.4,15.2,16.2,1.097333333333333,7.933333333333334,22.8,35.268666666666675,21.266666666666666,38.2,55.443999999999996,18.866666666666667,24.533333333333335,77.30666666666666,1.6666666666666667,8.466666666666667,0.5586666666666666,3.8,23.4,0.17333333333333334,16.2,0.0,91.8,82.6,21.6,44.666666666666664,16.333333333333332,33.93333333333333,8.066666666666666,25.866666666666667,17.6,14.733333333333333,1.4033333333333333,7.2,21.066666666666666,34.23866666666667,22.333333333333332,39.46666666666667,56.81133333333333,16.333333333333332,22.066666666666666,74.18466666666669,1.2666666666666666,7.0,0.5359999999999999,2.466666666666667,17.0,0.1446666666666667,14.733333333333333,0.0,92.13333333333334
90,101,2009-06-02,4,5,2008-2009,Minas,Brasília,0,82.6,21.4,44.8,16.4,33.13333333333333,7.666666666666667,25.466666666666665,17.733333333333334,14.8,1.4086666666666667,7.133333333333334,21.266666666666666,33.61133333333334,22.4,39.266666666666666,57.34733333333334,16.4,22.6,72.952,1.2666666666666666,7.133333333333334,0.5433333333333332,2.3333333333333335,17.733333333333334,0.13333333333333333,14.8,0.0,90.93333333333334,84.86666666666666,24.0,41.46666666666667,19.4,32.6,8.333333333333334,24.266666666666666,14.866666666666667,16.2,1.0693333333333332,8.0,22.533333333333335,35.93533333333334,20.733333333333334,37.666666666666664,54.92066666666667,19.4,24.933333333333334,78.012,1.4666666666666666,8.533333333333333,0.5646666666666668,3.6666666666666665,24.0,0.16000000000000003,16.2,0.0,91.33333333333333
