placar_casa,placar_visitante,data,round,stage,ano,equipe_casa,equipe_visitante,resultado,Pts_casa,3P_casa,2P_casa,LL_casa,RT_casa,RO_casa,RD_casa,AS_casa,ER_casa,IA%_casa,3PC_casa,3PT_casa,3P%_casa,2PC_casa,2PT_casa,2P%_casa,LLC_casa,LLT_casa,LL%_casa,EN_casa,BR_casa,B/E_casa,TO_casa,FC_casa,T/FC_casa,ET_casa,VI_casa,EF_casa,Pts_visitante,3P_visitante,2P_visitante,LL_visitante,RT_visitante,RO_visitante,RD_visitante,AS_visitante,ER_visitante,IA%_visitante,3PC_visitante,3PT_visitante,3P%_visitante,2PC_visitante,2PT_visitante,2P%_visitante,LLC_visitante,LLT_visitante,LL%_visitante,EN_visitante,BR_visitante,B/E_visitante,TO_visitante,FC_visitante,T/FC_visitante,ET_visitante,VI_visitante,EF_visitante
77,56,2009-01-28,1,1,2008-2009,Espírito Santo,Araraquara,1,0.0,0.0,0.0,0.0,0.0,0.0,0.0,0.0,0.0,0.0,0.0,0.0,0.0,0.0,0.0,0.0,0.0,0.0,0.0,0.0,0.0,0.0,0.0,0.0,0.0,0.0,0.0,0.0,0.0,0.0,0.0,0.0,0.0,0.0,0.0,0.0,0.0,0.0,0.0,0.0,0.0,0.0,0.0,0.0,0.0,0.0,0.0,0.0,0.0,0.0,0.0,0.0,0.0,0.0,0.0,0.0
88,75,2009-01-28,1,1,2008-2009,Brasília,Assis,1,0.0,0.0,0.0,0.0,0.0,0.0,0.0,0.0,0.0,0.0,0.0,0.0,0.0,0.0,0.0,0.0,0.0,0.0,0.0,0.0,0.0,0.0,0.0,0.0,0.0,0.0,0.0,0.0,0.0,0.0,0.0,0.0,0.0,0.0,0.0,0.0,0.0,0.0,0.0,0.0,0.0,0.0,0.0,0.0,0.0,0.0,0.0,0.0,0.0,0.0,0.0,0.0,0.0,0.0,0.0,0.0
89,90,2009-01-28,1,1,2008-2009,Pinheiros,Flamengo,0,0.0,0.0,0.0,0.0,0.0,0.0,0.0,0.0,0.0,0.0,0.0,0.0,0.0,0.0,0.0,0.0,0.0,0.0,0.0,0.0,0.0,0.0,0.0,0.0,0.0,0.0,0.0,0.0,0.0,0.0,0.0,0.0,0.0,0.0,0.0,0.0,0.0,0.0,0.0,0.0,0.0,0.0,0.0,0.0,0.0,0.0,0.0,0.0,0.0,0.0,0.0,0.0,0.0,0.0,0.0,0.0
82,76,2009-01-28,1,1,2008-2009,Paulistano,Minas,1,0.0,0.0,0.0,0.0,0.0,0.0,0.0,0.0,0.0,0.0,0.0,0.0,0.0,0.0,0.0,0.0,0.0,0.0,0.0,0.0,0.0,0.0,0.0,0.0,0.0,0.0,0.0,0.0,0.0,0.0,0.0,0.0,0.0,0.0,0.0,0.0,0.0,0.0,0.0,0.0,0.0,0.0,0.0,0.0,0.0,0.0,0.0,0.0,0.0,0.0,0.0,0.0,0.0,0.0,0.0,0.0
73,68,2009-01-28,1,1,2008-2009,Coop/São José Basketball,Lajeado,1,0.0,0.0,0.0,0.0,0.0,0.0,0.0,0.0,0.0,0.0,0.0,0.0,0.0,0.0,0.0,0.0,0.0,0.0,0.0,0.0,0.0,0.0,0.0,0.0,0.0,0.0,0.0,0.0,0.0,0.0,0.0,0.0,0.0,0.0,0.0,0.0,0.0,0.0,0.0,0.0,0.0,0.0,0.0,0.0,0.0,0.0,0.0,0.0,0.0,0.0,0.0,0.0,0.0,0.0,0.0,0.0
93,88,2009-01-28,1,1,2008-2009,Limeira,Joinville,1,0.0,0.0,0.0,0.0,0.0,0.0,0.0,0.0,0.0,0.0,0.0,0.0,0.0,0.0,0.0,0.0,0.0,0.0,0.0,0.0,0.0,0.0,0.0,0.0,0.0,0.0,0.0,0.0,0.0,0.0,0.0,0.0,0.0,0.0,0.0,0.0,0.0,0.0,0.0,0.0,0.0,0.0,0.0,0.0,0.0,0.0,0.0,0.0,0.0,0.0,0.0,0.0,0.0,0.0,0.0,0.0
79,80,2009-01-28,1,1,2008-2009,Saldanha,Sesi Franca,0,0.0,0.0,0.0,0.0,0.0,0.0,0.0,0.0,0.0,0.0,0.0,0.0,0.0,0.0,0.0,0.0,0.0,0.0,0.0,0.0,0.0,0.0,0.0,0.0,0.0,0.0,0.0,0.0,0.0,0.0,0.0,0.0,0.0,0.0,0.0,0.0,0.0,0.0,0.0,0.0,0.0,0.0,0.0,0.0,0.0,0.0,0.0,0.0,0.0,0.0,0.0,0.0,0.0,0.0,0.0,0.0
76,65,2009-01-30,2,1,2008-2009,Brasília,Bauru Basket,1,88.0,24.0,50.0,14.0,29.0,13.0,16.0,14.0,13.0,1.08,8.0,19.0,42.11,25.0,41.0,60.98,14.0,19.0,73.68,3.0,9.0,0.69,4.0,22.0,0.18,13.0,0.0,99.0,0.0,0.0,0.0,0.0,0.0,0.0,0.0,0.0,0.0,0.0,0.0,0.0,0.0,0.0,0.0,0.0,0.0,0.0,0.0,0.0,0.0,0.0,0.0,0.0,0.0,0.0,0.0,0.0
80,81,2009-01-30,2,1,2008-2009,Pinheiros,Minas,0,89.0,18.0,50.0,21.0,39.0,12.0,27.0,16.0,18.0,0.89,6.0,22.0,27.27,25.0,41.0,60.98,21.0,24.0,87.5,2.0,5.0,0.28,3.0,18.0,0.17,18.0,0.0,99.0,76.0,18.0,42.0,16.0,28.0,8.0,20.0,18.0,15.0,1.2,6.0,21.0,28.57,21.0,39.0,53.85,16.0,27.0,59.26,0.0,9.0,0.6,0.0,21.0,0.0,15.0,0.0,72.0
87,96,2009-01-30,2,1,2008-2009,Paulistano,Flamengo,0,82.0,21.0,48.0,13.0,37.0,14.0,23.0,22.0,20.0,1.1,7.0,21.0,33.33,24.0,42.0,57.14,13.0,22.0,59.09,2.0,6.0,0.3,4.0,21.0,0.19,20.0,0.0,90.0,90.0,36.0,44.0,10.0,26.0,10.0,16.0,13.0,9.0,1.44,12.0,31.0,38.71,22.0,43.0,51.16,10.0,15.0,66.67,3.0,9.0,1.0,0.0,20.0,0.0,9.0,0.0,84.0
91,109,2009-01-30,2,1,2008-2009,Coop/São José Basketball,Joinville,0,73.0,21.0,32.0,20.0,35.0,7.0,28.0,12.0,12.0,1.0,7.0,26.0,26.92,16.0,34.0,47.06,20.0,27.0,74.07,0.0,6.0,0.5,4.0,19.0,0.21,12.0,0.0,74.0,88.0,30.0,42.0,16.0,25.0,7.0,18.0,21.0,15.0,1.4,10.0,26.0,38.46,21.0,43.0,48.84,16.0,23.0,69.57,1.0,9.0,0.6,2.0,26.0,0.08,15.0,0.0,85.0
75,72,2009-01-30,2,1,2008-2009,Limeira,Lajeado,1,93.0,42.0,36.0,15.0,32.0,7.0,25.0,19.0,24.0,0.79,14.0,39.0,35.9,18.0,29.0,62.07,15.0,18.0,83.33,1.0,5.0,0.21,5.0,23.0,0.22,24.0,0.0,91.0,68.0,21.0,32.0,15.0,34.0,9.0,25.0,10.0,25.0,0.4,7.0,32.0,21.88,16.0,37.0,43.24,15.0,19.0,78.95,1.0,11.0,0.44,2.0,23.0,0.09,25.0,0.0,50.0
84,72,2009-01-30,2,1,2008-2009,Saldanha,Araraquara,1,79.0,24.0,44.0,11.0,32.0,8.0,24.0,2.0,17.0,0.12,8.0,22.0,36.36,22.0,37.0,59.46,11.0,15.0,73.33,4.0,6.0,0.35,3.0,17.0,0.18,17.0,0.0,72.0,56.0,6.0,42.0,8.0,25.0,5.0,20.0,9.0,19.0,0.47,2.0,23.0,8.7,21.0,44.0,47.73,8.0,15.0,53.33,0.0,13.0,0.68,2.0,21.0,0.1,19.0,0.0,35.0
74,83,2009-01-31,2,1,2008-2009,Espírito Santo,Sesi Franca,0,77.0,12.0,58.0,7.0,31.0,7.0,24.0,19.0,11.0,1.73,4.0,17.0,23.53,29.0,47.0,61.7,7.0,18.0,38.89,0.0,12.0,1.09,2.0,18.0,0.11,11.0,0.0,88.0,80.0,24.0,40.0,16.0,21.0,3.0,18.0,5.0,12.0,0.42,8.0,26.0,30.77,20.0,33.0,60.61,16.0,28.0,57.14,2.0,9.0,0.75,4.0,10.0,0.4,12.0,0.0,64.0
82,65,2009-02-03,3,1,2008-2009,Pinheiros,Paulistano,1,84.5,24.0,39.0,21.5,35.0,9.5,25.5,16.0,16.0,1.015,8.0,23.5,33.635,19.5,36.0,53.06999999999999,21.5,26.5,81.68,3.0,6.0,0.39,2.5,18.0,0.14,16.0,0.0,91.0,84.5,25.5,42.0,17.0,28.5,10.5,18.0,21.0,19.0,1.105,8.5,21.0,40.474999999999994,21.0,35.5,59.605000000000004,17.0,24.5,68.435,1.5,6.5,0.345,2.5,22.0,0.115,19.0,0.0,89.5
83,73,2009-02-03,3,1,2008-2009,Coop/São José Basketball,Limeira,1,82.0,25.5,34.0,22.5,30.0,8.5,21.5,13.5,12.0,1.125,8.5,29.5,28.61,17.0,33.5,50.805,22.5,30.0,74.91499999999999,0.0,6.5,0.54,4.0,22.5,0.18,12.0,0.0,79.0,84.0,33.0,33.0,18.0,29.5,6.0,23.5,16.0,21.5,0.7350000000000001,11.0,32.0,33.95,16.5,28.5,57.82,18.0,21.0,85.41499999999999,1.0,4.5,0.21,4.5,22.5,0.2,21.5,0.0,81.0
63,74,2009-02-03,3,1,2008-2009,Saldanha,Espírito Santo,0,81.5,25.5,38.0,18.0,31.0,6.5,24.5,6.5,18.0,0.35,8.5,21.5,39.61,19.0,33.0,57.315,18.0,25.5,71.38499999999999,4.5,9.0,0.49,4.0,19.5,0.20500000000000002,18.0,0.0,79.5,75.5,16.5,51.0,8.0,31.5,7.0,24.5,14.5,10.5,1.365,5.5,21.5,25.225,25.5,44.5,57.040000000000006,8.0,16.5,49.445,0.5,9.5,0.895,2.0,22.0,0.095,10.5,0.0,79.0
82,87,2009-02-03,3,1,2008-2009,Araraquara,Sesi Franca,0,64.0,18.0,34.0,12.0,25.5,6.0,19.5,7.0,19.0,0.365,6.0,26.0,21.589999999999996,17.0,35.5,47.94,12.0,21.5,55.235,0.5,11.5,0.605,2.5,23.5,0.11,19.0,0.0,43.5,81.5,19.5,43.0,19.0,29.0,6.5,22.5,11.0,12.0,0.9199999999999999,6.5,21.5,30.09,21.5,37.0,58.355000000000004,19.0,28.0,67.85499999999999,1.0,8.0,0.665,2.0,11.0,0.2,12.0,0.0,80.0
78,56,2009-02-03,3,1,2008-2009,Joinville,Lajeado,1,98.5,37.5,43.0,18.0,27.5,8.5,19.0,21.5,17.0,1.2799999999999998,12.5,27.5,45.09,21.5,38.5,56.775,18.0,24.0,74.785,0.5,6.0,0.38,2.5,26.0,0.1,17.0,0.0,101.0,70.0,15.0,35.0,20.0,36.0,11.5,24.5,12.5,21.0,0.64,5.0,26.5,18.085,17.5,39.5,44.24,20.0,28.0,73.25999999999999,0.5,8.5,0.395,1.5,24.0,0.065,21.0,0.0,56.0
85,102,2009-02-03,3,1,2008-2009,Minas,Flamengo,0,78.5,19.5,46.0,13.0,30.5,8.5,22.0,20.0,14.0,1.4449999999999998,6.5,19.5,33.730000000000004,23.0,43.5,52.965,13.0,21.5,60.879999999999995,0.5,7.0,0.49,0.5,23.0,0.02,14.0,0.0,80.5,93.0,39.0,40.0,14.0,27.5,13.0,14.5,16.0,13.5,1.25,13.0,28.5,46.28,20.0,40.0,49.905,14.0,18.0,76.19,2.5,8.5,0.72,1.5,22.0,0.065,13.5,0.0,93.5
78,77,2009-02-03,3,1,2008-2009,Assis,Bauru Basket,1,75.0,18.0,36.0,21.0,28.0,8.0,20.0,6.0,16.0,0.38,6.0,22.0,27.27,18.0,33.0,54.55,21.0,26.0,80.77,1.0,7.0,0.44,3.0,15.0,0.2,16.0,0.0,67.0,65.0,15.0,38.0,12.0,29.0,6.0,23.0,5.0,12.0,0.42,5.0,20.0,25.0,19.0,40.0,47.5,12.0,21.0,57.14,1.0,4.0,0.33,2.0,19.0,0.11,12.0,0.0,48.0
70,65,2009-02-11,4,1,2008-2009,Joinville,Espírito Santo,1,91.66666666666667,35.0,42.666666666666664,14.0,31.0,9.0,22.0,20.333333333333332,17.666666666666668,1.17,11.666666666666666,27.333333333333332,42.406666666666666,21.333333333333332,37.666666666666664,57.29333333333333,14.0,19.0,72.08,0.6666666666666666,6.333333333333333,0.37666666666666665,1.6666666666666667,22.666666666666668,0.06666666666666667,17.666666666666668,0.0,96.33333333333333,75.0,17.0,46.666666666666664,11.333333333333334,28.333333333333332,7.333333333333333,21.0,11.333333333333334,12.666666666666666,1.0066666666666666,5.666666666666667,20.666666666666668,27.343333333333334,23.333333333333332,39.333333333333336,59.866666666666674,11.333333333333334,17.666666666666668,62.96333333333333,0.3333333333333333,11.0,0.87,1.3333333333333333,21.333333333333332,0.06333333333333334,12.666666666666666,0.0,77.0
77,80,2009-02-11,4,1,2008-2009,Lajeado,Saldanha,0,65.33333333333333,13.0,36.0,16.333333333333332,33.0,11.666666666666666,21.333333333333332,11.0,19.333333333333332,0.5933333333333334,4.333333333333333,23.666666666666668,17.613333333333333,18.0,41.0,43.88666666666666,16.333333333333332,23.666666666666668,68.83999999999999,0.6666666666666666,9.333333333333334,0.49333333333333335,1.0,19.666666666666668,0.043333333333333335,19.333333333333332,0.0,50.666666666666664,75.33333333333333,22.0,37.333333333333336,16.0,31.333333333333332,10.0,21.333333333333332,6.0,19.0,0.3133333333333333,7.333333333333333,21.666666666666668,33.983333333333334,18.666666666666668,34.0,54.876666666666665,16.0,22.333333333333332,72.58999999999999,3.6666666666666665,9.333333333333334,0.48666666666666664,2.6666666666666665,19.666666666666668,0.1366666666666667,19.0,0.0,69.66666666666667
79,85,2009-02-11,4,1,2008-2009,Limeira,Minas,0,80.33333333333333,31.0,31.333333333333332,18.0,28.666666666666668,6.333333333333333,22.333333333333332,14.666666666666666,25.666666666666668,0.6066666666666668,10.333333333333334,28.333333333333332,36.92,15.666666666666666,29.0,54.10333333333333,18.0,21.333333333333332,84.21666666666665,1.6666666666666667,5.333333333333333,0.21,3.0,21.333333333333332,0.13333333333333333,25.666666666666668,0.0,71.66666666666667,80.66666666666667,20.0,46.666666666666664,14.0,31.333333333333332,8.666666666666666,22.666666666666668,19.0,14.666666666666666,1.3166666666666667,6.666666666666667,21.333333333333332,31.820000000000004,23.333333333333332,42.333333333333336,55.31,14.0,21.0,67.25333333333333,1.0,5.333333333333333,0.36999999999999994,1.3333333333333333,21.666666666666668,0.06666666666666667,14.666666666666666,0.0,82.33333333333333
72,90,2009-02-11,4,1,2008-2009,Coop/São José Basketball,Flamengo,0,82.33333333333333,26.0,38.666666666666664,17.666666666666668,27.666666666666668,7.333333333333333,20.333333333333332,14.333333333333334,14.0,1.0466666666666666,8.666666666666666,28.333333333333332,30.613333333333333,19.333333333333332,34.666666666666664,55.49,17.666666666666668,23.666666666666668,74.18666666666667,0.0,7.666666666666667,0.5466666666666667,3.0,23.666666666666668,0.13333333333333333,14.0,0.0,80.0,96.0,37.0,45.333333333333336,13.666666666666666,30.0,12.666666666666666,17.333333333333332,17.0,12.0,1.5366666666666664,12.333333333333334,28.666666666666668,43.49666666666667,22.666666666666668,42.0,53.56,13.666666666666666,19.0,71.42666666666666,2.0,7.666666666666667,0.7033333333333333,1.3333333333333333,20.666666666666668,0.06333333333333334,12.0,0.0,99.0
68,73,2009-02-11,4,1,2008-2009,Assis,Paulistano,0,76.5,21.0,36.0,19.5,28.5,8.5,20.0,10.5,11.5,1.26,7.0,24.0,29.02,18.0,33.5,53.745,19.5,26.5,73.72,1.0,6.5,0.65,3.5,16.5,0.21000000000000002,11.5,0.0,74.5,78.0,23.0,41.333333333333336,13.666666666666666,28.666666666666668,10.333333333333334,18.333333333333332,21.333333333333332,15.666666666666666,1.55,7.666666666666667,24.0,33.65,20.666666666666668,36.666666666666664,56.830000000000005,13.666666666666666,20.666666666666668,63.57333333333333,1.3333333333333333,6.0,0.4166666666666667,4.0,22.333333333333332,0.17666666666666667,15.666666666666666,0.0,83.0
88,82,2009-02-11,4,1,2008-2009,Bauru Basket,Pinheiros,1,71.0,13.5,44.0,13.5,27.5,5.5,22.0,6.5,11.5,0.575,4.5,16.5,27.884999999999998,22.0,41.5,52.82,13.5,19.0,72.69,0.5,3.5,0.30000000000000004,2.0,21.0,0.1,11.5,0.0,62.0,83.66666666666667,27.0,36.666666666666664,20.0,37.0,10.333333333333334,26.666666666666668,16.0,15.0,1.0866666666666667,9.0,23.666666666666668,37.699999999999996,18.333333333333332,36.333333333333336,49.79333333333333,20.0,25.666666666666668,78.06333333333333,3.0,5.666666666666667,0.3866666666666667,2.3333333333333335,17.0,0.1366666666666667,15.0,0.0,91.33333333333333
77,64,2009-02-12,4,1,2008-2009,Araraquara,Brasília,1,70.0,23.0,36.666666666666664,10.333333333333334,28.666666666666668,6.666666666666667,22.0,10.333333333333334,16.0,0.8099999999999999,7.666666666666667,30.333333333333332,23.796666666666663,18.333333333333332,35.0,52.54666666666666,10.333333333333334,18.333333333333332,56.26666666666667,0.6666666666666666,9.0,0.5366666666666666,3.6666666666666665,22.333333333333332,0.17333333333333334,16.0,0.0,58.333333333333336,82.0,19.5,49.0,13.5,33.5,11.0,22.5,13.5,14.0,0.9750000000000001,6.5,20.0,32.96,24.5,41.0,59.76,13.5,20.0,67.79,1.5,8.0,0.58,5.0,20.0,0.255,14.0,0.0,91.5
59,66,2009-02-13,5,1,2008-2009,Sesi Franca,Brasília,0,83.33333333333333,20.0,45.333333333333336,18.0,30.333333333333332,6.0,24.333333333333332,13.666666666666666,12.0,1.14,6.666666666666667,22.666666666666668,29.393333333333334,22.666666666666668,41.666666666666664,55.24333333333334,18.0,26.0,69.48,0.6666666666666666,8.0,0.6666666666666666,1.6666666666666667,12.666666666666666,0.15333333333333335,12.0,0.0,82.0,76.0,21.0,42.0,13.0,34.333333333333336,9.666666666666666,24.666666666666668,14.0,15.666666666666666,0.9133333333333334,7.0,21.333333333333332,33.083333333333336,21.0,38.0,54.423333333333325,13.0,20.0,65.19333333333334,1.6666666666666667,8.0,0.5266666666666666,3.6666666666666665,21.666666666666668,0.18333333333333335,15.666666666666666,0.0,82.0
93,50,2009-02-13,5,1,2008-2009,Joinville,Saldanha,1,86.25,33.75,38.5,14.0,32.75,7.75,25.0,19.0,17.0,1.1275,11.25,27.5,40.7325,19.25,35.5,54.177499999999995,14.0,18.5,74.64750000000001,0.5,6.5,0.39999999999999997,2.0,22.75,0.0825,17.0,0.0,92.5,76.5,21.0,40.0,15.5,30.0,8.0,22.0,6.5,18.5,0.3525,7.0,21.25,32.9875,20.0,34.25,58.3,15.5,22.75,69.02499999999999,4.0,9.75,0.5275,2.25,20.5,0.1125,18.5,0.0,70.75
84,93,2009-02-13,5,1,2008-2009,Lajeado,Espírito Santo,0,68.25,11.25,41.0,16.0,32.25,12.0,20.25,11.0,19.0,0.5975,3.75,19.75,19.46,20.5,44.25,45.8775,16.0,24.5,65.52,0.5,9.75,0.5225,0.75,20.0,0.0325,19.0,0.0,54.75,72.5,15.75,44.5,12.25,29.25,8.25,21.0,10.0,12.75,0.87,5.25,21.25,24.855,22.25,38.5,58.095000000000006,12.25,20.75,59.7225,0.5,11.75,0.9225,1.0,21.5,0.0475,12.75,0.0,71.0
108,101,2009-02-13,5,1,2008-2009,Limeira,Flamengo,1,80.0,30.0,32.0,18.0,30.5,8.25,22.25,15.25,22.0,0.8425,10.0,28.5,35.447500000000005,16.0,31.5,51.475,18.0,22.0,81.9125,1.25,5.5,0.29500000000000004,4.5,22.25,0.19,22.0,0.0,75.75,94.5,35.25,46.0,13.25,31.25,11.5,19.75,15.0,14.25,1.2599999999999998,11.75,26.5,45.1225,23.0,42.0,54.455,13.25,19.0,69.36,1.5,7.25,0.6,1.0,19.5,0.0475,14.25,0.0,95.25
88,89,2009-02-13,5,1,2008-2009,Coop/São José Basketball,Minas,0,79.75,26.25,38.0,15.5,27.25,7.5,19.75,13.75,15.0,0.9525,8.75,28.75,30.46,19.0,35.0,54.1175,15.5,21.5,70.64,0.25,7.5,0.5075000000000001,3.0,23.0,0.135,15.0,0.0,74.25,81.75,22.5,44.0,15.25,35.0,10.25,24.75,19.25,14.25,1.3725,7.5,22.25,33.865,22.0,41.75,52.7325,15.25,23.0,66.82,0.75,5.5,0.39249999999999996,1.0,22.0,0.05,14.25,0.0,86.0
87,77,2009-02-13,5,1,2008-2009,Assis,Pinheiros,1,73.66666666666667,19.0,33.333333333333336,21.333333333333332,30.333333333333332,10.333333333333334,20.0,12.0,11.333333333333334,1.2933333333333332,6.333333333333333,21.666666666666668,29.150000000000002,16.666666666666668,32.666666666666664,50.883333333333326,21.333333333333332,30.333333333333332,71.07666666666667,1.3333333333333333,6.666666666666667,0.6466666666666666,3.6666666666666665,18.666666666666668,0.19666666666666668,11.333333333333334,0.0,74.66666666666667,83.25,27.75,36.0,19.5,34.5,9.25,25.25,15.75,14.0,1.155,9.25,23.75,38.692499999999995,18.0,33.75,53.69,19.5,26.0,75.215,2.5,5.0,0.35750000000000004,1.75,17.5,0.10250000000000001,14.0,0.0,89.5
88,72,2009-02-13,5,1,2008-2009,Bauru Basket,Paulistano,1,76.66666666666667,17.0,44.666666666666664,15.0,27.333333333333332,5.0,22.333333333333332,8.333333333333334,10.666666666666666,0.8266666666666667,5.666666666666667,16.666666666666668,34.276666666666664,22.333333333333332,42.0,53.04333333333333,15.0,19.333333333333332,78.46,1.0,4.0,0.3866666666666667,2.6666666666666665,21.333333333333332,0.12666666666666668,10.666666666666666,0.0,73.33333333333333,76.75,24.75,37.5,14.5,30.75,11.5,19.25,18.75,15.75,1.335,8.25,23.5,36.599999999999994,18.75,35.0,53.455,14.5,21.0,66.9975,1.25,6.25,0.4225,3.5,23.75,0.15000000000000002,15.75,0.0,82.25
70,57,2009-02-18,6,1,2008-2009,Minas,Bauru Basket,1,83.2,23.4,45.2,14.6,36.0,10.8,25.2,19.4,15.0,1.32,7.8,22.8,34.292,22.6,41.6,54.382000000000005,14.6,21.4,69.45599999999999,1.0,5.6,0.38,1.4,21.2,0.074,15.0,0.0,89.8,79.5,21.0,43.5,15.0,27.0,6.75,20.25,10.75,10.25,1.12,7.0,18.0,38.207499999999996,21.75,42.0,51.6875,15.0,19.75,76.7025,0.75,4.5,0.4575,2.75,19.5,0.1475,10.25,0.0,78.25
104,72,2009-02-18,6,1,2008-2009,Brasília,Saldanha,1,73.5,18.75,44.0,10.75,37.0,10.75,26.25,13.5,17.25,0.8225,6.25,20.25,30.695,22.0,40.25,54.114999999999995,10.75,16.0,73.89500000000001,2.25,7.75,0.475,3.25,20.5,0.1675,17.25,0.0,80.25,71.2,19.8,37.6,13.8,30.6,8.8,21.8,5.6,19.0,0.302,6.6,21.4,30.935999999999996,18.8,36.6,52.726,13.8,20.8,65.99,3.4,10.4,0.546,2.4,19.8,0.126,19.0,0.0,61.6
90,85,2009-02-18,6,1,2008-2009,Araraquara,Limeira,1,71.75,22.5,35.5,13.75,30.0,7.25,22.75,11.5,15.75,0.8574999999999999,7.5,28.5,25.455,17.75,34.25,51.91,13.75,21.5,61.55500000000001,0.5,9.0,0.5525,4.75,21.5,0.235,15.75,0.0,66.0,85.6,32.4,33.2,20.0,30.2,8.6,21.6,16.4,20.0,1.024,10.8,28.2,38.728,16.6,31.6,53.056000000000004,20.0,24.6,81.53,2.2,5.8,0.35200000000000004,4.6,22.6,0.194,20.0,0.0,85.6
91,84,2009-02-18,6,1,2008-2009,Sesi Franca,Coop/São José Basketball,1,77.75,19.5,42.5,15.75,31.0,8.0,23.0,13.0,12.0,1.085,6.5,23.0,28.295,21.25,43.5,50.105000000000004,15.75,22.75,69.4175,1.0,10.75,0.895,2.5,13.5,0.1925,12.0,0.0,77.25,81.4,28.2,37.2,16.0,26.6,7.2,19.4,13.8,14.4,0.9960000000000001,9.4,27.6,34.802,18.6,36.0,51.794000000000004,16.0,21.6,72.876,0.2,7.2,0.506,2.4,21.6,0.10800000000000001,14.4,0.0,75.8
67,48,2009-02-18,6,1,2008-2009,Joinville,Paulistano,1,87.6,31.2,42.0,14.4,35.4,8.2,27.2,19.4,16.8,1.1640000000000001,10.4,25.8,39.954,21.0,37.6,55.516,14.4,19.4,73.632,0.8,8.2,0.508,3.0,21.0,0.166,16.8,0.0,99.8,75.8,24.6,38.4,12.8,29.8,11.4,18.4,17.8,15.4,1.268,8.2,23.2,36.552,19.2,34.6,55.492,12.8,18.6,66.932,1.4,6.2,0.42400000000000004,3.2,23.4,0.138,15.4,0.0,81.2
86,85,2009-02-18,6,1,2008-2009,Lajeado,Pinheiros,1,71.4,13.2,40.8,17.4,30.6,11.8,18.8,9.6,17.0,0.5660000000000001,4.4,19.8,22.568,20.4,42.2,48.465999999999994,17.4,26.2,66.356,0.4,8.6,0.506,1.0,21.6,0.04,17.0,0.0,58.2,82.0,27.0,36.8,18.2,30.8,8.2,22.6,15.4,12.8,1.274,9.0,23.2,38.574,18.4,33.6,55.074,18.2,24.4,74.61600000000001,2.4,4.8,0.386,1.6,17.8,0.092,12.8,0.0,86.2
86,84,2009-02-20,7,1,2008-2009,Sesi Franca,Limeira,1,81.8,19.8,44.4,17.6,31.6,9.2,22.4,15.8,11.8,1.358,6.6,22.0,30.413999999999998,22.2,44.6,50.696000000000005,17.6,23.6,74.05199999999999,0.8,11.0,0.9339999999999999,2.4,15.2,0.172,11.8,0.0,87.0,85.5,32.0,34.333333333333336,19.166666666666668,30.0,7.833333333333333,22.166666666666668,16.5,18.5,1.1116666666666666,10.666666666666666,27.5,39.218333333333334,17.166666666666668,33.666666666666664,51.788333333333334,19.166666666666668,24.333333333333332,78.81166666666667,2.3333333333333335,7.666666666666667,0.5516666666666667,4.5,22.333333333333332,0.19333333333333333,18.5,0.0,87.16666666666667
103,78,2009-02-20,7,1,2008-2009,Brasília,Espírito Santo,1,79.6,17.4,47.6,14.6,35.4,10.6,24.8,14.2,15.4,1.084,5.8,19.4,29.556,23.8,41.4,56.769999999999996,14.6,20.0,75.78200000000001,1.8,7.4,0.53,4.0,21.2,0.192,15.4,0.0,88.6,76.6,19.2,43.2,14.2,28.2,7.0,21.2,9.4,12.8,0.8039999999999999,6.4,21.2,30.360000000000003,21.6,36.2,60.55,14.2,23.4,60.71999999999999,0.8,10.8,0.8460000000000001,1.0,23.0,0.044,12.8,0.0,74.6
72,71,2009-02-20,7,1,2008-2009,Araraquara,Coop/São José Basketball,1,75.4,23.4,37.2,14.8,30.2,6.4,23.8,13.6,15.0,1.052,7.8,28.2,27.029999999999994,18.6,34.2,54.46999999999999,14.8,21.2,68.244,0.6,9.2,0.608,5.0,21.6,0.242,15.0,0.0,76.0,81.83333333333333,27.0,39.0,15.833333333333334,26.5,7.5,19.0,13.5,14.0,0.9966666666666667,9.0,26.333333333333332,34.835,19.5,37.0,52.685,15.833333333333334,21.5,72.635,0.3333333333333333,6.666666666666667,0.47666666666666674,2.3333333333333335,21.666666666666668,0.105,14.0,0.0,76.33333333333333
90,72,2009-02-20,7,1,2008-2009,Lajeado,Paulistano,1,73.83333333333333,14.0,41.333333333333336,18.5,30.166666666666668,11.166666666666666,19.0,8.833333333333334,15.666666666666666,0.5650000000000001,4.666666666666667,19.833333333333332,23.80666666666667,20.666666666666668,41.5,50.03666666666666,18.5,27.5,67.06166666666667,0.3333333333333333,9.666666666666666,0.6999999999999998,0.8333333333333334,22.0,0.03333333333333333,15.666666666666666,0.0,62.666666666666664,71.16666666666667,22.5,36.0,12.666666666666666,30.0,10.5,19.5,15.5,16.666666666666668,1.085,7.5,22.5,33.968333333333334,18.0,33.833333333333336,52.91,12.666666666666666,18.166666666666668,68.27666666666667,1.3333333333333333,6.0,0.39000000000000007,3.0,22.666666666666668,0.13333333333333333,16.666666666666668,0.0,72.66666666666667
94,84,2009-02-20,7,1,2008-2009,Minas,Assis,1,81.0,22.5,43.666666666666664,14.833333333333334,36.666666666666664,10.166666666666666,26.5,17.333333333333332,15.166666666666666,1.1733333333333336,7.5,23.166666666666668,32.57666666666667,21.833333333333332,40.166666666666664,54.410000000000004,14.833333333333334,21.166666666666668,71.21333333333332,0.8333333333333334,6.166666666666667,0.41,1.8333333333333333,19.833333333333332,0.11333333333333333,15.166666666666666,0.0,87.5,77.0,24.0,32.5,20.5,31.75,10.25,21.5,12.75,10.0,1.595,8.0,22.75,34.3625,16.25,31.0,52.584999999999994,20.5,27.75,75.8075,1.25,5.5,0.5675,3.25,17.75,0.18000000000000002,10.0,0.0,83.5
89,72,2009-02-21,7,1,2008-2009,Joinville,Pinheiros,1,84.16666666666667,30.0,39.666666666666664,14.5,35.333333333333336,9.166666666666666,26.166666666666668,18.833333333333332,15.5,1.2666666666666668,10.0,26.0,38.233333333333334,19.833333333333332,36.833333333333336,53.333333333333336,14.5,20.5,70.97500000000001,1.1666666666666667,8.5,0.6083333333333334,2.8333333333333335,20.333333333333332,0.15833333333333335,15.5,0.0,95.16666666666667,82.5,29.0,35.0,18.5,30.333333333333332,8.166666666666666,22.166666666666668,13.333333333333334,12.333333333333334,1.1116666666666666,9.666666666666666,24.0,39.88333333333333,17.5,32.333333333333336,54.22833333333333,18.5,26.0,71.98333333333333,2.0,5.0,0.4216666666666667,1.5,18.666666666666668,0.08333333333333333,12.333333333333334,0.0,83.66666666666667
76,65,2009-02-23,8,1,2008-2009,Paulistano,Saldanha,1,71.28571428571429,21.428571428571427,35.714285714285715,14.142857142857142,29.857142857142858,10.428571428571429,19.428571428571427,14.571428571428571,16.142857142857142,1.0285714285714285,7.142857142857143,22.285714285714285,32.51714285714286,17.857142857142858,33.42857142857143,53.185714285714276,14.142857142857142,19.714285714285715,69.85285714285715,1.1428571428571428,6.285714285714286,0.42285714285714293,2.857142857142857,22.142857142857142,0.13,16.142857142857142,0.0,72.42857142857143,71.33333333333333,19.5,37.666666666666664,14.166666666666666,30.0,10.166666666666666,19.833333333333332,6.333333333333333,17.833333333333332,0.38999999999999996,6.5,20.666666666666668,31.66166666666666,18.833333333333332,39.333333333333336,49.913333333333334,14.166666666666666,22.0,64.515,3.1666666666666665,9.833333333333334,0.5516666666666666,2.1666666666666665,21.5,0.11,17.833333333333332,0.0,59.333333333333336
72,80,2009-02-24,8,1,2008-2009,Bauru Basket,Araraquara,0,75.0,19.2,41.6,14.2,27.2,6.6,20.6,10.0,11.8,0.974,6.4,18.6,34.376,20.8,41.8,49.642,14.2,18.0,81.362,0.8,5.4,0.466,2.2,19.0,0.118,11.8,0.0,71.0,74.83333333333333,25.0,35.333333333333336,14.5,30.166666666666668,6.166666666666667,24.0,15.333333333333334,15.166666666666666,1.1266666666666667,8.333333333333334,28.0,29.314999999999998,17.666666666666668,33.166666666666664,53.129999999999995,14.5,21.0,67.70333333333333,1.5,8.666666666666666,0.57,5.666666666666667,21.0,0.285,15.166666666666666,0.0,77.83333333333333
84,91,2009-02-25,8,1,2008-2009,Coop/São José Basketball,Brasília,0,80.28571428571429,26.571428571428573,38.285714285714285,15.428571428571429,26.714285714285715,7.428571428571429,19.285714285714285,14.428571428571429,14.285714285714286,1.032857142857143,8.857142857142858,25.428571428571427,35.57285714285714,19.142857142857142,37.142857142857146,51.550000000000004,15.428571428571429,21.428571428571427,71.10142857142857,0.2857142857142857,7.142857142857143,0.4985714285714286,2.5714285714285716,21.428571428571427,0.11857142857142858,14.285714285714286,0.0,76.28571428571429,83.5,18.5,49.0,16.0,36.5,11.0,25.5,14.0,15.333333333333334,1.0483333333333333,6.166666666666667,19.666666666666668,30.98,24.5,42.666666666666664,56.831666666666656,16.0,21.5,76.37,2.0,7.666666666666667,0.5416666666666666,4.166666666666667,22.0,0.19166666666666665,15.333333333333334,0.0,93.33333333333333
101,84,2009-02-25,8,1,2008-2009,Pinheiros,Espírito Santo,1,81.0,28.714285714285715,34.57142857142857,17.714285714285715,30.285714285714285,8.142857142857142,22.142857142857142,13.142857142857142,12.142857142857142,1.1085714285714285,9.571428571428571,25.0,38.332857142857144,17.285714285714285,32.857142857142854,52.83,17.714285714285715,25.0,71.47428571428573,2.0,5.428571428571429,0.46571428571428575,1.5714285714285714,18.571428571428573,0.08714285714285715,12.142857142857142,0.0,81.0,76.83333333333333,19.0,41.666666666666664,16.166666666666668,27.333333333333332,7.166666666666667,20.166666666666668,9.166666666666666,12.333333333333334,0.8033333333333332,6.333333333333333,21.5,29.648333333333337,20.833333333333332,36.666666666666664,57.723333333333336,16.166666666666668,26.5,60.91666666666666,0.6666666666666666,10.833333333333334,0.8883333333333333,1.0,23.333333333333332,0.043333333333333335,12.333333333333334,0.0,71.5
83,80,2009-02-25,8,1,2008-2009,Assis,Sesi Franca,1,78.4,24.0,32.8,21.6,29.8,9.6,20.2,11.8,10.6,1.4,8.0,22.2,35.489999999999995,16.4,32.4,51.016,21.6,28.8,76.40400000000001,1.0,6.8,0.638,2.8,18.2,0.15400000000000003,10.6,0.0,81.6,82.83333333333333,21.5,43.333333333333336,18.0,32.333333333333336,9.5,22.833333333333332,15.333333333333334,12.166666666666666,1.2866666666666666,7.166666666666667,22.833333333333332,31.51833333333333,21.666666666666668,43.833333333333336,50.163333333333334,18.0,24.666666666666668,72.82166666666667,0.8333333333333334,9.5,0.8016666666666666,2.6666666666666665,17.833333333333332,0.165,12.166666666666666,0.0,86.0
105,83,2009-02-25,8,1,2008-2009,Flamengo,Joinville,1,95.8,35.4,44.0,16.4,29.6,10.6,19.0,16.4,13.6,1.408,11.8,25.6,47.008,22.0,40.8,53.564,16.4,21.4,74.19800000000001,1.6,7.2,0.608,1.4,21.0,0.06,13.6,0.0,99.2,84.57142857142857,30.0,40.857142857142854,13.714285714285714,35.57142857142857,8.714285714285714,26.857142857142858,18.571428571428573,15.285714285714286,1.2585714285714287,10.0,25.428571428571427,39.26428571428572,20.428571428571427,36.714285714285715,55.23857142857143,13.714285714285714,19.571428571428573,70.02000000000001,1.4285714285714286,8.285714285714286,0.5928571428571429,3.142857142857143,20.0,0.1757142857142857,15.285714285714286,0.0,97.28571428571429
88,85,2009-02-27,9,1,2008-2009,Limeira,Brasília,1,85.28571428571429,30.0,34.285714285714285,21.0,29.714285714285715,7.571428571428571,22.142857142857142,15.857142857142858,17.285714285714285,1.1242857142857143,10.0,27.142857142857142,37.044285714285714,17.142857142857142,33.714285714285715,51.53285714285715,21.0,25.857142857142858,80.61428571428571,2.5714285714285716,7.142857142857143,0.53,4.571428571428571,22.571428571428573,0.1957142857142857,17.285714285714285,0.0,86.71428571428571,84.28571428571429,18.857142857142858,48.285714285714285,17.142857142857142,37.142857142857146,10.428571428571429,26.714285714285715,15.285714285714286,15.714285714285714,1.0814285714285714,6.285714285714286,19.142857142857142,32.80428571428571,24.142857142857142,41.285714285714285,58.23714285714285,17.142857142857142,22.857142857142858,76.52,1.8571428571428572,7.0,0.48857142857142855,4.285714285714286,21.714285714285715,0.19999999999999998,15.714285714285714,0.0,96.57142857142857
78,67,2009-02-27,9,1,2008-2009,Paulistano,Espírito Santo,1,71.875,21.0,36.5,14.375,30.375,10.5,19.875,14.5,17.25,0.97,7.0,22.375,31.71375,18.25,33.625,54.037499999999994,14.375,20.875,68.0175,1.0,7.25,0.44000000000000006,2.875,21.625,0.135,17.25,0.0,72.375,77.85714285714286,20.571428571428573,41.714285714285715,15.571428571428571,26.857142857142858,7.571428571428571,19.285714285714285,9.428571428571429,11.714285714285714,0.8857142857142856,6.857142857142857,22.428571428571427,30.514285714285716,20.857142857142858,37.714285714285715,56.29571428571429,15.571428571428571,24.714285714285715,64.45857142857142,0.5714285714285714,10.142857142857142,0.8685714285714285,1.0,23.142857142857142,0.04428571428571428,11.714285714285714,0.0,72.0
83,75,2009-02-27,9,1,2008-2009,Pinheiros,Saldanha,1,83.5,30.0,35.75,17.75,30.625,8.0,22.625,14.5,12.5,1.17,10.0,25.25,39.559999999999995,17.875,32.875,54.56,17.75,24.625,72.76750000000001,2.125,5.25,0.44125000000000003,1.625,18.75,0.08875,12.5,0.0,85.875,70.42857142857143,18.0,38.57142857142857,13.857142857142858,29.571428571428573,10.0,19.571428571428573,6.714285714285714,18.714285714285715,0.3885714285714285,6.0,20.0,29.81714285714285,19.285714285714285,39.42857142857143,50.64,13.857142857142858,22.0,63.09142857142857,3.5714285714285716,10.857142857142858,0.5742857142857142,2.0,21.571428571428573,0.10142857142857144,18.714285714285715,0.0,58.57142857142857
92,74,2009-02-27,9,1,2008-2009,Bauru Basket,Sesi Franca,1,74.5,20.5,40.333333333333336,13.666666666666666,29.166666666666668,8.0,21.166666666666668,10.333333333333334,11.5,1.0116666666666667,6.833333333333333,20.0,34.20166666666666,20.166666666666668,40.833333333333336,49.23833333333334,13.666666666666666,18.166666666666668,77.45,0.6666666666666666,6.333333333333333,0.5716666666666667,2.3333333333333335,18.0,0.13666666666666666,11.5,0.0,72.83333333333333,83.0,21.857142857142858,44.0,17.142857142857142,32.857142857142854,9.571428571428571,23.285714285714285,15.142857142857142,12.0,1.2842857142857143,7.285714285714286,23.0,31.777142857142856,22.0,44.142857142857146,50.45,17.142857142857142,24.428571428571427,69.87142857142858,1.0,9.142857142857142,0.7785714285714285,2.7142857142857144,19.0,0.15857142857142856,12.0,0.0,85.71428571428571
81,79,2009-02-27,9,1,2008-2009,Assis,Araraquara,1,79.16666666666667,24.0,34.333333333333336,20.833333333333332,30.833333333333332,9.0,21.833333333333332,11.5,10.666666666666666,1.3183333333333334,8.0,22.166666666666668,35.635,17.166666666666668,32.833333333333336,52.51333333333333,20.833333333333332,28.833333333333332,73.44000000000001,1.0,6.666666666666667,0.6233333333333334,2.8333333333333335,18.333333333333332,0.15500000000000003,10.666666666666666,0.0,82.5,75.57142857142857,25.714285714285715,36.0,13.857142857142858,30.857142857142858,6.142857142857143,24.714285714285715,15.428571428571429,15.428571428571429,1.0999999999999999,8.571428571428571,27.0,31.93,18.0,34.142857142857146,52.68285714285714,13.857142857142858,20.428571428571427,66.43428571428572,1.4285714285714286,8.0,0.5228571428571429,5.571428571428571,20.428571428571427,0.2857142857142857,15.428571428571429,0.0,78.85714285714286
110,69,2009-02-27,9,1,2008-2009,Flamengo,Lajeado,1,97.33333333333333,35.0,46.666666666666664,15.666666666666666,31.333333333333332,10.0,21.333333333333332,17.5,13.666666666666666,1.4466666666666665,11.666666666666666,25.166666666666668,47.145,23.333333333333332,42.0,55.053333333333335,15.666666666666666,20.166666666666668,76.11666666666666,1.5,7.833333333333333,0.6383333333333333,1.6666666666666667,20.333333333333332,0.08,13.666666666666666,0.0,105.33333333333333,76.14285714285714,15.428571428571429,42.285714285714285,18.428571428571427,30.428571428571427,10.571428571428571,19.857142857142858,9.857142857142858,15.571428571428571,0.6371428571428571,5.142857142857143,19.571428571428573,26.754285714285714,21.142857142857142,41.285714285714285,51.459999999999994,18.428571428571427,26.571428571428573,69.72571428571429,0.2857142857142857,9.0,0.647142857142857,1.0,21.714285714285715,0.042857142857142864,15.571428571428571,0.0,68.14285714285714
103,97,2009-03-01,7,1,2008-2009,Flamengo,Bauru Basket,1,99.14285714285714,33.857142857142854,49.142857142857146,16.142857142857142,32.57142857142857,10.285714285714286,22.285714285714285,18.0,13.571428571428571,1.4714285714285715,11.285714285714286,24.714285714285715,46.25428571428571,24.571428571428573,42.857142857142854,56.712857142857146,16.142857142857142,20.571428571428573,77.0442857142857,2.0,8.142857142857142,0.6571428571428571,1.7142857142857142,19.714285714285715,0.08714285714285715,13.571428571428571,0.0,109.85714285714286,77.0,20.571428571428573,42.0,14.428571428571429,29.571428571428573,7.571428571428571,22.0,11.857142857142858,10.714285714285714,1.3671428571428572,6.857142857142857,20.0,34.315714285714286,21.0,40.57142857142857,51.728571428571435,14.428571428571429,19.285714285714285,76.82571428571428,1.2857142857142858,6.428571428571429,0.6571428571428571,2.4285714285714284,18.571428571428573,0.13714285714285715,10.714285714285714,0.0,79.0
96,94,2009-03-04,10,1,2008-2009,Brasília,Pinheiros,1,84.375,19.875,48.25,16.25,38.375,10.5,27.875,15.125,16.5,1.02625,6.625,20.25,32.72125,24.125,41.5,57.933749999999996,16.25,22.125,74.3075,1.75,6.75,0.45625,4.0,22.625,0.18375,16.5,0.0,95.25,83.44444444444444,29.333333333333332,35.111111111111114,19.0,31.333333333333332,8.11111111111111,23.22222222222222,14.444444444444445,13.0,1.1311111111111112,9.777777777777779,25.11111111111111,38.867777777777775,17.555555555555557,32.77777777777778,53.70666666666667,19.0,26.22222222222222,72.94444444444446,1.8888888888888888,5.222222222222222,0.42444444444444446,1.6666666666666667,18.555555555555557,0.09222222222222222,13.0,0.0,85.33333333333333
73,84,2009-03-04,10,1,2008-2009,Coop/São José Basketball,Bauru Basket,0,80.75,27.75,37.0,16.0,26.125,7.375,18.75,14.625,13.75,1.10375,9.25,26.375,35.67125,18.5,36.875,50.10625,16.0,22.125,71.4725,0.25,7.0,0.51125,2.625,22.375,0.11625,13.75,0.0,75.75,79.5,24.375,41.25,13.875,28.625,7.5,21.125,12.125,10.625,1.37125,8.125,21.375,36.881249999999994,20.625,39.125,53.02125,13.875,18.625,76.15125,1.25,6.25,0.6375,2.375,18.125,0.13624999999999998,10.625,0.0,81.75
80,78,2009-03-04,10,1,2008-2009,Limeira,Assis,1,85.625,29.25,34.75,21.625,30.75,7.75,23.0,15.25,16.875,1.0825,9.75,27.125,36.1175,17.375,35.125,50.368750000000006,21.625,27.0,79.82374999999999,2.375,8.25,0.6062500000000001,4.5,22.25,0.19624999999999998,16.875,0.0,87.0,79.42857142857143,23.142857142857142,36.285714285714285,20.0,30.285714285714285,9.285714285714286,21.0,11.571428571428571,10.714285714285714,1.2857142857142858,7.714285714285714,21.0,36.667142857142856,18.142857142857142,33.57142857142857,54.034285714285716,20.0,28.571428571428573,70.88571428571429,1.2857142857142858,7.285714285714286,0.6771428571428572,3.0,18.0,0.1685714285714286,10.714285714285714,0.0,83.57142857142857
81,104,2009-03-04,10,1,2008-2009,Saldanha,Flamengo,0,71.0,18.375,39.25,13.375,29.0,9.375,19.625,7.875,18.25,0.47375,6.125,20.0,30.464999999999996,19.625,40.0,50.56,13.375,20.875,64.82,3.375,10.875,0.59375,2.25,22.25,0.10750000000000001,18.25,0.0,61.0,99.625,35.25,48.75,15.625,31.25,9.75,21.5,18.75,13.25,1.56,11.75,24.5,48.625,24.375,42.125,57.39375,15.625,19.875,77.41375,1.875,7.75,0.63125,1.5,19.0,0.07625,13.25,0.0,110.875
69,99,2009-03-04,10,1,2008-2009,Espírito Santo,Minas,0,76.5,19.125,41.5,15.875,27.375,7.5,19.875,9.875,11.875,0.8999999999999999,6.375,22.0,28.673750000000002,20.75,37.875,55.66875,15.875,25.375,63.90124999999999,0.625,9.875,0.8375,1.125,22.75,0.051250000000000004,11.875,0.0,70.625,82.85714285714286,21.857142857142858,45.714285714285715,15.285714285714286,36.857142857142854,10.714285714285714,26.142857142857142,17.142857142857142,15.571428571428571,1.132857142857143,7.285714285714286,21.571428571428573,35.065714285714286,22.857142857142858,41.57142857142857,54.92285714285715,15.285714285714286,21.571428571428573,71.75428571428571,1.1428571428571428,6.285714285714286,0.40714285714285714,1.7142857142857142,20.0,0.10428571428571429,15.571428571428571,0.0,90.0
61,66,2009-03-04,10,1,2008-2009,Araraquara,Lajeado,0,76.0,27.75,35.25,13.0,30.25,6.5,23.75,15.25,15.25,1.0875,9.25,27.125,34.18875,17.625,33.375,52.793749999999996,13.0,19.125,66.88,1.375,7.75,0.51125,5.25,20.625,0.2675,15.25,0.0,79.5,75.25,16.875,40.75,17.625,29.75,10.25,19.5,10.25,15.625,0.65875,5.625,20.625,27.427500000000002,20.375,40.875,49.96124999999999,17.625,25.75,68.50999999999999,0.25,8.75,0.62125,1.0,21.875,0.0425,15.625,0.0,65.75
71,72,2009-03-04,10,1,2008-2009,Sesi Franca,Joinville,0,82.125,20.625,44.75,16.75,32.5,9.5,23.0,14.125,11.75,1.21125,6.875,22.0,31.13875,22.375,44.75,50.52125,16.75,23.625,70.86,0.875,8.5,0.73125,2.375,19.625,0.13874999999999998,11.75,0.0,83.5,84.375,30.75,39.75,13.875,35.125,8.75,26.375,18.25,15.375,1.22625,10.25,27.0,38.30375,19.875,36.25,54.393750000000004,13.875,19.375,71.68375,1.375,8.125,0.5737500000000001,3.0,19.125,0.1725,15.375,0.0,94.875
105,84,2009-03-06,11,1,2008-2009,Brasília,Paulistano,1,85.66666666666667,20.0,49.111111111111114,16.555555555555557,37.666666666666664,10.0,27.666666666666668,15.222222222222221,16.11111111111111,1.048888888888889,6.666666666666667,20.11111111111111,33.17888888888889,24.555555555555557,41.44444444444444,59.08444444444444,16.555555555555557,22.77777777777778,73.59111111111112,1.7777777777777777,6.666666666666667,0.4566666666666667,4.0,22.666666666666668,0.1822222222222222,16.11111111111111,0.0,96.55555555555556,72.55555555555556,20.666666666666668,37.55555555555556,14.333333333333334,31.22222222222222,10.444444444444445,20.77777777777778,14.777777777777779,16.77777777777778,1.0077777777777779,6.888888888888889,22.11111111111111,31.523333333333337,18.77777777777778,34.44444444444444,54.266666666666666,14.333333333333334,21.22222222222222,66.94111111111111,1.0,7.0,0.43333333333333335,3.111111111111111,22.333333333333332,0.14,16.77777777777778,0.0,74.11111111111111
68,69,2009-03-06,11,1,2008-2009,Coop/São José Basketball,Assis,0,79.88888888888889,28.333333333333332,36.44444444444444,15.11111111111111,25.666666666666668,7.555555555555555,18.11111111111111,14.222222222222221,14.0,1.0577777777777777,9.444444444444445,26.555555555555557,36.07333333333334,18.22222222222222,37.0,49.21777777777778,15.11111111111111,20.666666666666668,73.40777777777777,0.2222222222222222,7.111111111111111,0.51,2.5555555555555554,22.11111111111111,0.11444444444444445,14.0,0.0,74.0,79.25,22.875,36.5,19.875,30.375,8.5,21.875,11.625,11.5,1.21375,7.625,20.625,36.945,18.25,34.25,53.370000000000005,19.875,28.0,71.92125,1.125,7.125,0.63625,3.375,19.25,0.17375000000000002,11.5,0.0,83.125
89,66,2009-03-06,11,1,2008-2009,Limeira,Bauru Basket,1,85.0,28.0,34.666666666666664,22.333333333333332,30.444444444444443,7.222222222222222,23.22222222222222,15.444444444444445,16.555555555555557,1.0966666666666667,9.333333333333334,25.88888888888889,36.27111111111111,17.333333333333332,35.111111111111114,50.168888888888894,22.333333333333332,28.555555555555557,78.54222222222221,2.4444444444444446,8.333333333333334,0.61,4.888888888888889,22.11111111111111,0.21666666666666665,16.555555555555557,0.0,87.0,80.0,26.333333333333332,40.22222222222222,13.444444444444445,28.0,7.111111111111111,20.88888888888889,12.666666666666666,10.777777777777779,1.3766666666666667,8.777777777777779,21.77777777777778,39.00555555555555,20.11111111111111,38.0,53.260000000000005,13.444444444444445,18.22222222222222,75.09777777777778,1.1111111111111112,5.888888888888889,0.5944444444444444,2.111111111111111,17.555555555555557,0.1211111111111111,10.777777777777779,0.0,82.22222222222223
76,87,2009-03-06,11,1,2008-2009,Saldanha,Minas,0,72.11111111111111,19.333333333333332,39.55555555555556,13.222222222222221,29.666666666666668,9.777777777777779,19.88888888888889,8.555555555555555,17.77777777777778,0.5322222222222223,6.444444444444445,20.11111111111111,31.84222222222222,19.77777777777778,40.77777777777778,49.906666666666666,13.222222222222221,20.88888888888889,63.96666666666666,3.4444444444444446,10.333333333333334,0.5755555555555555,2.111111111111111,21.88888888888889,0.10111111111111112,17.77777777777778,0.0,62.666666666666664,84.875,24.375,45.5,15.0,36.375,10.375,26.0,17.75,15.375,1.1875,8.125,21.375,39.432500000000005,22.75,40.75,55.915000000000006,15.0,21.25,71.33749999999999,1.375,6.25,0.41000000000000003,1.875,20.0,0.11,15.375,0.0,94.25
76,78,2009-03-06,11,1,2008-2009,Araraquara,Joinville,0,74.33333333333333,27.333333333333332,34.0,13.0,30.22222222222222,6.666666666666667,23.555555555555557,15.0,15.777777777777779,1.0388888888888888,9.11111111111111,27.11111111111111,33.68222222222222,17.0,32.666666666666664,51.86555555555555,13.0,19.0,67.47333333333333,1.4444444444444444,7.888888888888889,0.5044444444444445,5.111111111111111,20.444444444444443,0.2611111111111111,15.777777777777779,0.0,77.11111111111111,83.0,29.0,40.666666666666664,13.333333333333334,35.55555555555556,9.333333333333334,26.22222222222222,17.333333333333332,15.0,1.1822222222222223,9.666666666666666,26.333333333333332,36.693333333333335,20.333333333333332,37.22222222222222,54.275555555555556,13.333333333333334,19.555555555555557,68.48111111111112,1.4444444444444444,8.0,0.5744444444444445,3.4444444444444446,18.77777777777778,0.2022222222222222,15.0,0.0,92.55555555555556
97,65,2009-03-06,11,1,2008-2009,Sesi Franca,Lajeado,1,80.88888888888889,20.666666666666668,44.0,16.22222222222222,32.666666666666664,10.0,22.666666666666668,14.333333333333334,11.555555555555555,1.2544444444444443,6.888888888888889,22.0,31.214444444444446,22.0,45.22222222222222,49.21666666666667,16.22222222222222,23.0,70.39444444444445,1.0,8.666666666666666,0.7611111111111111,2.5555555555555554,19.77777777777778,0.14444444444444443,11.555555555555555,0.0,82.44444444444444,74.22222222222223,16.333333333333332,40.44444444444444,17.444444444444443,30.77777777777778,10.88888888888889,19.88888888888889,10.444444444444445,15.444444444444445,0.6811111111111111,5.444444444444445,20.444444444444443,26.71888888888889,20.22222222222222,41.77777777777778,48.71888888888888,17.444444444444443,25.444444444444443,68.62777777777777,0.2222222222222222,9.11111111111111,0.6477777777777778,1.4444444444444444,21.22222222222222,0.07222222222222223,15.444444444444445,0.0,66.0
63,74,2009-03-06,11,1,2008-2009,Espírito Santo,Flamengo,0,75.66666666666667,18.333333333333332,41.55555555555556,15.777777777777779,26.22222222222222,7.777777777777778,18.444444444444443,9.88888888888889,11.333333333333334,0.9588888888888888,6.111111111111111,21.555555555555557,27.956666666666667,20.77777777777778,38.333333333333336,55.03888888888889,15.777777777777779,25.0,64.37666666666665,0.6666666666666666,9.777777777777779,0.8877777777777778,1.2222222222222223,22.11111111111111,0.05888888888888889,11.333333333333334,0.0,69.22222222222223,100.11111111111111,35.333333333333336,49.111111111111114,15.666666666666666,30.555555555555557,9.0,21.555555555555557,18.11111111111111,13.11111111111111,1.5066666666666668,11.777777777777779,24.555555555555557,48.55555555555556,24.555555555555557,41.77777777777778,58.42444444444444,15.666666666666666,19.77777777777778,78.16888888888889,2.0,7.666666666666667,0.6255555555555555,1.3333333333333333,18.77777777777778,0.06777777777777777,13.11111111111111,0.0,110.55555555555556
72,83,2009-03-11,12,1,2008-2009,Lajeado,Assis,0,73.3,15.9,39.8,17.6,29.8,10.9,18.9,10.3,16.0,0.6559999999999999,5.3,20.2,26.269000000000005,19.9,40.6,49.513999999999996,17.6,25.3,69.68199999999999,0.2,8.8,0.612,1.4,21.2,0.07,16.0,0.0,64.3,78.11111111111111,23.666666666666668,34.888888888888886,19.555555555555557,29.666666666666668,8.444444444444445,21.22222222222222,10.88888888888889,12.333333333333334,1.1077777777777778,7.888888888888889,21.333333333333332,36.955555555555556,17.444444444444443,33.0,52.754444444444445,19.555555555555557,27.444444444444443,72.14222222222222,1.0,7.0,0.6011111111111112,3.2222222222222223,19.666666666666668,0.16444444444444448,12.333333333333334,0.0,79.66666666666667
68,57,2009-03-11,12,1,2008-2009,Joinville,Bauru Basket,1,82.5,29.1,39.8,13.6,35.9,9.3,26.6,17.6,15.0,1.197,9.7,26.4,36.728,19.9,36.9,53.553999999999995,13.6,20.2,67.787,1.6,8.0,0.5700000000000001,3.3,18.5,0.19499999999999998,15.0,0.0,92.0,78.6,25.8,39.4,13.4,28.1,6.9,21.2,12.8,11.5,1.317,8.6,21.5,38.789,19.7,37.5,52.782000000000004,13.4,18.8,73.005,1.0,5.6,0.5519999999999999,2.1,17.6,0.12,11.5,0.0,79.6
107,83,2009-03-11,12,1,2008-2009,Sesi Franca,Pinheiros,1,83.7,21.3,46.0,16.4,31.9,9.8,22.1,15.7,11.5,1.384,7.1,21.6,33.093,23.0,45.3,51.251999999999995,16.4,23.4,70.02199999999999,1.0,8.8,0.776,2.4,20.4,0.13399999999999998,11.5,0.0,87.2,84.5,28.5,37.2,18.8,31.6,9.0,22.6,14.2,12.5,1.168,9.5,24.5,38.665,18.6,35.5,53.003,18.8,25.5,74.59700000000001,2.0,5.5,0.48200000000000004,1.6,19.0,0.087,12.5,0.0,86.3
77,82,2009-03-11,12,1,2008-2009,Araraquara,Paulistano,0,74.5,27.0,34.4,13.1,30.7,6.8,23.9,14.9,15.4,1.052,9.0,26.8,33.647,17.2,33.2,51.678999999999995,13.1,19.4,66.813,1.5,7.9,0.521,5.4,20.8,0.268,15.4,0.0,77.9,73.7,20.1,38.6,15.0,31.0,11.0,20.0,14.6,16.9,0.9790000000000001,6.7,22.0,30.752000000000002,19.3,35.9,53.738,15.0,21.6,68.647,1.0,7.7,0.4680000000000001,3.0,22.3,0.135,16.9,0.0,74.6
93,89,2009-03-11,12,1,2008-2009,Espírito Santo,Coop/São José Basketball,1,74.4,18.0,41.0,15.4,26.5,7.5,19.0,9.7,11.4,0.9299999999999999,6.0,21.5,27.542,20.5,37.4,55.742000000000004,15.4,23.8,67.16999999999999,0.6,8.9,0.807,1.2,22.6,0.05700000000000001,11.4,0.0,68.5,78.7,27.6,35.4,15.7,26.0,7.8,18.2,14.0,14.1,1.032,9.2,26.8,34.88,17.7,36.0,49.111000000000004,15.7,21.1,74.467,0.3,7.1,0.506,2.4,22.6,0.10700000000000001,14.1,0.0,72.8
76,86,2009-03-11,12,1,2008-2009,Saldanha,Limeira,0,72.5,19.8,39.6,13.1,29.6,9.9,19.7,8.6,17.5,0.5389999999999999,6.6,20.0,32.869,19.8,40.7,49.916000000000004,13.1,21.2,62.56999999999999,3.3,10.2,0.578,2.1,22.1,0.099,17.5,0.0,63.1,85.4,28.2,36.0,21.2,30.6,7.2,23.4,16.1,16.1,1.1700000000000002,9.4,25.7,36.811,18.0,35.8,50.866,21.2,27.0,79.14999999999999,2.5,8.4,0.624,4.8,21.9,0.215,16.1,0.0,89.3
81,89,2009-03-13,12,1,2008-2009,Minas,Brasília,0,85.11111111111111,23.0,46.888888888888886,15.222222222222221,35.55555555555556,10.555555555555555,25.0,16.88888888888889,15.0,1.1477777777777778,7.666666666666667,21.22222222222222,37.27333333333334,23.444444444444443,40.77777777777778,57.56111111111112,15.222222222222221,21.77777777777778,70.67555555555555,1.4444444444444444,6.666666666666667,0.4566666666666667,2.111111111111111,19.666666666666668,0.12444444444444445,15.0,0.0,93.88888888888889,87.6,22.2,48.2,17.2,37.1,9.7,27.4,16.3,17.1,1.044,7.4,20.8,35.04600000000001,24.1,40.0,60.58299999999999,17.2,23.6,73.651,2.1,7.0,0.449,4.4,22.4,0.20400000000000001,17.1,0.0,99.6
72,80,2009-03-13,13,1,2008-2009,Lajeado,Bauru Basket,0,73.3,15.3,40.4,17.6,29.0,10.8,18.2,10.2,14.7,0.691,5.1,18.5,27.414000000000005,20.2,40.8,50.062,17.6,25.6,68.60499999999999,0.1,8.6,0.643,1.2,20.9,0.06100000000000001,14.7,0.0,65.6,77.8,25.8,39.2,12.8,28.2,7.1,21.1,13.3,12.1,1.331,8.6,22.5,37.956,19.6,36.7,53.657000000000004,12.8,17.4,75.862,0.9,5.9,0.5579999999999999,2.1,17.3,0.12200000000000003,12.1,0.0,79.6
87,70,2009-03-13,13,1,2008-2009,Sesi Franca,Paulistano,1,86.6,22.5,47.8,16.3,33.9,10.7,23.2,17.6,11.2,1.6089999999999995,7.5,21.4,35.016000000000005,23.9,47.7,50.279,16.3,22.5,72.203,1.1,8.7,0.7899999999999999,2.2,22.5,0.1,11.2,0.0,93.9,73.7,21.6,37.6,14.5,30.5,10.9,19.6,14.2,16.4,0.9890000000000001,7.2,22.8,31.557,18.8,35.3,53.302,14.5,21.0,67.738,0.8,8.2,0.5109999999999999,2.9,22.6,0.129,16.4,0.0,74.5
75,84,2009-03-13,13,1,2008-2009,Araraquara,Pinheiros,0,76.6,28.5,33.6,14.5,31.2,7.1,24.1,16.2,15.2,1.134,9.5,27.0,35.577,16.8,31.3,53.705999999999996,14.5,20.8,69.066,1.8,7.0,0.47700000000000004,5.5,20.6,0.274,15.2,0.0,83.0,83.9,29.7,35.2,19.0,31.0,8.9,22.1,13.5,11.8,1.161,9.9,25.2,39.386,17.6,34.5,51.74400000000001,19.0,26.7,72.236,1.9,5.5,0.499,1.6,18.6,0.091,11.8,0.0,83.8
69,71,2009-03-13,13,1,2008-2009,Espírito Santo,Limeira,0,76.0,20.4,39.4,16.2,26.7,7.2,19.5,10.9,11.5,1.015,6.8,22.5,29.633000000000003,19.7,36.2,55.572,16.2,24.1,70.424,0.6,8.3,0.748,1.2,23.4,0.054000000000000006,11.5,0.0,71.5,84.7,26.4,37.4,20.9,29.9,7.4,22.5,15.8,16.0,1.161,8.8,23.5,37.92700000000001,18.7,36.5,51.602999999999994,20.9,27.0,77.484,2.9,9.6,0.6769999999999999,4.9,20.8,0.24299999999999997,16.0,0.0,90.3
82,75,2009-03-13,13,1,2008-2009,Saldanha,Coop/São José Basketball,1,72.2,20.7,39.0,12.5,28.9,9.9,19.0,9.3,18.4,0.5619999999999999,6.9,20.4,33.464000000000006,19.5,40.3,49.727999999999994,12.5,20.5,61.487,3.0,10.9,0.593,1.8,22.2,0.081,18.4,0.0,62.4,80.3,28.5,36.0,15.8,24.7,7.8,16.9,14.6,14.0,1.096,9.5,26.9,35.892,18.0,35.9,50.163,15.8,21.5,73.834,0.3,7.6,0.5559999999999999,2.0,22.9,0.08600000000000001,14.0,0.0,74.2
82,64,2009-03-14,13,1,2008-2009,Joinville,Assis,1,80.5,28.5,39.0,13.0,37.3,9.6,27.7,16.7,15.3,1.124,9.5,26.3,36.082,19.5,36.2,53.39200000000001,13.0,19.5,67.08,1.6,8.5,0.588,3.3,17.5,0.19999999999999996,15.3,0.0,91.0,78.6,24.6,33.0,21.0,28.6,7.9,20.7,10.8,12.4,1.074,8.2,22.0,37.18900000000001,16.5,31.1,53.193000000000005,21.0,28.8,73.221,0.9,7.1,0.603,3.1,19.7,0.15800000000000003,12.4,0.0,79.6
78,82,2009-03-15,13,1,2008-2009,Flamengo,Brasília,0,97.5,33.0,48.0,16.5,30.5,9.1,21.4,17.8,12.5,1.57,11.0,24.3,45.518,24.0,40.8,58.519999999999996,16.5,21.1,77.625,2.3,8.0,0.72,1.2,18.9,0.061,12.5,0.0,107.8,87.7,22.5,47.4,17.8,37.9,9.5,28.4,16.5,17.4,1.036,7.5,21.5,34.297000000000004,23.7,40.4,59.152,17.8,24.2,74.28300000000002,2.0,7.1,0.44299999999999995,4.3,22.4,0.2,17.4,0.0,99.0
100,83,2009-03-18,14,1,2008-2009,Flamengo,Araraquara,1,96.3,32.4,46.4,17.5,31.1,9.2,21.9,18.0,13.6,1.501,10.8,23.9,45.351,23.2,39.9,57.522000000000006,17.5,22.4,78.101,2.1,7.7,0.65,1.4,19.6,0.06799999999999999,13.6,0.0,106.2,76.9,27.6,35.6,13.7,31.1,7.1,24.0,18.0,14.4,1.3170000000000002,9.2,26.1,35.629000000000005,17.8,32.5,54.788,13.7,19.1,70.625,2.3,6.7,0.4880000000000001,5.3,19.8,0.268,14.4,0.0,86.6
79,88,2009-03-18,14,1,2008-2009,Brasília,Joinville,0,88.3,22.8,46.0,19.5,37.1,9.4,27.7,16.4,17.3,1.035,7.6,21.8,34.416000000000004,23.0,39.8,58.15500000000001,19.5,25.7,76.42600000000002,2.0,7.6,0.48199999999999993,4.3,23.2,0.19,17.3,0.0,99.2,77.8,26.7,38.4,12.7,37.6,9.6,28.0,16.3,14.6,1.158,8.9,25.4,35.410000000000004,19.2,36.8,51.67100000000001,12.7,19.2,66.80699999999999,1.9,9.3,0.6639999999999999,3.4,17.1,0.20600000000000002,14.6,0.0,89.2
95,79,2009-03-18,14,1,2008-2009,Minas,Sesi Franca,1,84.7,21.9,46.6,16.2,35.3,10.4,24.9,15.9,15.2,1.074,7.3,20.7,36.04600000000001,23.3,41.3,56.58800000000001,16.2,22.9,71.184,1.4,6.8,0.458,2.5,19.9,0.139,15.2,0.0,91.9,87.3,23.4,47.6,16.3,33.0,10.2,22.8,18.2,11.7,1.6019999999999999,7.8,22.2,35.275,23.8,46.8,51.544000000000004,16.3,22.5,72.20300000000002,1.2,8.9,0.785,2.3,23.5,0.10500000000000001,11.7,0.0,94.4
63,68,2009-03-18,14,1,2008-2009,Assis,Espírito Santo,0,77.5,24.6,32.8,20.1,28.4,7.8,20.6,10.9,12.6,1.0750000000000002,8.2,22.1,37.071000000000005,16.4,30.7,53.59999999999999,20.1,28.7,69.944,1.0,7.4,0.615,2.9,19.9,0.14400000000000004,12.6,0.0,77.7,75.5,20.4,38.6,16.5,26.7,7.6,19.1,11.0,11.1,1.0979999999999999,6.8,22.3,29.857999999999997,19.3,35.9,54.949,16.5,24.3,71.483,0.5,7.8,0.7110000000000001,1.4,22.7,0.067,11.1,0.0,71.4
92,76,2009-03-18,14,1,2008-2009,Bauru Basket,Saldanha,1,78.1,27.0,38.0,13.1,28.1,7.3,20.8,13.4,11.8,1.371,9.0,23.5,38.357000000000006,19.0,35.5,53.972,13.1,17.5,77.038,1.0,5.9,0.569,2.3,16.8,0.13499999999999998,11.8,0.0,80.6,72.0,20.4,40.6,11.0,29.1,10.3,18.8,9.8,17.8,0.627,6.8,20.6,32.656000000000006,20.3,41.0,50.878,11.0,19.0,59.30500000000001,3.1,10.1,0.5609999999999999,1.4,22.7,0.062,17.8,0.0,62.1
96,81,2009-03-18,14,1,2008-2009,Pinheiros,Limeira,1,84.3,30.6,36.0,17.7,31.0,9.2,21.8,14.1,11.9,1.1940000000000002,10.2,25.9,39.449,18.0,34.2,53.657000000000004,17.7,25.2,71.079,1.8,5.8,0.516,1.7,18.1,0.10300000000000001,11.9,0.0,85.6,84.3,26.4,38.2,19.7,30.2,7.7,22.5,16.1,14.9,1.293,8.8,23.2,38.36300000000001,19.1,37.6,51.11800000000001,19.7,26.0,75.16299999999998,2.8,9.3,0.6689999999999999,5.1,20.7,0.254,14.9,0.0,90.9
82,63,2009-03-18,14,1,2008-2009,Paulistano,Coop/São José Basketball,1,72.0,20.7,37.8,13.5,31.8,11.3,20.5,13.4,16.1,0.9580000000000002,6.9,23.5,29.294999999999998,18.9,36.0,52.373000000000005,13.5,19.6,68.422,0.8,8.5,0.539,2.9,23.0,0.129,16.1,0.0,72.7,78.7,27.6,36.4,14.7,24.6,7.7,16.9,14.3,13.7,1.104,9.2,26.1,35.662000000000006,18.2,35.9,50.769,14.7,21.0,71.258,0.4,7.5,0.5650000000000001,1.9,22.6,0.084,13.7,0.0,72.4
93,75,2009-03-20,15,1,2008-2009,Flamengo,Sesi Franca,1,96.7,30.9,47.4,18.4,32.2,8.7,23.5,17.6,13.4,1.489,10.3,23.8,43.566,23.7,40.3,58.26700000000001,18.4,23.7,77.47099999999999,1.9,8.5,0.7060000000000001,1.4,19.6,0.068,13.4,0.0,107.6,86.7,23.4,47.0,16.3,32.8,10.8,22.0,17.8,11.7,1.5690000000000002,7.8,21.6,36.159000000000006,23.5,46.2,51.531000000000006,16.3,22.4,72.54900000000002,1.4,8.8,0.776,2.7,23.6,0.12800000000000003,11.7,0.0,94.5
85,64,2009-03-20,15,1,2008-2009,Brasília,Lajeado,1,89.8,22.8,46.6,20.4,36.0,9.0,27.0,16.2,16.5,1.0739999999999998,7.6,21.7,34.561,23.3,40.0,58.78000000000001,20.4,26.5,77.92600000000002,2.2,7.3,0.485,4.6,23.0,0.20299999999999999,16.5,0.0,100.5,73.3,15.9,40.8,16.6,27.3,10.2,17.1,9.2,13.7,0.6739999999999999,5.3,18.1,28.926000000000005,20.4,40.9,50.422000000000004,16.6,23.7,70.18100000000001,0.2,8.6,0.6940000000000001,1.1,20.1,0.05700000000000001,13.7,0.0,65.4
86,74,2009-03-20,15,1,2008-2009,Minas,Araraquara,1,86.6,22.5,48.2,15.9,36.4,11.1,25.3,16.2,14.8,1.145,7.5,20.6,37.189,24.1,42.6,56.779999999999994,15.9,21.9,72.905,1.6,6.5,0.453,3.1,19.5,0.17400000000000002,14.8,0.0,96.4,77.0,27.0,35.2,14.8,30.4,6.9,23.5,18.3,15.4,1.2469999999999999,9.0,24.8,36.269999999999996,17.6,32.9,53.612,14.8,20.8,70.99900000000001,2.5,7.1,0.488,4.8,20.7,0.24100000000000002,15.4,0.0,85.1
93,73,2009-03-20,15,1,2008-2009,Assis,Saldanha,1,76.0,23.7,32.0,20.3,28.5,7.5,21.0,10.6,12.8,0.9940000000000001,7.9,22.2,35.846,16.0,30.2,53.134,20.3,28.6,70.969,0.9,7.7,0.6290000000000001,2.9,20.1,0.14200000000000002,12.8,0.0,76.1,73.3,21.3,40.8,11.2,28.9,9.8,19.1,10.5,17.4,0.6739999999999999,7.1,21.0,33.46,20.4,41.1,51.013,11.2,19.4,58.80499999999999,3.3,10.2,0.5780000000000001,1.5,22.9,0.067,17.4,0.0,64.2
77,74,2009-03-20,15,1,2008-2009,Bauru Basket,Espírito Santo,1,78.5,26.7,38.4,13.4,29.0,7.9,21.1,13.8,12.5,1.3379999999999999,8.9,24.0,36.833,19.2,34.8,55.56700000000001,13.4,18.1,76.115,1.1,6.4,0.5759999999999998,2.2,16.4,0.134,12.5,0.0,82.0,74.9,20.7,38.4,15.8,27.2,7.4,19.8,11.6,10.7,1.154,6.9,22.0,31.075,19.2,36.5,53.54,15.8,24.2,68.272,0.5,6.8,0.6599999999999999,1.4,22.8,0.067,10.7,0.0,70.4
92,86,2009-03-20,15,1,2008-2009,Pinheiros,Coop/São José Basketball,1,85.7,30.6,37.2,17.9,30.4,8.9,21.5,14.3,12.0,1.2,10.2,25.8,39.64900000000001,18.6,34.1,55.444,17.9,25.2,71.91299999999998,1.9,6.4,0.557,1.6,18.5,0.095,12.0,0.0,88.0,76.7,26.7,35.4,14.6,26.5,8.7,17.8,13.9,13.8,1.0779999999999998,8.9,25.5,35.2,17.7,36.8,48.413,14.6,21.3,68.98499999999999,0.4,7.5,0.562,2.4,21.4,0.123,13.8,0.0,70.8
78,99,2009-03-20,15,1,2008-2009,Paulistano,Limeira,0,73.7,20.7,39.2,13.8,33.2,12.0,21.2,13.1,16.5,0.86,6.9,23.1,29.602999999999998,19.6,37.1,52.645,13.8,19.9,69.287,0.8,9.1,0.568,2.5,22.1,0.12,16.5,0.0,75.3,85.1,26.7,39.0,19.4,29.9,7.6,22.3,16.4,13.3,1.341,8.9,23.8,37.781000000000006,19.5,37.9,51.90599999999999,19.4,25.7,74.876,2.6,9.2,0.6809999999999999,5.5,21.3,0.27,13.3,0.0,93.2
88,67,2009-03-23,2,2,2008-2009,Sesi Franca,Espírito Santo,1,88.3,22.8,48.8,16.7,33.1,10.8,22.3,18.6,12.7,1.563,7.6,21.3,35.56400000000001,24.4,46.0,53.59400000000001,16.7,22.7,73.751,1.2,8.2,0.6769999999999999,2.3,24.1,0.10200000000000002,12.7,0.0,96.5,75.8,21.9,38.6,15.3,26.1,6.6,19.5,11.5,10.7,1.146,7.3,21.4,34.042,19.3,35.8,55.159000000000006,15.3,22.9,69.15400000000001,0.4,5.6,0.5670000000000001,1.4,22.4,0.067,10.7,0.0,71.5
86,81,2009-03-25,1,2,2008-2009,Flamengo,Pinheiros,1,95.8,30.9,46.6,18.3,31.6,8.2,23.4,18.3,14.4,1.4150000000000003,10.3,23.2,44.556,23.3,39.6,58.334,18.3,23.4,77.94799999999998,2.3,9.6,0.728,1.3,19.5,0.062,14.4,0.0,107.9,86.7,29.7,38.2,18.8,31.4,9.2,22.2,14.3,12.2,1.179,9.9,25.3,39.166,19.1,35.4,54.547000000000004,18.8,26.4,72.169,2.2,6.7,0.5760000000000001,1.9,18.3,0.11300000000000002,12.2,0.0,89.5
83,76,2009-03-25,1,2,2008-2009,Lajeado,Coop/São José Basketball,1,74.1,16.5,40.8,16.8,27.2,9.9,17.3,9.5,13.6,0.6970000000000001,5.5,18.2,29.891000000000002,20.4,41.3,50.062,16.8,23.5,72.643,0.1,8.6,0.6980000000000001,1.2,21.4,0.06100000000000001,13.6,0.0,66.7,78.1,26.4,37.0,14.7,27.0,8.9,18.1,14.1,13.3,1.119,8.8,24.9,35.533,18.5,37.5,49.46,14.7,21.3,69.652,0.4,7.6,0.5850000000000001,2.1,22.3,0.10900000000000001,13.3,0.0,73.9
80,86,2009-03-25,1,2,2008-2009,Assis,Brasília,0,78.5,24.9,33.8,19.8,28.9,7.2,21.7,10.8,13.2,0.9709999999999998,8.3,22.3,37.904999999999994,16.9,30.6,55.189,19.8,28.0,70.64,1.0,7.4,0.592,3.1,19.7,0.15699999999999997,13.2,0.0,79.6,91.7,23.4,46.4,21.9,34.9,8.5,26.4,16.0,15.9,1.082,7.8,22.1,35.065000000000005,23.2,38.6,60.734,21.9,28.8,74.96300000000001,2.1,7.8,0.528,5.0,22.9,0.229,15.9,0.0,102.9
96,83,2009-03-25,1,2,2008-2009,Minas,Paulistano,1,87.1,21.9,49.0,16.2,36.9,11.3,25.6,15.5,15.2,1.064,7.3,20.3,36.632999999999996,24.5,43.0,57.149,16.2,22.2,73.49699999999999,1.7,7.0,0.47400000000000003,3.4,18.8,0.192,15.2,0.0,97.2,74.2,20.7,39.6,13.9,31.5,10.9,20.6,13.2,16.4,0.8710000000000001,6.9,23.1,29.602999999999998,19.8,37.5,52.724000000000004,13.9,20.1,69.06,0.8,8.7,0.544,2.4,21.2,0.118,16.4,0.0,73.5
98,107,2009-03-25,1,2,2008-2009,Joinville,Limeira,0,78.8,25.8,39.0,14.0,37.0,9.1,27.9,15.7,13.7,1.183,8.6,24.5,35.59499999999999,19.5,37.0,52.153999999999996,14.0,21.3,66.473,2.0,9.3,0.6970000000000001,3.5,17.6,0.211,13.7,0.0,89.9,87.1,28.5,39.6,19.0,28.7,6.6,22.1,16.9,13.8,1.3239999999999998,9.5,23.4,40.678000000000004,19.8,37.2,53.797000000000004,19.0,25.0,75.611,2.8,9.4,0.6759999999999999,5.1,21.2,0.255,13.8,0.0,96.1
92,73,2009-03-25,1,2,2008-2009,Sesi Franca,Saldanha,1,88.1,21.9,48.8,17.4,33.1,10.6,22.5,17.8,13.3,1.4299999999999997,7.3,20.1,38.342000000000006,24.4,45.9,53.705,17.4,23.7,73.141,1.3,8.1,0.6330000000000001,2.2,24.3,0.09700000000000002,13.3,0.0,95.4,72.6,21.9,39.2,11.5,29.2,10.7,18.5,10.7,16.9,0.7100000000000001,7.3,20.9,34.67100000000001,19.6,41.4,48.367000000000004,11.5,19.8,59.043000000000006,3.2,10.1,0.596,1.5,23.2,0.06700000000000002,16.9,0.0,63.5
97,91,2009-03-25,1,2,2008-2009,Araraquara,Espírito Santo,1,76.7,27.6,35.8,13.3,29.4,6.6,22.8,18.0,15.3,1.2329999999999999,9.2,25.1,36.689,17.9,33.7,53.362,13.3,19.3,68.882,2.5,6.7,0.4640000000000001,4.3,20.6,0.21600000000000003,15.3,0.0,82.1,73.2,20.4,37.8,15.0,25.7,7.3,18.4,11.7,10.8,1.1560000000000001,6.8,20.9,32.554,18.9,36.9,52.068999999999996,15.0,21.9,70.6,0.3,5.8,0.577,1.5,21.7,0.073,10.8,0.0,68.1
105,71,2009-03-27,2,2,2008-2009,Flamengo,Paulistano,1,95.4,30.6,46.2,18.6,31.6,8.3,23.3,18.9,14.1,1.4549999999999998,10.2,23.7,43.156,23.1,39.3,58.261,18.6,23.2,80.45599999999999,2.5,9.7,0.738,1.4,19.8,0.067,14.1,0.0,108.6,75.3,19.8,40.6,14.9,32.2,11.1,21.1,12.8,17.2,0.8160000000000001,6.6,22.9,28.467000000000002,20.3,39.0,51.777,14.9,21.5,69.35,0.7,9.2,0.5509999999999999,2.7,21.5,0.129,17.2,0.0,73.4
100,97,2009-03-27,2,2,2008-2009,Bauru Basket,Brasília,1,77.4,24.9,39.0,13.5,29.1,7.6,21.5,13.5,12.4,1.3259999999999998,8.3,23.7,34.464999999999996,19.5,34.5,56.70200000000001,13.5,18.0,76.97200000000001,1.4,6.7,0.622,2.3,17.0,0.13299999999999998,12.4,0.0,81.7,89.9,24.9,43.2,21.8,35.5,8.0,27.5,15.7,16.5,0.9690000000000001,8.3,22.4,37.30199999999999,21.6,36.9,59.16700000000001,21.8,29.4,73.535,2.3,7.8,0.4959999999999999,4.8,23.2,0.219,16.5,0.0,100.2
91,70,2009-03-27,2,2,2008-2009,Minas,Pinheiros,1,88.2,22.5,49.0,16.7,35.9,11.2,24.7,15.4,15.6,1.0380000000000003,7.5,20.2,37.583,24.5,43.0,57.149,16.7,23.4,72.05999999999999,1.5,8.3,0.536,3.6,18.6,0.205,15.6,0.0,97.9,87.1,30.3,38.0,18.8,32.9,10.0,22.9,14.6,12.8,1.125,10.1,26.4,38.480999999999995,19.0,35.6,53.915,18.8,26.3,72.59400000000001,2.0,7.6,0.619,1.8,17.8,0.10800000000000001,12.8,0.0,90.8
83,79,2009-03-27,2,2,2008-2009,Joinville,Coop/São José Basketball,1,81.6,25.8,40.6,15.2,36.9,10.0,26.9,15.1,14.6,1.121,8.6,24.4,35.728,20.3,38.0,53.056,15.2,22.8,66.36300000000001,2.3,9.5,0.688,3.4,18.9,0.20400000000000001,14.6,0.0,90.8,76.9,26.7,36.0,14.2,26.5,8.6,17.9,13.6,12.9,1.1149999999999998,8.9,25.5,34.799,18.0,35.6,50.924,14.2,20.9,68.692,0.4,7.7,0.623,2.3,22.8,0.11900000000000002,12.9,0.0,73.2
82,87,2009-03-27,2,2,2008-2009,Lajeado,Limeira,0,74.7,19.8,38.0,16.9,27.5,9.2,18.3,9.7,12.9,0.7539999999999999,6.6,20.0,32.391000000000005,19.0,39.0,49.39300000000001,16.9,23.5,73.013,0.1,8.1,0.692,1.2,21.2,0.06100000000000001,12.9,0.0,68.3,87.0,26.4,41.4,19.2,29.0,6.7,22.3,16.5,14.0,1.2700000000000002,8.8,22.8,38.82600000000001,20.7,38.6,53.94599999999999,19.2,25.7,74.75400000000002,2.6,10.5,0.7470000000000001,4.7,21.3,0.23800000000000004,14.0,0.0,95.3
77,63,2009-03-27,2,2,2008-2009,Araraquara,Saldanha,1,77.4,28.8,35.8,12.8,29.6,7.1,22.5,17.8,17.0,1.119,9.6,25.3,37.839,17.9,33.6,53.55799999999999,12.8,19.4,66.049,2.6,7.2,0.433,3.9,21.5,0.195,17.0,0.0,80.9,74.9,22.2,41.2,11.5,29.2,11.0,18.2,11.9,17.3,0.756,7.4,20.7,35.398,20.6,40.8,51.324,11.5,19.7,59.49100000000001,3.7,9.6,0.5660000000000001,1.4,23.5,0.059,17.3,0.0,68.0
76,65,2009-03-30,4,2,2008-2009,Flamengo,Limeira,1,95.8,30.0,47.6,18.2,32.8,9.0,23.8,19.5,14.3,1.47,10.0,24.5,41.034,23.8,39.4,60.01800000000001,18.2,23.2,79.166,2.4,10.3,0.7739999999999999,1.2,18.8,0.06200000000000001,14.3,0.0,110.2,87.2,24.6,43.0,19.6,29.1,7.1,22.0,16.1,14.0,1.233,8.2,22.3,36.763999999999996,21.5,38.4,56.068000000000005,19.6,25.9,75.83200000000002,2.5,9.4,0.647,4.4,21.0,0.225,14.0,0.0,94.9
63,70,2009-04-01,3,2,2008-2009,Espírito Santo,Joinville,0,74.5,19.8,39.8,14.9,25.9,7.4,18.5,12.4,12.3,1.1360000000000001,6.6,20.9,31.683999999999997,19.9,37.4,53.846000000000004,14.9,21.4,71.167,0.5,6.7,0.5469999999999999,1.6,21.3,0.07899999999999999,12.3,0.0,70.5,80.6,26.1,39.0,15.5,35.6,9.8,25.8,14.9,14.2,1.1480000000000001,8.7,25.2,35.007,19.5,36.8,52.851,15.5,23.4,65.958,2.4,8.9,0.669,2.9,19.3,0.165,14.2,0.0,87.0
91,80,2009-04-01,3,2,2008-2009,Flamengo,Coop/São José Basketball,1,92.9,28.5,45.8,18.6,32.7,9.2,23.5,18.4,14.3,1.3920000000000001,9.5,25.0,38.394,22.9,38.1,59.76800000000001,18.6,23.6,79.484,2.4,9.8,0.7379999999999999,1.1,19.5,0.052000000000000005,14.3,0.0,104.9,76.4,26.1,36.2,14.1,28.0,8.8,19.2,13.1,13.5,1.0539999999999998,8.7,25.0,34.632,18.1,36.4,50.21,14.1,21.3,67.149,0.4,8.0,0.629,2.3,22.9,0.11900000000000002,13.5,0.0,72.5
94,85,2009-04-01,3,2,2008-2009,Brasília,Araraquara,1,89.3,24.6,42.6,22.1,33.6,7.2,26.4,15.5,16.1,0.982,8.2,21.7,38.492000000000004,21.3,35.6,60.397000000000006,22.1,29.5,74.27099999999999,2.2,7.4,0.48100000000000004,4.6,23.4,0.211,16.1,0.0,99.1,77.7,27.0,37.8,12.9,29.8,7.9,21.9,17.3,17.0,1.0879999999999999,9.0,24.7,36.146,18.9,34.8,54.665000000000006,12.9,19.3,66.91699999999999,2.1,8.0,0.483,3.7,21.1,0.195,17.0,0.0,81.5
96,91,2009-04-01,3,2,2008-2009,Minas,Limeira,1,88.8,22.5,50.2,16.1,35.3,10.6,24.7,15.4,16.2,0.9890000000000002,7.5,19.9,38.128,25.1,42.8,58.964999999999996,16.1,22.4,72.35,1.5,8.1,0.5109999999999999,3.7,18.3,0.20999999999999996,16.2,0.0,98.7,85.3,24.9,42.6,17.8,29.6,7.3,22.3,16.6,14.7,1.2129999999999999,8.3,22.2,37.281,21.3,38.2,55.75600000000001,17.8,24.7,72.77600000000001,2.2,9.6,0.6419999999999999,4.0,20.6,0.209,14.7,0.0,92.7
87,83,2009-04-01,3,2,2008-2009,Paulistano,Assis,1,77.6,20.4,42.2,15.0,32.0,11.2,20.8,14.1,17.2,0.873,6.8,22.6,30.112000000000002,21.1,39.9,52.90500000000001,15.0,21.9,68.35,0.7,9.0,0.542,2.9,22.0,0.135,17.2,0.0,76.9,77.8,23.4,34.0,20.4,27.9,7.0,20.9,10.8,13.6,0.8709999999999999,7.8,22.5,35.76199999999999,17.0,31.6,53.864,20.4,29.1,69.38199999999999,0.9,7.7,0.609,3.1,21.1,0.151,13.6,0.0,75.7
94,88,2009-04-01,3,2,2008-2009,Pinheiros,Bauru Basket,1,85.6,28.2,39.6,17.8,32.1,9.9,22.2,15.5,12.6,1.2449999999999999,9.4,25.9,36.446999999999996,19.8,37.1,54.037,17.8,24.9,71.71200000000002,2.4,7.8,0.659,1.7,16.9,0.10400000000000001,12.6,0.0,89.2,81.7,27.0,39.4,15.3,28.9,8.1,20.8,14.3,11.4,1.4749999999999996,9.0,24.3,36.634,19.7,33.7,58.31400000000001,15.3,20.4,75.25800000000001,1.4,6.2,0.622,2.6,17.9,0.14499999999999996,11.4,0.0,87.9
78,68,2009-04-01,3,2,2008-2009,Saldanha,Lajeado,1,74.0,22.8,40.8,10.4,29.2,10.0,19.2,12.4,18.3,0.741,7.6,21.3,35.347,20.4,39.1,52.461,10.4,18.1,57.943999999999996,3.7,10.1,0.563,1.7,22.3,0.07799999999999999,18.3,0.0,69.0,74.5,20.4,38.2,15.9,28.8,9.0,19.8,10.7,13.7,0.792,6.8,20.6,32.352999999999994,19.1,38.6,50.511,15.9,22.3,72.233,0.2,8.2,0.6769999999999999,1.1,20.6,0.05900000000000001,13.7,0.0,69.9
93,80,2009-04-03,4,2,2008-2009,Espírito Santo,Lajeado,1,72.4,19.2,38.4,14.8,27.0,6.9,20.1,12.9,12.7,1.131,6.4,20.5,31.445999999999998,19.2,36.0,53.739999999999995,14.8,22.0,68.096,0.5,6.7,0.522,1.6,21.6,0.078,12.7,0.0,69.8,72.7,20.1,38.4,14.2,28.3,8.9,19.4,11.4,14.5,0.807,6.7,20.6,31.852999999999998,19.2,38.4,51.111000000000004,14.2,20.2,70.559,0.2,7.3,0.5449999999999999,1.2,20.9,0.06300000000000001,14.5,0.0,67.3
83,78,2009-04-03,4,2,2008-2009,Minas,Coop/São José Basketball,1,89.5,23.7,48.8,17.0,34.9,10.5,24.4,15.8,15.6,1.078,7.9,20.2,39.171,24.4,43.0,57.053,17.0,24.1,70.91299999999998,1.4,8.3,0.5449999999999999,3.5,18.2,0.199,15.6,0.0,98.4,77.3,25.5,37.2,14.6,28.7,9.3,19.4,12.7,13.4,1.036,8.5,26.0,32.632,18.6,36.8,50.974000000000004,14.6,21.5,68.785,0.4,7.6,0.6060000000000001,2.2,24.0,0.10900000000000001,13.4,0.0,72.5
89,71,2009-04-03,4,2,2008-2009,Pinheiros,Assis,1,87.8,28.2,40.6,19.0,32.2,10.5,21.7,16.1,12.5,1.316,9.4,24.9,37.83,20.3,37.3,55.11900000000001,19.0,26.0,73.203,2.8,7.7,0.656,1.9,16.9,0.11499999999999999,12.5,0.0,93.7,77.7,24.9,33.0,19.8,27.9,7.1,20.8,11.5,14.1,0.892,8.3,22.9,37.179,16.5,30.7,53.528,19.8,28.2,69.836,1.0,6.9,0.5389999999999999,3.3,21.5,0.15899999999999997,14.1,0.0,76.0
93,92,2009-04-03,4,2,2008-2009,Paulistano,Bauru Basket,1,79.1,20.4,43.8,14.9,31.1,10.8,20.3,15.1,16.9,0.994,6.8,21.8,31.576999999999998,21.9,40.9,53.519000000000005,14.9,22.0,67.75200000000001,0.9,9.2,0.58,3.1,22.8,0.13899999999999998,16.9,0.0,79.6,83.3,26.7,40.8,15.8,28.3,8.3,20.0,14.4,11.2,1.5179999999999996,8.9,23.8,36.937000000000005,20.4,35.1,58.39200000000001,15.8,20.6,77.08800000000001,1.6,5.8,0.5999999999999999,2.4,18.9,0.12600000000000003,11.2,0.0,88.6
77,72,2009-04-03,4,2,2008-2009,Brasília,Sesi Franca,1,89.8,24.3,42.4,23.1,31.6,6.7,24.9,15.2,15.9,0.9789999999999999,8.1,22.0,37.275,21.2,35.5,60.29299999999999,23.1,30.4,75.029,2.4,8.1,0.527,4.2,24.4,0.189,15.9,0.0,97.5,88.5,20.4,50.4,17.7,31.8,10.2,21.6,18.4,13.0,1.5099999999999998,6.8,19.1,37.579,25.2,46.2,55.234,17.7,23.6,74.405,1.5,9.3,0.7460000000000001,1.9,23.0,0.09000000000000001,13.0,0.0,97.7
61,84,2009-04-03,4,2,2008-2009,Saldanha,Joinville,0,75.3,25.2,39.2,10.9,28.8,9.6,19.2,12.9,17.1,0.82,8.4,22.4,37.54600000000001,19.6,37.3,53.325,10.9,18.8,58.351,3.3,9.5,0.584,1.8,22.1,0.08299999999999999,17.1,0.0,71.6,80.9,25.8,39.8,15.3,35.4,9.5,25.9,14.7,14.1,1.145,8.6,25.6,34.302,19.9,36.9,53.903,15.3,23.6,64.83199999999998,2.2,9.3,0.733,2.9,19.8,0.162,14.1,0.0,86.8
110,89,2009-04-05,9,1,2008-2009,Minas,Joinville,1,90.8,23.7,50.0,17.1,34.1,10.5,23.6,16.6,15.2,1.159,7.9,19.7,39.771,25.0,43.2,58.455,17.1,24.3,70.64,1.5,8.0,0.5389999999999999,4.0,18.7,0.21800000000000003,15.2,0.0,101.1,80.6,24.3,39.4,16.9,34.5,9.8,24.7,14.1,13.9,1.116,8.1,26.0,31.68,19.7,37.2,52.876999999999995,16.9,25.9,65.16,2.2,10.2,0.8160000000000001,2.7,20.3,0.14700000000000002,13.9,0.0,83.8
75,85,2009-04-08,5,2,2008-2009,Saldanha,Brasília,0,73.9,24.9,37.2,11.8,30.3,10.5,19.8,12.4,18.1,0.7569999999999999,8.3,23.3,36.115,18.6,35.6,52.769000000000005,11.8,20.7,56.597,3.2,9.4,0.551,1.6,22.2,0.075,18.1,0.0,68.6,89.0,23.4,41.6,24.0,30.0,5.8,24.2,15.0,14.9,1.015,7.8,21.5,36.669999999999995,20.8,34.4,60.96200000000001,24.0,31.4,76.184,2.4,7.9,0.529,4.5,23.1,0.21300000000000002,14.9,0.0,96.8
91,80,2009-04-08,5,2,2008-2009,Limeira,Araraquara,1,85.6,25.5,43.6,16.5,29.3,7.3,22.0,17.5,14.3,1.334,8.5,22.1,38.164,21.8,38.3,56.751,16.5,23.0,72.56900000000002,2.1,8.5,0.578,4.2,20.0,0.23200000000000004,14.3,0.0,94.2,78.2,25.8,37.4,15.0,28.6,7.8,20.8,16.4,17.3,1.0289999999999997,8.6,24.2,35.134,18.7,34.1,55.120000000000005,15.0,21.4,69.193,2.1,8.4,0.499,3.4,22.7,0.172,17.3,0.0,80.3
78,73,2009-04-08,5,2,2008-2009,Coop/São José Basketball,Sesi Franca,1,76.7,25.2,37.8,13.7,29.4,10.0,19.4,12.4,13.3,1.02,8.4,25.5,32.925,18.9,38.1,50.516000000000005,13.7,20.2,69.23499999999999,0.4,7.5,0.602,2.1,23.3,0.10799999999999998,13.3,0.0,72.0,87.7,19.8,50.0,17.9,30.8,9.6,21.2,18.0,13.0,1.4739999999999998,6.6,19.0,36.855000000000004,25.0,46.0,55.01700000000001,17.9,23.1,76.96599999999998,1.3,9.8,0.791,1.9,23.1,0.089,13.0,0.0,96.6
78,84,2009-04-08,5,2,2008-2009,Bauru Basket,Minas,0,83.3,27.9,38.6,16.8,28.1,9.1,19.0,13.8,11.9,1.283,9.3,24.3,37.837,19.3,34.4,56.413,16.8,22.2,76.68499999999999,1.2,5.8,0.537,2.1,18.6,0.11200000000000002,11.9,0.0,85.7,92.4,24.9,50.6,16.9,33.7,10.5,23.2,17.3,15.1,1.2049999999999998,8.3,20.8,39.119,25.3,42.3,60.459999999999994,16.9,24.2,70.09700000000001,1.4,8.1,0.5469999999999999,4.5,18.5,0.24499999999999997,15.1,0.0,104.1
88,106,2009-04-08,5,2,2008-2009,Assis,Flamengo,0,76.5,24.6,32.6,19.3,26.4,7.3,19.1,12.0,14.5,0.901,8.2,22.8,36.876,16.3,31.0,52.528,19.3,26.5,73.97400000000002,1.1,6.8,0.517,3.0,21.8,0.14300000000000002,14.5,0.0,73.7,91.0,28.5,43.2,19.3,32.6,9.2,23.4,17.7,14.3,1.338,9.5,25.5,37.635999999999996,21.6,36.9,58.379,19.3,25.4,77.564,2.0,9.8,0.7379999999999999,1.5,20.0,0.06799999999999999,14.3,0.0,100.9
66,71,2009-04-09,5,2,2008-2009,Paulistano,Joinville,0,80.8,21.6,44.2,15.0,30.2,10.6,19.6,15.6,15.7,1.084,7.2,21.3,34.523999999999994,22.1,41.6,52.995000000000005,15.0,21.3,69.962,0.9,8.5,0.5780000000000001,3.2,23.2,0.13999999999999999,15.7,0.0,82.7,81.2,24.6,40.4,16.2,34.1,10.6,23.5,14.1,13.8,1.123,8.2,25.4,32.585,20.2,37.8,53.414,16.2,25.5,62.541,2.1,10.1,0.8119999999999999,2.8,20.8,0.14900000000000002,13.8,0.0,84.4
96,79,2009-04-09,5,2,2008-2009,Pinheiros,Lajeado,1,86.6,27.3,40.4,18.9,31.4,10.4,21.0,15.2,12.7,1.244,9.1,23.8,39.265,20.2,37.6,54.285000000000004,18.9,26.0,72.748,3.0,8.3,0.688,1.8,16.8,0.11000000000000001,12.7,0.0,91.4,71.7,19.2,38.0,14.5,26.8,8.9,17.9,10.9,14.4,0.779,6.4,20.8,29.909000000000002,19.0,38.6,50.349000000000004,14.5,20.6,70.388,0.2,8.1,0.6049999999999999,1.1,22.8,0.055999999999999994,14.4,0.0,64.1
76,80,2009-04-10,6,2,2008-2009,Espírito Santo,Brasília,0,75.0,20.4,38.6,16.0,27.5,7.7,19.8,13.1,13.0,1.1249999999999998,6.8,20.1,34.534,19.3,35.9,54.13800000000001,16.0,23.7,68.47900000000001,0.7,6.2,0.4790000000000001,1.8,22.2,0.08299999999999999,13.0,0.0,73.0,87.9,23.1,40.8,24.0,29.7,6.0,23.7,15.0,14.6,1.052,7.7,21.3,36.515,20.4,34.9,59.34999999999999,24.0,31.1,76.998,2.6,8.4,0.5930000000000002,4.4,22.5,0.21400000000000002,14.6,0.0,95.6
83,62,2009-04-10,6,2,2008-2009,Limeira,Sesi Franca,1,86.7,27.0,45.0,14.7,29.3,7.5,21.8,17.8,14.3,1.356,9.0,22.9,38.997,22.5,38.4,58.561,14.7,20.8,71.003,2.6,8.8,0.6,3.9,19.6,0.223,14.3,0.0,96.3,88.1,21.0,48.8,18.3,30.3,9.2,21.1,18.8,13.8,1.4869999999999999,7.0,19.5,38.188,24.4,45.4,54.334,18.3,23.9,76.11099999999999,1.3,10.1,0.7899999999999999,2.0,23.6,0.092,13.8,0.0,96.4
74,79,2009-04-10,6,2,2008-2009,Assis,Minas,0,77.2,24.9,32.8,19.5,26.4,6.9,19.5,12.2,14.4,0.932,8.3,23.6,35.772,16.4,30.8,53.15599999999999,19.5,26.3,75.218,1.1,6.2,0.46699999999999997,3.0,22.1,0.139,14.4,0.0,74.1,90.9,24.0,49.4,17.5,33.6,10.2,23.4,16.4,15.3,1.129,8.0,20.7,37.908,24.7,41.4,60.327999999999996,17.5,24.6,71.51599999999999,1.1,7.7,0.517,4.4,18.6,0.24000000000000005,15.3,0.0,101.2
91,98,2009-04-10,6,2,2008-2009,Bauru Basket,Flamengo,0,81.4,24.9,39.4,17.1,28.4,9.3,19.1,13.9,11.3,1.5180000000000002,8.3,23.6,35.27,19.7,35.8,55.322,17.1,23.1,75.19399999999999,1.4,6.4,0.762,1.9,18.9,0.099,11.3,0.0,83.3,91.3,27.9,43.4,20.0,33.4,9.4,24.0,17.3,14.6,1.263,9.3,25.7,36.314,21.7,37.4,57.876999999999995,20.0,26.1,78.2,2.0,9.9,0.736,1.6,20.6,0.073,14.6,0.0,100.7
76,73,2009-04-11,6,2,2008-2009,Coop/São José Basketball,Araraquara,1,77.2,23.7,38.8,14.7,30.8,10.1,20.7,12.3,13.2,1.018,7.9,24.7,31.996,19.4,37.8,52.30499999999999,14.7,22.1,66.775,0.5,6.9,0.565,2.0,23.5,0.10299999999999998,13.2,0.0,73.4,78.1,24.9,37.4,15.8,28.7,7.6,21.1,16.7,17.9,1.0139999999999998,8.3,23.9,34.534,18.7,34.5,54.451,15.8,22.1,71.01700000000001,2.1,8.2,0.4760000000000001,3.5,22.5,0.178,17.9,0.0,79.6
66,61,2009-04-11,6,2,2008-2009,Paulistano,Lajeado,1,79.6,21.3,42.8,15.5,29.9,10.6,19.3,14.9,16.4,1.0030000000000001,7.1,21.4,33.905,21.4,41.2,51.709,15.5,21.6,71.166,0.8,8.8,0.5800000000000001,2.9,23.4,0.129,16.4,0.0,79.5,72.7,17.7,40.8,14.2,27.1,8.5,18.6,11.7,14.1,0.8600000000000001,5.9,19.4,29.552,20.4,39.8,52.202,14.2,20.4,69.388,0.2,7.9,0.599,1.1,22.3,0.05799999999999998,14.1,0.0,67.3
94,92,2009-04-11,6,2,2008-2009,Pinheiros,Joinville,1,87.9,28.5,42.2,17.2,30.6,9.7,20.9,15.8,12.1,1.3440000000000003,9.5,24.1,40.376,21.1,37.8,56.65599999999999,17.2,23.7,72.81200000000001,3.4,8.4,0.714,2.1,16.9,0.126,12.1,0.0,94.9,81.1,25.5,38.2,17.4,33.1,10.1,23.0,14.6,14.4,1.123,8.5,26.4,32.785000000000004,19.1,36.0,52.896,17.4,26.6,64.818,2.0,10.4,0.8099999999999999,2.4,21.5,0.11800000000000002,14.4,0.0,83.2
90,100,2009-04-14,7,2,2008-2009,Joinville,Flamengo,0,82.5,28.2,37.2,17.1,32.2,10.2,22.0,14.8,14.4,1.137,9.4,27.7,33.831,18.6,35.3,52.263999999999996,17.1,25.8,65.886,1.7,10.1,0.79,2.7,22.2,0.127,14.4,0.0,84.2,90.7,27.3,43.6,19.8,33.8,9.8,24.0,17.9,14.3,1.3659999999999999,9.1,25.8,35.36,21.8,36.9,59.150999999999996,19.8,25.7,79.112,1.9,9.5,0.711,1.9,21.4,0.08499999999999999,14.3,0.0,101.8
64,86,2009-04-15,7,2,2008-2009,Espírito Santo,Pinheiros,0,75.7,22.5,37.6,15.6,28.0,7.1,20.9,13.8,13.1,1.1949999999999998,7.5,21.3,35.979,18.8,34.9,54.13800000000001,15.6,23.5,67.161,0.9,6.2,0.4629999999999999,1.6,22.3,0.071,13.1,0.0,74.4,87.9,29.1,40.8,18.0,30.4,8.8,21.6,16.5,12.4,1.3670000000000002,9.7,24.6,40.442,20.4,35.6,57.515,18.0,24.6,72.79400000000001,3.4,8.9,0.732,2.1,16.6,0.127,12.4,0.0,96.7
94,72,2009-04-15,7,2,2008-2009,Brasília,Coop/São José Basketball,1,85.4,20.7,41.6,23.1,30.2,6.8,23.4,14.1,13.5,1.065,6.9,20.9,33.939,20.8,35.8,58.61,23.1,30.0,76.57900000000001,2.5,8.5,0.6280000000000001,3.9,22.2,0.192,13.5,0.0,92.7,78.0,23.1,40.0,14.9,31.4,10.7,20.7,11.9,13.6,0.9799999999999999,7.7,23.7,32.214,20.0,39.0,52.362,14.9,22.7,65.79400000000001,0.8,7.3,0.5760000000000001,1.9,23.1,0.099,13.6,0.0,74.1
64,70,2009-04-15,7,2,2008-2009,Araraquara,Bauru Basket,0,79.0,24.3,38.8,15.9,27.7,7.5,20.2,16.4,17.9,0.9989999999999999,8.1,23.6,34.071,19.4,35.1,55.76500000000001,15.9,21.9,72.545,2.2,8.4,0.48600000000000004,3.4,23.3,0.168,17.9,0.0,79.8,82.1,25.2,39.6,17.3,29.0,10.4,18.6,14.0,10.8,1.6329999999999998,8.4,24.1,34.67,19.8,36.1,55.117999999999995,17.3,23.4,75.19399999999999,1.4,6.4,0.78,1.9,19.6,0.099,10.8,0.0,84.5
76,68,2009-04-15,7,2,2008-2009,Sesi Franca,Assis,1,87.5,21.0,47.8,18.7,29.1,8.9,20.2,18.2,14.3,1.3940000000000001,7.0,19.7,37.923,23.9,43.9,54.574,18.7,24.2,77.06300000000002,1.1,9.7,0.73,1.9,24.2,0.084,14.3,0.0,93.9,76.8,23.7,33.6,19.5,26.9,7.9,19.0,12.5,13.4,1.075,7.9,23.8,33.382999999999996,16.8,31.1,53.760000000000005,19.5,26.2,75.562,1.4,6.3,0.532,2.8,21.6,0.135,13.4,0.0,75.0
70,84,2009-04-15,7,2,2008-2009,Lajeado,Minas,0,72.2,17.4,39.8,15.0,26.8,7.7,19.1,11.2,14.4,0.8150000000000001,5.8,19.0,29.447000000000003,19.9,38.8,51.914,15.0,21.0,70.707,0.2,7.4,0.554,0.8,22.9,0.036,14.4,0.0,65.9,90.1,24.3,48.2,17.6,34.6,10.0,24.6,16.4,15.7,1.1090000000000002,8.1,20.4,38.849000000000004,24.1,41.1,59.30799999999999,17.6,24.2,73.16000000000001,1.1,6.9,0.44699999999999995,4.4,18.6,0.24000000000000005,15.7,0.0,100.8
88,96,2009-04-15,7,2,2008-2009,Saldanha,Paulistano,0,73.3,25.2,36.2,11.9,29.3,9.7,19.6,12.1,18.8,0.709,8.4,24.1,35.277,18.1,33.8,53.818,11.9,20.8,56.791999999999994,3.0,9.5,0.541,1.6,22.3,0.075,18.8,0.0,66.7,77.8,21.3,41.4,15.1,30.8,10.0,20.8,14.6,15.6,1.031,7.1,21.7,33.607,20.7,40.1,51.285000000000004,15.1,21.5,69.849,0.8,8.1,0.5720000000000001,3.1,23.7,0.136,15.6,0.0,78.4
85,75,2009-04-17,8,2,2008-2009,Espírito Santo,Paulistano,1,75.8,22.8,38.0,15.0,27.5,6.9,20.6,14.7,12.9,1.2979999999999996,7.6,21.2,36.598,19.0,35.8,53.194,15.0,23.3,63.385000000000005,1.3,7.1,0.555,1.5,21.6,0.067,12.9,0.0,75.0,79.2,21.3,40.8,17.1,32.0,10.3,21.7,13.9,16.5,0.9570000000000001,7.1,22.6,32.626999999999995,20.4,40.1,50.45100000000001,17.1,23.9,71.849,1.0,7.8,0.532,3.0,24.0,0.13,16.5,0.0,77.4
116,88,2009-04-17,8,2,2008-2009,Brasília,Limeira,1,85.9,19.8,43.0,23.1,29.5,6.6,22.9,14.6,13.1,1.14,6.6,20.7,32.977,21.5,35.5,60.61,23.1,30.1,76.27099999999999,2.6,8.5,0.648,4.2,21.7,0.213,13.1,0.0,94.5,86.1,27.0,43.4,15.7,29.1,7.5,21.6,17.3,14.7,1.2790000000000001,9.0,22.5,39.83,21.7,37.6,57.553,15.7,22.0,70.941,3.0,8.6,0.5690000000000002,4.1,19.6,0.233,14.7,0.0,94.8
83,80,2009-04-17,8,2,2008-2009,Sesi Franca,Bauru Basket,1,84.4,20.7,45.0,18.7,29.9,9.3,20.6,16.6,14.8,1.214,6.9,19.6,37.629000000000005,22.5,43.7,51.708000000000006,18.7,23.6,78.96700000000001,1.0,9.4,0.683,2.4,24.4,0.101,14.8,0.0,89.1,82.5,25.5,39.6,17.4,28.9,10.7,18.2,13.8,10.7,1.6260000000000001,8.5,24.4,34.622,19.8,36.5,54.593999999999994,17.4,23.0,76.77699999999999,1.4,7.5,0.845,1.7,19.9,0.088,10.7,0.0,85.5
72,59,2009-04-17,8,2,2008-2009,Araraquara,Assis,1,77.8,23.7,37.4,16.7,26.5,7.1,19.4,16.5,18.5,0.9649999999999999,7.9,23.6,33.238,18.7,33.4,56.479,16.7,22.2,74.91999999999999,2.2,8.2,0.45200000000000007,2.9,23.0,0.14900000000000002,18.5,0.0,77.5,76.7,22.8,34.6,19.3,27.9,8.4,19.5,13.0,13.0,1.116,7.6,22.6,34.346,17.3,33.0,52.787,19.3,26.0,75.31400000000001,1.5,6.4,0.5469999999999999,3.0,21.6,0.143,13.0,0.0,76.6
73,90,2009-04-17,8,2,2008-2009,Lajeado,Flamengo,0,72.7,17.7,41.0,14.0,25.7,7.1,18.6,11.3,13.1,0.897,5.9,18.8,30.35,20.5,40.0,51.723,14.0,20.0,69.219,0.2,7.1,0.563,0.8,22.2,0.038,13.1,0.0,66.1,93.3,30.6,43.2,19.5,34.6,9.3,25.3,17.7,15.2,1.233,10.2,26.4,38.898999999999994,21.6,36.5,59.28399999999999,19.5,25.2,79.339,1.4,8.8,0.579,2.3,21.5,0.10400000000000001,15.2,0.0,104.7
74,91,2009-04-17,8,2,2008-2009,Saldanha,Pinheiros,0,74.5,25.8,35.8,12.9,30.6,10.1,20.5,13.0,18.9,0.762,8.6,25.5,34.096000000000004,17.9,33.6,53.55499999999999,12.9,22.4,57.29200000000001,3.3,10.4,0.5940000000000001,1.6,23.2,0.07300000000000002,18.9,0.0,69.1,88.2,27.6,43.6,17.0,30.6,8.4,22.2,17.5,12.4,1.4580000000000002,9.2,23.3,40.119,21.8,36.7,59.580999999999996,17.0,22.8,73.627,3.6,8.9,0.732,1.8,16.9,0.10600000000000002,12.4,0.0,99.8
75,64,2009-04-17,8,2,2008-2009,Joinville,Minas,1,84.7,29.1,37.4,18.2,31.9,10.6,21.3,15.1,13.4,1.2580000000000002,9.7,28.8,33.687,18.7,35.8,51.931999999999995,18.2,26.9,67.414,1.9,9.2,0.7750000000000001,2.9,22.8,0.132,13.4,0.0,85.5,90.4,25.5,48.6,16.3,34.6,9.6,25.0,17.1,15.0,1.2080000000000002,8.5,21.4,39.426,24.3,40.0,61.38199999999999,16.3,22.6,72.643,1.2,6.7,0.45999999999999996,4.0,17.8,0.227,15.0,0.0,102.9
63,75,2009-04-21,9,2,2008-2009,Assis,Limeira,0,74.3,20.7,35.4,18.2,28.3,8.6,19.7,13.0,13.7,1.089,6.9,21.9,32.322,17.7,34.5,51.211,18.2,25.0,74.44000000000001,1.6,6.5,0.53,3.0,22.0,0.14100000000000001,13.7,0.0,72.8,86.3,26.7,42.6,17.0,28.9,7.5,21.4,16.7,13.7,1.286,8.9,23.3,37.92400000000001,21.3,37.9,55.99400000000001,17.0,23.4,72.087,2.6,7.5,0.541,3.7,20.7,0.192,13.7,0.0,92.0
86,58,2009-04-21,9,2,2008-2009,Bauru Basket,Coop/São José Basketball,1,84.8,27.6,39.4,17.8,28.8,10.7,18.1,14.2,10.0,1.6969999999999998,9.2,23.8,37.955,19.7,36.9,53.690999999999995,17.8,23.6,75.898,1.5,7.3,0.8509999999999998,1.6,20.1,0.081,10.0,0.0,89.1,76.3,21.6,40.6,14.1,32.5,11.2,21.3,11.4,14.1,0.897,7.2,23.1,30.891,20.3,40.1,51.604,14.1,21.5,65.862,1.0,6.8,0.514,2.1,23.4,0.10700000000000001,14.1,0.0,71.9
99,49,2009-04-22,9,2,2008-2009,Flamengo,Saldanha,1,94.5,31.2,44.0,19.3,34.3,8.6,25.7,18.0,14.5,1.296,10.4,26.6,39.333,22.0,35.7,62.089,19.3,24.7,80.022,1.4,9.0,0.611,2.1,20.7,0.097,14.5,0.0,108.1,74.3,23.7,36.8,13.8,30.9,10.2,20.7,13.5,17.9,0.8150000000000001,7.9,25.2,31.604000000000003,18.4,34.3,53.797000000000004,13.8,23.1,60.375000000000014,4.1,10.0,0.6,2.0,23.5,0.09200000000000001,17.9,0.0,70.3
76,78,2009-04-22,9,2,2008-2009,Pinheiros,Brasília,0,88.9,26.4,45.0,17.5,30.5,8.1,22.4,16.4,12.6,1.3760000000000001,8.8,22.5,39.806,22.5,37.9,59.402,17.5,23.1,75.433,3.9,8.6,0.706,1.7,17.0,0.097,12.6,0.0,98.8,89.3,20.7,45.6,23.0,29.4,6.4,23.0,15.4,13.1,1.1969999999999998,6.9,20.2,35.214,22.8,35.9,63.44499999999999,23.0,30.1,75.994,3.0,8.2,0.6260000000000001,3.9,21.9,0.20099999999999998,13.1,0.0,99.6
101,70,2009-04-22,9,2,2008-2009,Minas,Espírito Santo,1,87.3,24.9,45.8,16.6,34.0,9.2,24.8,15.8,15.5,1.0670000000000002,8.3,21.5,38.283,22.9,38.2,60.217,16.6,23.0,72.61500000000001,1.2,6.9,0.4549999999999999,3.7,17.8,0.21000000000000005,15.5,0.0,97.3,75.0,21.0,36.8,17.2,27.4,7.8,19.6,13.0,13.2,1.1329999999999998,7.0,20.7,34.881,18.4,35.3,52.194,17.2,25.8,64.285,1.3,7.5,0.5720000000000001,1.5,20.9,0.06999999999999999,13.2,0.0,72.0
75,80,2009-04-22,9,2,2008-2009,Lajeado,Araraquara,0,73.2,18.9,40.2,14.1,25.4,7.3,18.1,11.4,12.9,0.922,6.3,20.2,30.119999999999994,20.1,39.0,52.02299999999999,14.1,20.1,69.35799999999999,0.2,7.0,0.568,0.9,22.1,0.043,12.9,0.0,66.2,77.3,23.7,37.0,16.6,26.4,6.9,19.5,16.3,18.8,0.9359999999999999,7.9,22.8,34.556,18.5,34.0,54.517999999999994,16.6,21.8,75.73400000000001,1.9,8.6,0.4680000000000001,3.0,24.1,0.146,18.8,0.0,77.2
79,59,2009-04-22,9,2,2008-2009,Joinville,Sesi Franca,1,84.0,28.5,38.0,17.5,32.1,11.0,21.1,14.7,13.6,1.2080000000000002,9.5,28.9,32.519999999999996,19.0,36.5,51.862999999999985,17.5,26.0,67.37899999999999,1.9,8.8,0.7330000000000001,3.1,22.5,0.146,13.6,0.0,83.7,82.8,19.8,44.0,19.0,29.2,9.2,20.0,15.7,14.9,1.097,6.6,19.3,36.915000000000006,22.0,42.4,52.075,19.0,23.9,79.25399999999999,0.7,9.5,0.684,2.6,23.3,0.11499999999999999,14.9,0.0,86.9
63,60,2009-04-23,10,2,2008-2009,Assis,Coop/São José Basketball,1,74.2,21.0,34.6,18.6,28.5,8.8,19.7,13.4,13.3,1.129,7.0,21.9,32.756,17.3,34.5,49.832,18.6,24.9,76.307,1.5,6.2,0.524,3.3,22.2,0.156,13.3,0.0,73.9,74.6,20.4,40.2,14.0,32.4,11.1,21.3,11.1,14.3,0.8460000000000001,6.8,22.6,29.591,20.1,40.7,50.158,14.0,20.3,68.987,0.9,6.7,0.492,1.8,23.4,0.094,14.3,0.0,69.6
89,77,2009-04-23,10,2,2008-2009,Bauru Basket,Limeira,1,85.4,27.6,40.6,17.2,29.3,10.3,19.0,14.7,9.9,1.784,9.2,23.4,38.688,20.3,37.5,54.319,17.2,23.7,72.21399999999998,1.4,7.9,0.9419999999999998,1.5,20.1,0.07600000000000001,9.9,0.0,91.0,86.7,26.7,43.0,17.0,28.7,7.1,21.6,16.6,14.3,1.193,8.9,22.7,39.288000000000004,21.5,37.5,57.122,17.0,23.4,72.087,3.0,8.4,0.599,3.6,20.9,0.185,14.3,0.0,93.5
68,73,2009-04-24,10,2,2008-2009,Paulistano,Brasília,0,79.7,21.0,41.2,17.5,31.7,10.5,21.2,14.1,16.5,0.97,7.0,22.0,32.854,20.6,40.1,51.006,17.5,25.2,69.15599999999999,1.0,7.9,0.538,3.1,24.2,0.133,16.5,0.0,77.8,89.2,20.4,46.8,22.0,30.1,7.1,23.0,15.8,14.2,1.156,6.8,19.3,36.736000000000004,23.4,36.8,63.794000000000004,22.0,28.7,76.351,2.9,8.2,0.604,3.7,21.9,0.193,14.2,0.0,100.2
108,76,2009-04-24,10,2,2008-2009,Minas,Saldanha,1,88.8,26.4,45.6,16.8,33.8,9.1,24.7,17.1,15.7,1.126,8.8,21.7,40.832,22.8,37.8,60.473,16.8,23.0,73.668,1.1,7.1,0.45899999999999996,3.9,17.5,0.22800000000000004,15.7,0.0,100.9,71.0,24.0,33.8,13.2,30.1,10.2,19.9,12.7,18.6,0.732,8.0,26.2,30.852999999999998,16.9,34.2,49.701,13.2,21.7,61.32700000000001,3.5,10.2,0.599,1.9,22.6,0.08800000000000001,18.6,0.0,63.3
94,69,2009-04-24,10,2,2008-2009,Joinville,Araraquara,1,83.1,29.7,36.6,16.8,32.3,11.2,21.1,15.1,14.1,1.1949999999999998,9.9,30.0,32.424,18.3,35.6,51.40899999999999,16.8,24.6,68.54599999999999,2.0,9.2,0.736,3.1,22.0,0.14700000000000002,14.1,0.0,83.5,77.8,24.9,35.2,17.7,26.6,6.8,19.8,14.6,18.3,0.827,8.3,22.9,36.294,17.6,33.2,53.137,17.7,23.1,76.378,1.5,8.4,0.4870000000000001,2.9,24.6,0.13999999999999999,18.3,0.0,76.4
82,89,2009-04-24,10,2,2008-2009,Lajeado,Sesi Franca,0,73.5,19.2,39.8,14.5,25.6,7.3,18.3,11.8,12.7,1.0310000000000001,6.4,20.1,30.928999999999995,19.9,38.0,52.897000000000006,14.5,20.6,69.286,0.1,6.9,0.5820000000000001,1.1,22.6,0.052000000000000005,12.7,0.0,68.3,79.7,19.2,42.4,18.1,28.7,8.9,19.8,14.6,14.7,1.0420000000000003,6.4,18.9,36.572,21.2,42.4,49.574999999999996,18.1,22.9,78.619,0.6,9.3,0.678,2.5,22.7,0.10999999999999999,14.7,0.0,81.6
89,68,2009-04-24,10,2,2008-2009,Flamengo,Espírito Santo,1,94.4,31.2,44.8,18.4,34.7,8.3,26.4,19.5,14.3,1.416,10.4,26.2,40.019,22.4,35.7,63.063999999999986,18.4,23.6,79.90700000000001,1.9,8.3,0.575,2.0,19.5,0.101,14.3,0.0,110.3,75.1,20.7,37.4,17.0,27.1,8.2,18.9,13.1,14.8,1.0050000000000001,6.9,20.2,35.122,18.7,36.1,52.047000000000004,17.0,25.8,63.108000000000004,1.4,8.5,0.5940000000000001,1.5,21.0,0.06899999999999999,14.8,0.0,71.0
82,77,2009-04-29,11,2,2008-2009,Brasília,Minas,1,88.0,21.6,44.6,21.8,29.5,6.9,22.6,15.9,14.9,1.141,7.2,19.5,38.227,22.3,36.6,60.71500000000001,21.8,28.2,77.04099999999998,2.8,8.1,0.577,3.8,22.4,0.188,14.9,0.0,97.4,90.0,26.7,46.4,16.9,34.7,9.0,25.7,18.3,15.2,1.233,8.9,21.4,41.844,23.2,37.7,61.652,16.9,22.8,74.438,1.2,6.2,0.42400000000000004,3.4,17.3,0.199,15.2,0.0,104.5
94,87,2009-04-29,11,2,2008-2009,Assis,Lajeado,1,74.2,21.0,35.4,17.8,29.0,9.0,20.0,12.9,13.4,1.066,7.0,20.9,33.845000000000006,17.7,34.9,50.459,17.8,23.8,76.615,1.7,5.6,0.454,3.5,21.6,0.179,13.4,0.0,74.7,75.3,20.7,39.6,15.0,25.4,6.9,18.5,12.5,12.5,1.096,6.9,20.6,32.464000000000006,19.8,36.5,54.39399999999999,15.0,21.2,69.245,0.1,6.4,0.5549999999999999,1.1,22.0,0.054000000000000006,12.5,0.0,71.6
89,86,2009-04-29,11,2,2008-2009,Bauru Basket,Joinville,1,85.1,29.4,38.6,17.1,29.4,10.8,18.6,14.1,9.0,1.827,9.8,23.8,40.50600000000001,19.3,37.5,51.54200000000001,17.1,23.7,71.829,1.1,7.3,0.9359999999999999,1.4,20.2,0.06999999999999999,9.0,0.0,89.5,82.7,29.4,37.4,15.9,32.0,10.3,21.7,16.4,13.1,1.314,9.8,29.3,33.22,18.7,35.7,52.274,15.9,23.6,68.148,1.8,9.6,0.791,3.2,20.4,0.156,13.1,0.0,86.6
95,87,2009-04-29,11,2,2008-2009,Pinheiros,Sesi Franca,1,86.9,24.9,45.0,17.0,29.8,8.1,21.7,16.2,12.4,1.3800000000000001,8.3,23.1,37.092,22.5,38.7,58.29100000000001,17.0,22.3,76.26599999999999,3.6,8.5,0.71,1.7,17.0,0.097,12.4,0.0,94.4,80.5,20.1,42.0,18.4,29.4,8.9,20.5,14.8,14.5,1.0870000000000002,6.7,19.7,36.592,21.0,41.7,49.949000000000005,18.4,23.1,79.261,0.5,9.4,0.7,2.0,22.7,0.081,14.5,0.0,83.2
78,62,2009-04-29,11,2,2008-2009,Paulistano,Araraquara,1,78.3,21.9,38.6,17.8,30.3,9.8,20.5,13.4,17.5,0.876,7.3,21.5,34.832,19.3,38.7,49.495,17.8,25.2,71.03099999999999,1.0,7.5,0.48299999999999993,3.2,24.9,0.131,17.5,0.0,74.2,76.4,24.6,35.0,16.8,26.8,7.2,19.6,13.9,18.1,0.7989999999999999,8.2,23.1,35.689,17.5,33.4,52.637,16.8,21.7,76.17099999999999,1.3,8.5,0.497,3.2,23.6,0.158,18.1,0.0,75.0
69,64,2009-04-29,11,2,2008-2009,Coop/São José Basketball,Espírito Santo,1,74.3,20.1,39.8,14.4,31.1,10.6,20.5,11.2,13.5,0.901,6.7,22.0,30.161999999999995,19.9,39.7,50.75,14.4,20.6,70.458,0.9,6.3,0.49399999999999994,1.3,23.8,0.05700000000000001,13.5,0.0,69.4,75.1,20.1,37.8,17.2,27.4,8.1,19.3,12.6,15.5,0.9500000000000002,6.7,20.1,34.08,18.9,36.3,52.309000000000005,17.2,26.2,62.971000000000004,1.5,8.7,0.593,1.5,21.1,0.06899999999999999,15.5,0.0,70.0
89,71,2009-04-29,11,2,2008-2009,Limeira,Saldanha,1,86.3,27.0,42.2,17.1,28.9,6.8,22.1,17.2,13.5,1.3199999999999998,9.0,22.5,39.984,21.1,37.0,56.66700000000001,17.1,23.3,73.08099999999999,3.1,8.5,0.636,3.5,20.5,0.183,13.5,0.0,95.3,71.0,24.6,33.2,13.2,30.1,10.5,19.6,12.0,18.3,0.6970000000000001,8.2,25.9,32.124,16.6,34.3,48.777,13.2,22.3,59.712,3.3,10.1,0.6050000000000001,1.9,22.6,0.08800000000000001,18.3,0.0,62.3
92,100,2009-05-01,12,2,2008-2009,Brasília,Flamengo,0,87.6,21.6,46.0,20.0,29.2,7.1,22.1,15.9,15.1,1.129,7.2,20.2,36.952000000000005,23.0,38.0,60.659000000000006,20.0,25.7,76.607,2.7,8.3,0.584,3.6,21.4,0.18700000000000003,15.1,0.0,95.8,94.0,30.3,44.8,18.9,34.6,8.1,26.5,18.6,13.4,1.4489999999999998,10.1,26.2,38.714,22.4,35.9,62.76399999999999,18.9,24.5,79.53599999999999,1.6,7.9,0.6159999999999999,2.2,20.1,0.11000000000000001,13.4,0.0,108.7
73,63,2009-05-01,12,2,2008-2009,Bauru Basket,Lajeado,1,86.3,30.0,38.8,17.5,30.6,10.8,19.8,13.9,8.6,1.964,10.0,23.8,41.55800000000001,19.4,38.4,50.645,17.5,24.6,70.726,1.1,6.9,0.9480000000000001,1.1,20.3,0.05500000000000001,8.6,0.0,90.3,75.7,18.6,41.6,15.5,25.0,7.2,17.8,13.2,12.3,1.2000000000000002,6.2,19.9,30.621999999999996,20.8,37.5,55.73199999999999,15.5,21.3,70.819,0.3,6.6,0.589,1.2,22.6,0.05800000000000001,12.3,0.0,73.2
76,87,2009-05-01,12,2,2008-2009,Assis,Joinville,0,74.3,21.3,34.6,18.4,28.2,8.6,19.6,12.3,13.1,1.0450000000000002,7.1,21.2,33.607000000000006,17.3,34.9,49.317,18.4,24.1,77.794,1.5,5.6,0.45999999999999996,3.3,22.2,0.16299999999999998,13.1,0.0,73.2,83.0,29.7,37.6,15.7,31.5,9.9,21.6,16.1,12.7,1.356,9.9,29.0,34.007,18.8,36.2,51.777,15.7,22.9,69.32300000000001,1.6,9.0,0.754,3.2,20.8,0.154,12.7,0.0,86.4
101,69,2009-05-01,12,2,2008-2009,Pinheiros,Araraquara,1,87.2,25.5,45.2,16.5,30.1,8.8,21.3,16.1,12.1,1.405,8.5,23.9,36.741,22.6,38.6,58.702999999999996,16.5,21.5,76.44000000000001,3.4,8.2,0.694,1.7,17.0,0.09700000000000002,12.1,0.0,94.8,75.2,24.0,34.6,16.6,26.1,7.1,19.0,13.6,17.9,0.788,8.0,23.0,35.027,17.3,32.5,53.371,16.6,21.2,76.91,1.5,8.7,0.5189999999999999,3.1,23.6,0.15200000000000002,17.9,0.0,74.0
85,88,2009-05-01,12,2,2008-2009,Limeira,Espírito Santo,0,85.3,24.3,43.4,17.6,30.4,7.5,22.9,17.1,13.2,1.3439999999999999,8.1,22.2,36.711,21.7,38.8,55.617000000000004,17.6,24.0,72.76299999999999,3.6,8.9,0.678,3.4,19.6,0.189,13.2,0.0,94.3,74.1,19.5,36.8,17.8,27.7,8.5,19.2,13.2,16.5,0.9600000000000003,6.5,20.5,32.231,18.4,36.8,49.824,17.8,26.5,65.089,1.5,9.6,0.626,1.7,21.4,0.07899999999999999,16.5,0.0,68.7
88,77,2009-05-01,12,2,2008-2009,Coop/São José Basketball,Saldanha,1,72.6,19.8,38.2,14.6,31.1,10.8,20.3,10.7,14.5,0.8320000000000001,6.6,22.6,29.161999999999995,19.1,38.2,51.132,14.6,20.8,70.85000000000001,0.9,6.5,0.475,1.6,23.1,0.07,14.5,0.0,66.7,70.8,25.8,32.2,12.8,30.7,10.3,20.4,12.8,19.1,0.7040000000000001,8.6,27.4,31.442,16.1,33.7,48.004000000000005,12.8,21.1,61.766,3.0,10.0,0.567,2.1,22.2,0.098,19.1,0.0,62.6
70,76,2009-05-01,12,2,2008-2009,Paulistano,Sesi Franca,0,78.3,21.0,40.4,16.9,31.3,9.9,21.4,13.6,17.7,0.8779999999999999,7.0,20.7,35.287,20.2,39.2,51.237,16.9,23.9,71.713,1.0,8.0,0.51,3.4,24.5,0.146,17.7,0.0,77.2,82.3,21.0,43.0,18.3,28.4,8.3,20.1,15.2,13.2,1.2570000000000001,7.0,19.5,38.371,21.5,42.6,49.953,18.3,23.0,79.136,0.9,8.6,0.6970000000000001,2.0,23.4,0.08,13.2,0.0,85.0
84,72,2009-05-03,6,1,2008-2009,Flamengo,Assis,1,95.4,29.7,44.2,21.5,34.8,8.3,26.5,18.7,13.2,1.466,9.9,26.4,37.707,22.1,35.1,63.25199999999999,21.5,28.5,77.905,1.6,8.4,0.652,2.4,21.2,0.11500000000000002,13.2,0.0,110.0,73.9,21.0,35.2,17.7,28.7,8.0,20.7,12.2,13.6,0.9879999999999999,7.0,20.3,34.434000000000005,17.6,34.2,51.425,17.7,24.0,75.719,1.8,5.8,0.45699999999999996,3.5,21.0,0.18,13.6,0.0,74.3
95,73,2009-05-03,8,1,2008-2009,Minas,Lajeado,1,88.6,24.9,46.6,17.1,35.3,9.2,26.1,17.7,15.1,1.206,8.3,21.1,39.404,23.3,38.8,60.43799999999999,17.1,23.0,74.739,1.2,6.5,0.442,3.6,16.7,0.21500000000000002,15.1,0.0,102.4,73.8,18.6,40.8,14.4,23.4,6.6,16.8,13.0,11.7,1.227,6.2,19.6,31.072999999999997,20.4,37.4,54.593999999999994,14.4,19.7,68.629,0.2,6.5,0.596,1.1,21.6,0.053000000000000005,11.7,0.0,70.4
82,71,2009-05-05,13,2,2008-2009,Sesi Franca,Minas,1,81.2,21.6,43.0,16.6,28.4,7.9,20.5,15.2,13.3,1.2510000000000001,7.2,20.9,34.70400000000001,21.5,42.2,50.44500000000001,16.6,21.2,78.382,0.9,8.1,0.665,2.1,23.8,0.083,13.3,0.0,82.7,88.5,23.4,48.6,16.5,35.4,9.1,26.3,17.4,15.3,1.156,7.8,20.3,38.761,24.3,38.7,62.919,16.5,22.3,74.176,1.4,6.6,0.43899999999999995,4.1,17.0,0.23900000000000002,15.3,0.0,104.0
76,34,2009-05-06,13,2,2008-2009,Espírito Santo,Assis,1,76.2,20.4,38.8,17.0,29.2,8.2,21.0,14.4,16.4,1.0580000000000003,6.8,21.2,32.394,19.4,37.3,51.69100000000001,17.0,25.7,64.047,1.5,9.4,0.6159999999999999,1.7,21.9,0.077,16.4,0.0,73.5,72.8,18.6,36.6,17.6,29.6,7.6,22.0,11.9,12.7,1.038,6.2,20.0,31.398000000000003,18.3,35.4,51.92100000000001,17.6,23.7,76.434,1.9,5.8,0.479,3.6,20.7,0.186,12.7,0.0,74.0
85,81,2009-05-06,13,2,2008-2009,Joinville,Brasília,1,84.7,32.1,37.0,15.6,30.7,9.0,21.7,16.2,13.3,1.288,10.7,28.2,38.271,18.5,35.7,51.65500000000001,15.6,21.8,71.739,1.6,8.5,0.643,3.2,20.7,0.15500000000000003,13.3,0.0,89.1,87.1,22.8,44.4,19.9,29.3,6.8,22.5,16.1,15.7,1.105,7.6,22.0,35.39,22.2,37.5,59.19900000000001,19.9,25.8,76.00500000000001,2.7,8.8,0.5980000000000001,3.5,22.5,0.181,15.7,0.0,93.5
69,76,2009-05-06,13,2,2008-2009,Araraquara,Flamengo,0,72.4,22.8,33.6,16.0,25.5,6.8,18.7,13.2,17.1,0.795,7.6,22.8,33.876999999999995,16.8,32.6,51.70399999999999,16.0,20.4,76.39699999999999,2.1,8.1,0.51,3.0,22.5,0.15100000000000002,17.1,0.0,69.7,93.3,28.8,43.6,20.9,34.4,7.8,26.6,17.1,12.9,1.371,9.6,25.9,37.17399999999999,21.8,35.4,61.995000000000005,20.9,27.6,78.47600000000001,1.7,8.1,0.652,2.7,21.3,0.131,12.9,0.0,106.1
80,72,2009-05-06,13,2,2008-2009,Limeira,Pinheiros,1,83.1,24.9,41.6,16.6,30.0,7.3,22.7,17.2,13.2,1.3519999999999999,8.3,23.4,36.105,20.8,37.3,55.659000000000006,16.6,22.7,72.51700000000001,3.7,7.4,0.57,3.4,19.1,0.19,13.2,0.0,90.2,89.2,24.6,47.2,17.4,31.3,8.7,22.6,16.2,12.0,1.4220000000000002,8.2,22.7,37.116,23.6,39.9,59.315999999999995,17.4,22.5,76.941,4.1,8.5,0.724,2.0,17.2,0.11600000000000002,12.0,0.0,99.3
82,79,2009-05-06,13,2,2008-2009,Coop/São José Basketball,Paulistano,1,73.8,18.0,40.2,15.6,32.7,11.4,21.3,10.9,15.2,0.792,6.0,22.2,27.479000000000003,20.1,39.5,51.888999999999996,15.6,21.7,72.147,1.2,6.2,0.41400000000000003,1.7,23.4,0.07300000000000001,15.2,0.0,68.4,77.0,21.0,38.8,17.2,30.8,9.7,21.1,13.3,16.8,0.8870000000000001,7.0,20.7,35.287,19.4,38.0,50.82,17.2,24.2,72.064,0.9,7.4,0.49799999999999994,3.3,23.8,0.148,16.8,0.0,75.7
75,95,2009-05-06,13,2,2008-2009,Saldanha,Bauru Basket,0,71.2,27.0,30.6,13.6,29.8,9.5,20.3,13.5,18.4,0.7650000000000001,9.0,28.3,31.890000000000004,15.3,33.3,46.448,13.6,22.0,63.076,2.6,10.1,0.5850000000000001,1.9,22.3,0.088,18.4,0.0,62.4,83.6,29.1,39.0,15.5,30.7,10.7,20.0,13.6,8.8,1.8959999999999997,9.7,23.4,40.962,19.5,38.8,50.292,15.5,22.2,70.622,1.0,7.0,0.9480000000000001,0.8,18.8,0.043,8.8,0.0,87.2
68,77,2009-05-08,14,2,2008-2009,Espírito Santo,Bauru Basket,0,74.7,20.4,38.0,16.3,30.4,7.9,22.5,14.4,14.9,1.1480000000000001,6.8,20.1,33.988,19.0,37.0,51.165000000000006,16.3,24.7,63.956999999999994,1.4,8.7,0.666,1.7,21.5,0.07899999999999999,14.9,0.0,75.3,84.3,30.3,39.4,14.6,31.4,10.8,20.6,13.5,9.3,1.825,10.1,24.4,41.076,19.7,38.0,51.682,14.6,21.3,68.836,1.3,7.7,0.9680000000000002,1.0,18.0,0.05900000000000001,9.3,0.0,89.3
78,81,2009-05-08,14,2,2008-2009,Araraquara,Minas,0,71.8,23.1,33.0,15.7,25.6,6.2,19.4,12.9,16.4,0.8539999999999999,7.7,23.0,34.105,16.5,33.4,50.120999999999995,15.7,20.4,74.818,2.5,7.6,0.522,2.7,23.5,0.118,16.4,0.0,67.3,87.3,22.8,48.6,15.9,35.5,9.6,25.9,18.0,15.7,1.162,7.6,20.0,38.114,24.3,39.6,61.516999999999996,15.9,21.8,72.92,1.5,6.9,0.445,3.5,17.3,0.20299999999999999,15.7,0.0,101.9
67,94,2009-05-08,14,2,2008-2009,Lajeado,Brasília,0,74.3,19.5,40.2,14.6,23.6,6.7,16.9,13.0,10.7,1.327,6.5,19.6,32.57299999999999,20.1,39.0,52.051,14.6,19.9,69.244,0.2,6.7,0.675,1.1,21.2,0.053000000000000005,10.7,0.0,70.7,85.8,23.4,44.0,18.4,30.0,7.7,22.3,15.4,15.9,1.052,7.8,22.5,35.565,22.0,37.9,57.914,18.4,24.1,75.766,2.6,9.0,0.602,3.5,21.2,0.18400000000000002,15.9,0.0,91.5
81,86,2009-05-08,14,2,2008-2009,Sesi Franca,Flamengo,0,80.6,22.8,41.0,16.8,29.2,8.3,20.9,15.5,13.4,1.2610000000000001,7.6,21.3,36.049,20.5,41.3,49.166,16.8,21.2,79.072,0.6,7.8,0.6299999999999999,2.2,24.2,0.086,13.4,0.0,83.0,93.3,28.5,42.8,22.0,34.6,7.6,27.0,17.7,13.2,1.3909999999999998,9.5,25.3,37.304,21.4,35.5,60.717000000000006,22.0,29.2,77.52799999999999,1.6,8.5,0.6679999999999999,2.9,20.7,0.145,13.2,0.0,106.7
94,97,2009-05-08,14,2,2008-2009,Coop/São José Basketball,Pinheiros,0,74.1,19.5,38.4,16.2,31.8,11.2,20.6,12.0,14.9,0.8729999999999999,6.5,23.2,28.145999999999997,19.2,38.0,51.46,16.2,21.4,75.638,1.1,6.1,0.41500000000000004,1.7,23.3,0.073,14.9,0.0,70.1,89.4,25.5,45.6,18.3,32.9,8.9,24.0,15.8,13.2,1.3120000000000003,8.5,22.4,39.007,22.8,39.4,57.80499999999999,18.3,23.1,79.24900000000001,3.7,8.5,0.664,2.4,18.1,0.133,13.2,0.0,100.5
108,87,2009-05-08,14,2,2008-2009,Limeira,Paulistano,1,82.4,26.1,39.6,16.7,30.5,7.6,22.9,17.4,13.1,1.384,8.7,24.7,36.49999999999999,19.8,36.7,53.992000000000004,16.7,22.7,72.917,3.6,8.5,0.6849999999999999,4.0,19.5,0.21600000000000003,13.1,0.0,90.8,77.8,21.3,39.0,17.5,31.0,10.0,21.0,12.6,15.8,0.8899999999999999,7.1,21.5,34.454,19.5,38.1,50.942,17.5,24.1,73.985,1.1,7.7,0.5309999999999999,3.0,23.6,0.13599999999999998,15.8,0.0,76.7
76,79,2009-05-08,14,2,2008-2009,Saldanha,Assis,0,72.4,26.1,32.6,13.7,29.5,9.7,19.8,13.0,17.6,0.768,8.7,28.3,30.586000000000002,16.3,34.1,47.862,13.7,22.2,63.195000000000014,2.8,9.6,0.58,1.7,22.0,0.079,17.6,0.0,62.7,69.1,17.7,34.2,17.2,29.9,7.5,22.4,10.9,13.0,0.966,5.9,20.4,29.665000000000003,17.1,34.1,49.721000000000004,17.2,24.6,70.244,1.7,5.9,0.479,3.9,20.7,0.2,13.0,0.0,67.8
84,80,2009-05-13,15,2,2008-2009,Flamengo,Minas,1,92.8,28.5,42.8,21.5,34.6,7.7,26.9,18.5,12.8,1.5269999999999997,9.5,24.8,38.062,21.4,35.7,60.43900000000001,21.5,28.2,77.96099999999998,1.7,8.2,0.669,2.4,20.8,0.121,12.8,0.0,107.4,84.4,21.6,45.8,17.0,35.9,9.2,26.7,17.8,16.6,1.108,7.2,19.3,37.516,22.9,40.1,57.625,17.0,23.1,73.46300000000001,1.3,7.2,0.44000000000000006,3.0,17.3,0.176,16.6,0.0,96.3
93,96,2009-05-13,15,2,2008-2009,Paulistano,Pinheiros,0,77.8,21.9,37.8,18.1,32.0,10.6,21.4,12.6,17.1,0.783,7.3,21.8,34.983000000000004,18.9,37.8,49.844,18.1,25.0,73.83099999999999,1.0,7.2,0.45299999999999996,2.8,23.4,0.129,17.1,0.0,75.0,89.7,26.7,45.6,17.4,32.6,8.3,24.3,16.1,13.5,1.294,8.9,23.0,39.535999999999994,22.8,39.0,58.455,17.4,22.2,78.53500000000001,3.3,8.5,0.6480000000000001,2.3,18.4,0.125,13.5,0.0,100.6
82,74,2009-05-13,15,2,2008-2009,Limeira,Coop/São José Basketball,1,86.7,27.6,41.8,17.3,29.9,7.7,22.2,17.7,13.0,1.409,9.2,24.8,38.382999999999996,20.9,37.2,56.331,17.3,23.1,74.23700000000001,3.6,9.2,0.7310000000000001,4.4,20.3,0.22900000000000004,13.0,0.0,97.2,75.5,22.2,37.6,15.7,32.2,11.6,20.6,12.2,14.9,0.8859999999999999,7.4,23.6,30.558,18.8,37.7,50.836999999999996,15.7,20.8,75.459,1.5,5.8,0.3950000000000001,1.4,22.0,0.063,14.9,0.0,72.0
79,69,2009-05-13,15,2,2008-2009,Espírito Santo,Saldanha,1,75.2,20.1,39.0,16.1,30.2,8.5,21.7,14.1,15.6,1.0829999999999997,6.7,20.4,33.248,19.5,37.1,52.626999999999995,16.1,24.1,64.886,1.5,8.6,0.642,1.8,20.7,0.08700000000000001,15.6,0.0,75.0,72.2,24.6,33.8,13.8,29.9,10.1,19.8,12.8,17.3,0.784,8.2,27.9,29.12099999999999,16.9,35.9,46.498000000000005,13.8,22.4,63.13900000000001,2.9,8.8,0.521,1.8,21.9,0.085,17.3,0.0,60.9
95,70,2009-05-13,15,2,2008-2009,Sesi Franca,Araraquara,1,81.1,24.0,40.2,16.9,29.5,8.8,20.7,16.4,13.1,1.4080000000000001,8.0,22.3,36.47,20.1,40.5,49.166,16.9,21.2,79.62700000000001,0.6,7.4,0.6209999999999999,1.9,24.6,0.07500000000000001,13.1,0.0,84.2,71.1,23.1,34.0,14.0,26.6,6.7,19.9,14.4,16.3,0.9349999999999999,7.7,23.1,33.884,17.0,35.0,49.36,14.0,18.3,74.89500000000001,2.9,7.9,0.54,3.1,22.7,0.136,16.3,0.0,69.1
63,72,2009-05-13,15,2,2008-2009,Lajeado,Joinville,0,73.0,20.7,38.4,13.9,24.4,6.8,17.6,12.8,10.0,1.377,6.9,20.4,33.28699999999999,19.2,38.3,50.527,13.9,19.3,68.21200000000002,0.2,5.8,0.639,1.0,19.0,0.049999999999999996,10.0,0.0,69.0,84.8,34.2,35.6,15.0,30.7,8.8,21.9,16.2,14.3,1.246,11.4,28.3,40.792,17.8,34.4,51.782999999999994,15.0,20.1,74.482,1.6,8.0,0.5599999999999999,3.2,19.7,0.165,14.3,0.0,90.0
88,68,2009-05-13,15,2,2008-2009,Bauru Basket,Assis,1,82.8,28.8,40.8,13.2,31.2,10.3,20.9,13.4,8.6,1.943,9.6,24.0,39.533,20.4,38.8,52.49400000000001,13.2,19.3,68.749,1.8,8.3,1.131,1.4,17.9,0.081,8.6,0.0,89.6,68.2,19.2,32.4,16.6,30.1,7.7,22.4,10.4,13.2,0.901,6.4,20.3,32.197,16.2,33.8,47.625,16.6,24.2,68.682,1.7,6.0,0.4789999999999999,3.8,21.0,0.193,13.2,0.0,66.2
87,77,2009-05-15,1,4,2008-2009,Limeira,Joinville,1,85.8,27.3,41.2,17.3,29.5,7.5,22.0,17.9,13.2,1.392,9.1,25.9,36.969,20.6,35.8,57.677,17.3,22.7,76.30100000000002,3.8,9.5,0.748,4.2,20.4,0.213,13.2,0.0,96.3,83.1,32.4,35.4,15.3,31.8,8.0,23.8,16.3,14.1,1.27,10.8,27.3,39.911,17.7,34.3,51.661000000000016,15.3,20.2,76.10100000000001,1.7,8.5,0.605,3.3,19.1,0.18100000000000002,14.1,0.0,90.9
87,92,2009-05-16,1,4,2008-2009,Pinheiros,Flamengo,0,90.4,26.4,45.6,18.4,33.8,8.8,25.0,16.7,13.5,1.3299999999999998,8.8,23.3,38.022999999999996,22.8,39.6,57.622,18.4,23.3,78.99000000000001,3.2,8.3,0.636,2.5,18.8,0.13299999999999995,13.5,0.0,102.0,90.6,27.6,42.0,21.0,34.8,7.8,27.0,17.9,12.9,1.4769999999999999,9.2,25.6,35.892,21.0,35.0,60.43900000000001,21.0,27.7,77.55999999999999,2.0,8.8,0.7060000000000001,2.5,20.1,0.13099999999999998,12.9,0.0,104.6
79,83,2009-05-17,1,4,2008-2009,Bauru Basket,Minas,0,83.8,29.7,40.8,13.3,32.2,10.3,21.9,13.6,9.1,1.7570000000000001,9.9,24.0,40.783,20.4,38.0,53.664,13.3,18.6,71.84700000000001,1.9,7.5,0.889,1.5,18.3,0.08600000000000001,9.1,0.0,92.5,84.0,20.7,46.8,16.5,36.2,9.5,26.7,18.3,16.8,1.1270000000000002,6.9,20.4,34.394,23.4,41.3,56.997,16.5,22.7,72.57000000000001,1.5,7.7,0.466,2.8,17.1,0.16600000000000004,16.8,0.0,94.6
76,78,2009-05-17,1,4,2008-2009,Sesi Franca,Brasília,0,83.3,24.3,41.8,17.2,30.5,9.2,21.3,17.0,12.6,1.487,8.1,21.9,38.095,20.9,40.3,51.33200000000001,17.2,22.1,78.70400000000001,0.6,7.6,0.651,2.5,23.7,0.10700000000000001,12.6,0.0,90.2,87.5,23.4,45.8,18.3,31.1,8.3,22.8,16.6,15.4,1.2950000000000002,7.8,22.6,35.455999999999996,22.9,38.6,59.1,18.3,23.7,76.55499999999999,2.5,9.3,0.663,3.0,21.7,0.153,15.4,0.0,96.2
92,85,2009-05-18,2,4,2008-2009,Flamengo,Pinheiros,1,90.0,27.0,41.4,21.6,34.8,7.4,27.4,17.5,13.1,1.402,9.0,25.4,35.379,20.7,34.9,59.771,21.6,29.0,75.37,1.8,9.3,0.7460000000000001,2.5,19.8,0.13299999999999995,13.1,0.0,103.0,89.5,26.4,44.4,18.7,33.7,9.3,24.4,16.5,13.6,1.2979999999999998,8.8,23.4,37.864999999999995,22.2,39.9,55.42800000000001,18.7,23.9,78.30800000000002,3.1,8.5,0.648,2.0,19.3,0.10500000000000001,13.6,0.0,99.1
85,75,2009-05-18,2,4,2008-2009,Joinville,Limeira,1,83.7,33.9,34.8,15.0,31.9,8.2,23.7,16.5,13.9,1.2930000000000001,11.3,27.1,41.812999999999995,17.4,34.7,50.071999999999996,15.0,19.5,76.738,1.8,7.9,0.574,3.2,19.1,0.17700000000000002,13.9,0.0,91.7,85.4,26.7,40.6,18.1,29.4,7.5,21.9,17.8,13.4,1.3679999999999999,8.9,25.4,37.123000000000005,20.3,35.8,56.842999999999996,18.1,23.1,78.864,3.1,9.4,0.7309999999999999,4.0,20.9,0.198,13.4,0.0,95.6
87,84,2009-05-19,3,4,2008-2009,Flamengo,Pinheiros,1,89.2,26.1,42.4,20.7,34.3,7.4,26.9,18.6,12.8,1.5059999999999998,8.7,25.4,34.308,21.2,35.4,60.367,20.7,27.9,74.929,2.4,9.5,0.7670000000000001,2.2,19.3,0.12000000000000002,12.8,0.0,102.9,88.6,27.0,44.0,17.6,34.4,10.3,24.1,16.3,13.4,1.314,9.0,24.1,37.663,22.0,40.8,53.94499999999999,17.6,23.1,76.37899999999999,3.1,7.9,0.608,1.9,19.3,0.1,13.4,0.0,96.3
96,105,2009-05-19,2,4,2008-2009,Brasília,Sesi Franca,0,86.8,24.6,44.2,18.0,31.4,8.0,23.4,16.4,16.5,1.202,8.2,23.2,36.275,22.1,37.5,58.45400000000001,18.0,23.1,77.376,2.4,8.9,0.5860000000000001,3.1,22.5,0.151,16.5,0.0,94.6,84.4,24.9,42.0,17.5,31.0,9.0,22.0,17.6,12.2,1.5650000000000002,8.3,22.6,38.081,21.0,40.3,51.626,17.5,22.9,77.637,0.7,8.0,0.7020000000000002,2.4,22.9,0.10700000000000001,12.2,0.0,92.2
