placar_casa,placar_visitante,data,round,stage,ano,equipe_casa,equipe_visitante,resultado,Pts_casa,3P_casa,2P_casa,LL_casa,RT_casa,RO_casa,RD_casa,AS_casa,ER_casa,IA%_casa,3PC_casa,3PT_casa,3P%_casa,2PC_casa,2PT_casa,2P%_casa,LLC_casa,LLT_casa,LL%_casa,EN_casa,BR_casa,B/E_casa,TO_casa,FC_casa,T/FC_casa,ET_casa,VI_casa,EF_casa,Pts_visitante,3P_visitante,2P_visitante,LL_visitante,RT_visitante,RO_visitante,RD_visitante,AS_visitante,ER_visitante,IA%_visitante,3PC_visitante,3PT_visitante,3P%_visitante,2PC_visitante,2PT_visitante,2P%_visitante,LLC_visitante,LLT_visitante,LL%_visitante,EN_visitante,BR_visitante,B/E_visitante,TO_visitante,FC_visitante,T/FC_visitante,ET_visitante,VI_visitante,EF_visitante
61,74,2020-11-10,1,1,2020-2021,VipTech CMB,Fortaleza B. C. / CFO,0,0.0,0.0,0.0,0.0,0.0,0.0,0.0,0.0,0.0,0.0,0.0,0.0,0.0,0.0,0.0,0.0,0.0,0.0,0.0,0.0,0.0,0.0,0.0,0.0,0.0,0.0,0.0,0.0,0.0,0.0,0.0,0.0,0.0,0.0,0.0,0.0,0.0,0.0,0.0,0.0,0.0,0.0,0.0,0.0,0.0,0.0,0.0,0.0,0.0,0.0,0.0,0.0,0.0,0.0,0.0,0.0
102,68,2020-11-10,1,1,2020-2021,Flamengo,Minas,1,0.0,0.0,0.0,0.0,0.0,0.0,0.0,0.0,0.0,0.0,0.0,0.0,0.0,0.0,0.0,0.0,0.0,0.0,0.0,0.0,0.0,0.0,0.0,0.0,0.0,0.0,0.0,0.0,0.0,0.0,0.0,0.0,0.0,0.0,0.0,0.0,0.0,0.0,0.0,0.0,0.0,0.0,0.0,0.0,0.0,0.0,0.0,0.0,0.0,0.0,0.0,0.0,0.0,0.0,0.0,0.0
86,88,2020-11-12,1,1,2020-2021,UNIFACISA,VipTech CMB,0,0.0,0.0,0.0,0.0,0.0,0.0,0.0,0.0,0.0,0.0,0.0,0.0,0.0,0.0,0.0,0.0,0.0,0.0,0.0,0.0,0.0,0.0,0.0,0.0,0.0,0.0,0.0,0.0,67.67,23.0,34.67,10.0,40.33,14.67,25.67,17.0,14.67,1.16,7.67,30.33,25.27,17.33,34.0,50.98,10.0,15.67,63.83,0.0,2.33,0.16,2.33,19.67,0.12,14.67,2.0,70.0
109,86,2020-11-12,1,1,2020-2021,Corinthians,Sesi Franca,1,0.0,0.0,0.0,0.0,0.0,0.0,0.0,0.0,0.0,0.0,0.0,0.0,0.0,0.0,0.0,0.0,0.0,0.0,0.0,0.0,0.0,0.0,0.0,0.0,0.0,0.0,0.0,0.0,0.0,0.0,0.0,0.0,0.0,0.0,0.0,0.0,0.0,0.0,0.0,0.0,0.0,0.0,0.0,0.0,0.0,0.0,0.0,0.0,0.0,0.0,0.0,0.0,0.0,0.0,0.0,0.0
69,82,2020-11-12,1,1,2020-2021,Fortaleza B. C. / CFO,Flamengo,0,73.0,21.0,42.0,10.0,40.33,11.67,28.67,18.33,13.33,1.38,7.0,23.67,29.58,21.0,41.0,51.22,10.0,15.0,66.67,1.67,6.0,0.45,3.33,22.0,0.15,13.33,3.67,86.0,90.0,35.0,38.67,16.33,46.0,13.0,33.0,21.67,13.33,1.63,11.67,36.0,32.41,19.33,32.67,59.18,16.33,23.0,71.01,1.33,6.67,0.5,2.67,15.67,0.17,13.33,1.0,109.33
76,54,2020-11-12,1,1,2020-2021,Minas,Pato Basquete,1,78.0,27.0,40.67,10.33,39.0,8.33,30.67,19.0,14.33,1.33,9.0,24.67,36.49,20.33,36.33,55.96,10.33,16.67,62.0,2.33,8.33,0.58,2.0,20.67,0.1,14.33,3.0,94.0,0.0,0.0,0.0,0.0,0.0,0.0,0.0,0.0,0.0,0.0,0.0,0.0,0.0,0.0,0.0,0.0,0.0,0.0,0.0,0.0,0.0,0.0,0.0,0.0,0.0,0.0,0.0,0.0
85,90,2020-11-13,1,1,2020-2021,Mogi,Bauru Basket,0,0.0,0.0,0.0,0.0,0.0,0.0,0.0,0.0,0.0,0.0,0.0,0.0,0.0,0.0,0.0,0.0,0.0,0.0,0.0,0.0,0.0,0.0,0.0,0.0,0.0,0.0,0.0,0.0,0.0,0.0,0.0,0.0,0.0,0.0,0.0,0.0,0.0,0.0,0.0,0.0,0.0,0.0,0.0,0.0,0.0,0.0,0.0,0.0,0.0,0.0,0.0,0.0,0.0,0.0,0.0,0.0
54,90,2020-11-14,1,1,2020-2021,VipTech CMB,Minas,0,67.67,23.0,34.67,10.0,40.33,14.67,25.67,17.0,14.67,1.16,7.67,30.33,25.27,17.33,34.0,50.98,10.0,15.67,63.83,0.0,2.33,0.16,2.33,19.67,0.12,14.67,2.0,70.0,78.0,27.0,40.67,10.33,39.0,8.33,30.67,19.0,14.33,1.33,9.0,24.67,36.49,20.33,36.33,55.96,10.33,16.67,62.0,2.33,8.33,0.58,2.0,20.67,0.1,14.33,3.0,94.0
107,61,2020-11-14,1,1,2020-2021,São Paulo,Corinthians,1,0.0,0.0,0.0,0.0,0.0,0.0,0.0,0.0,0.0,0.0,0.0,0.0,0.0,0.0,0.0,0.0,0.0,0.0,0.0,0.0,0.0,0.0,0.0,0.0,0.0,0.0,0.0,0.0,85.0,45.0,28.0,12.0,29.0,7.5,21.5,19.0,14.0,1.36,15.0,32.0,46.88,14.0,32.0,43.75,12.0,14.0,85.71,1.0,6.0,0.43,2.5,21.5,0.12,14.0,2.0,90.5
69,76,2020-11-14,1,1,2020-2021,Pato Basquete,Fortaleza B. C. / CFO,0,61.5,21.0,24.0,16.5,30.0,11.5,18.5,11.0,11.5,0.96,7.0,27.0,25.93,12.0,35.0,34.29,16.5,26.5,62.26,0.0,6.5,0.57,1.5,22.0,0.07,11.5,2.5,46.0,73.0,21.0,42.0,10.0,40.33,11.67,28.67,18.33,13.33,1.38,7.0,23.67,29.58,21.0,41.0,51.22,10.0,15.0,66.67,1.67,6.0,0.45,3.33,22.0,0.15,13.33,3.67,86.0
57,73,2020-11-14,1,1,2020-2021,Brasília,Paulistano,0,0.0,0.0,0.0,0.0,0.0,0.0,0.0,0.0,0.0,0.0,0.0,0.0,0.0,0.0,0.0,0.0,0.0,0.0,0.0,0.0,0.0,0.0,0.0,0.0,0.0,0.0,0.0,0.0,0.0,0.0,0.0,0.0,0.0,0.0,0.0,0.0,0.0,0.0,0.0,0.0,0.0,0.0,0.0,0.0,0.0,0.0,0.0,0.0,0.0,0.0,0.0,0.0,0.0,0.0,0.0,0.0
86,79,2020-11-14,1,1,2020-2021,Flamengo,UNIFACISA,1,90.0,35.0,38.67,16.33,46.0,13.0,33.0,21.67,13.33,1.63,11.67,36.0,32.41,19.33,32.67,59.18,16.33,23.0,71.01,1.33,6.67,0.5,2.67,15.67,0.17,13.33,1.0,109.33,82.5,28.5,42.0,12.0,36.5,12.5,24.0,17.5,11.5,1.52,9.5,29.0,32.76,21.0,42.0,50.0,12.0,16.0,75.0,0.0,8.5,0.74,1.0,22.0,0.05,11.5,2.5,90.0
80,60,2020-11-14,1,1,2020-2021,Sesi Franca,Pinheiros,1,83.0,22.5,41.0,19.5,39.0,11.0,28.0,20.5,12.5,1.64,7.5,21.0,35.71,20.5,40.5,50.62,19.5,23.5,82.98,4.5,5.0,0.4,1.5,21.5,0.07,12.5,0.5,99.0,0.0,0.0,0.0,0.0,0.0,0.0,0.0,0.0,0.0,0.0,0.0,0.0,0.0,0.0,0.0,0.0,0.0,0.0,0.0,0.0,0.0,0.0,0.0,0.0,0.0,0.0,0.0,0.0
79,86,2020-11-16,2,1,2020-2021,Cerrado,Sesi Franca,0,0.0,0.0,0.0,0.0,0.0,0.0,0.0,0.0,0.0,0.0,0.0,0.0,0.0,0.0,0.0,0.0,0.0,0.0,0.0,0.0,0.0,0.0,0.0,0.0,0.0,0.0,0.0,0.0,83.0,22.5,41.0,19.5,39.0,11.0,28.0,20.5,12.5,1.64,7.5,21.0,35.71,20.5,40.5,50.62,19.5,23.5,82.98,4.5,5.0,0.4,1.5,21.5,0.07,12.5,0.5,99.0
93,70,2020-11-16,2,1,2020-2021,Bauru Basket,Brasília,1,90.0,33.0,38.0,19.0,35.0,13.0,22.0,15.0,16.0,0.94,11.0,25.0,44.0,19.0,37.0,51.35,19.0,23.0,82.61,1.0,12.0,0.75,1.0,24.0,0.04,16.0,4.0,101.0,57.0,24.0,26.0,7.0,31.0,5.0,26.0,16.0,13.0,1.23,8.0,24.0,33.33,13.0,33.0,39.39,7.0,9.0,77.78,0.0,2.0,0.15,3.0,13.0,0.23,13.0,3.0,58.0
76,74,2020-11-16,2,1,2020-2021,Corinthians,Pinheiros,1,85.0,45.0,28.0,12.0,29.0,7.5,21.5,19.0,14.0,1.36,15.0,32.0,46.88,14.0,32.0,43.75,12.0,14.0,85.71,1.0,6.0,0.43,2.5,21.5,0.12,14.0,2.0,90.5,60.0,9.0,38.0,13.0,38.0,14.0,24.0,14.0,13.0,1.08,3.0,21.0,14.29,19.0,49.0,38.78,13.0,17.0,76.47,1.0,9.0,0.69,1.0,23.0,0.04,13.0,0.0,57.0
78,82,2020-11-17,2,1,2020-2021,VipTech CMB,Pato Basquete,0,67.67,23.0,34.67,10.0,40.33,14.67,25.67,17.0,14.67,1.16,7.669999999999999,30.33,25.27,17.33,34.0,50.98,10.0,15.67,63.830000000000005,0.0,2.33,0.16,2.33,19.67,0.12,14.67,2.0,70.0,61.5,21.0,24.0,16.5,30.0,11.5,18.5,11.0,11.5,0.96,7.0,27.0,25.93,12.0,35.0,34.29,16.5,26.5,62.26,0.0,6.5,0.57,1.5,22.0,0.07,11.5,2.5,46.0
69,67,2020-11-17,2,1,2020-2021,UNIFACISA,Fortaleza B. C. / CFO,1,82.5,28.5,42.0,12.0,36.5,12.5,24.0,17.5,11.5,1.52,9.5,29.0,32.76,21.0,42.0,50.0,12.0,16.0,75.0,0.0,8.5,0.74,1.0,22.0,0.05,11.5,2.5,90.0,73.0,21.0,42.0,10.0,40.33,11.67,28.67,18.33,13.33,1.38,7.0,23.67,29.58,21.0,41.0,51.22,10.0,15.0,66.67,1.67,6.0,0.45,3.33,22.0,0.15,13.33,3.67,86.0
75,112,2020-11-17,2,1,2020-2021,Mogi,São Paulo,0,85.0,27.0,44.0,14.0,26.0,6.0,20.0,21.0,16.0,1.31,9.0,23.0,39.13,22.0,35.0,62.86,14.0,23.0,60.87,0.0,7.0,0.44,3.0,25.0,0.12,16.0,1.0,90.0,107.0,48.0,46.0,13.0,42.0,6.0,36.0,23.0,10.0,2.3,16.0,33.0,48.48,23.0,31.0,74.19,13.0,16.0,81.25,5.0,9.0,0.9,3.0,16.0,0.19,10.0,1.0,146.0
84,69,2020-11-18,2,1,2020-2021,Caxias do Sul Basquete,Brasília,1,0.0,0.0,0.0,0.0,0.0,0.0,0.0,0.0,0.0,0.0,0.0,0.0,0.0,0.0,0.0,0.0,0.0,0.0,0.0,0.0,0.0,0.0,0.0,0.0,0.0,0.0,0.0,0.0,65.66499999999999,24.0,30.665,11.0,31.5,6.5,25.0,15.835,14.165,1.125,8.0,23.165,34.575,15.335,33.165,46.195,11.0,15.665,72.47,0.165,3.835,0.26,2.5,13.835,0.185,14.165,3.0,67.5
81,83,2020-11-18,2,1,2020-2021,Cerrado,Bauru Basket,0,73.67,26.0,35.33,12.33,33.33,12.33,21.0,12.67,13.67,0.93,8.67,26.0,33.33,17.67,37.33,47.32,12.33,15.67,78.72,0.33,6.67,0.49,2.67,18.67,0.14,13.67,2.33,75.0,86.66499999999999,28.0,42.0,16.665,37.165,12.335,24.835,16.665,13.335,1.33,9.335,24.0,38.665,21.0,39.665,52.84,16.665,20.335,81.87,1.165,10.335,0.78,1.0,23.0,0.045,13.335,3.0,101.5
75,74,2020-11-18,2,1,2020-2021,Paulistano,Corinthians,1,73.0,33.0,28.0,12.0,46.0,15.0,31.0,17.0,10.0,1.7,11.0,28.0,39.29,14.0,38.0,36.84,12.0,14.0,85.71,0.0,6.0,0.6,2.0,17.0,0.12,10.0,3.0,91.0,81.66666666666667,39.5,29.666666666666668,12.5,31.0,7.5,23.5,18.833333333333332,14.666666666666666,1.2933333333333332,13.166666666666666,30.0,43.43333333333334,14.833333333333334,32.5,45.583333333333336,12.5,14.833333333333334,84.41333333333333,1.5,6.0,0.41333333333333333,3.1666666666666665,21.333333333333332,0.15,14.666666666666666,2.5,89.16666666666667
85,76,2020-11-19,2,1,2020-2021,Pato Basquete,UNIFACISA,1,67.33333333333333,20.666666666666668,30.0,16.666666666666668,34.556666666666665,13.0,21.55666666666667,12.11,11.776666666666666,1.0266666666666666,6.890000000000001,25.333333333333332,27.386666666666667,15.0,39.556666666666665,37.24333333333333,16.666666666666668,24.666666666666668,68.49,0.3333333333333333,6.223333333333334,0.5333333333333333,1.5566666666666666,22.333333333333332,0.07,11.776666666666666,2.5566666666666666,59.0,82.11,26.333333333333332,42.89000000000001,12.89,37.0,12.11,24.89,17.55666666666667,11.776666666666666,1.49,8.776666666666666,27.333333333333332,32.026666666666664,21.44333333333333,43.223333333333336,49.63666666666666,12.89,17.223333333333333,74.86,0.11,8.333333333333334,0.71,1.2233333333333334,21.223333333333333,0.06,11.776666666666666,2.0,89.77666666666666
67,82,2020-11-19,2,1,2020-2021,Fortaleza B. C. / CFO,Minas,0,71.5,21.375,40.5,9.625,38.6225,10.8775,27.7525,17.3725,13.1225,1.325,7.125,24.2525,29.3975,20.25,40.625,49.8075,9.625,14.375,67.0025,1.6275,6.0,0.4575,3.1225,21.0,0.1475,13.1225,3.5025,81.25,78.0,27.0,40.67,10.33,39.0,8.33,30.67,19.0,14.33,1.33,9.0,24.67,36.49,20.33,36.33,55.96,10.33,16.67,62.0,2.33,8.33,0.58,2.0,20.67,0.10000000000000002,14.33,3.0,94.0
73,100,2020-11-19,2,1,2020-2021,Pinheiros,São Paulo,0,67.5,16.5,39.0,12.0,36.835,12.835,24.0,16.335,14.835,1.1,5.5,20.0,28.2,19.5,47.665,40.975,12.0,16.0,74.9,1.165,6.835,0.485,0.835,21.835,0.035,14.835,1.665,66.83500000000001,103.83500000000001,44.5,44.335,15.0,38.5,7.165,31.335,20.0,10.165,1.9749999999999999,14.835,32.165,46.05,22.165,34.5,65.16499999999999,15.0,18.165,82.43,4.0,8.665,0.855,2.665,16.5,0.165,10.165,1.335,130.665
94,82,2020-11-19,2,1,2020-2021,Sesi Franca,Mogi,1,86.0,26.0,40.666666666666664,19.333333333333332,37.556666666666665,10.89,26.666666666666668,20.11,12.556666666666667,1.6033333333333333,8.666666666666666,22.55666666666667,38.093333333333334,20.333333333333332,39.443333333333335,51.60333333333333,19.333333333333332,23.0,84.10666666666667,3.4433333333333334,5.5566666666666675,0.44333333333333336,2.11,19.89,0.11333333333333334,12.556666666666667,1.11,102.11,81.75,31.5,39.5,10.75,31.5,9.25,22.25,20.0,17.5,1.155,10.5,28.0,37.745000000000005,19.75,35.25,56.08,10.75,15.75,74.55499999999999,1.0,7.25,0.41500000000000004,2.25,23.5,0.095,17.5,2.25,87.25
72,61,2020-11-20,2,1,2020-2021,Paulistano,Cerrado,1,75.33500000000001,28.0,34.665,12.665,42.335,12.165,30.165,16.835,10.5,1.6099999999999999,9.335,26.0,35.615,17.335,37.835,45.855000000000004,12.665,14.5,87.3,1.0,6.665,0.635,2.5,16.665,0.15,10.5,2.5,94.16499999999999,73.67,26.0,35.33,12.33,33.33,12.33,21.0,12.67,13.67,0.93,8.67,26.0,33.33,17.67,37.33,47.32,12.33,15.67,78.72,0.33,6.67,0.49,2.67,18.67,0.14,13.67,2.33,75.0
74,54,2020-11-20,2,1,2020-2021,Bauru Basket,Caxias do Sul Basquete,1,85.55333333333333,26.333333333333332,43.333333333333336,15.886666666666665,37.88666666666666,12.113333333333335,25.78,17.22,12.446666666666667,1.46,8.780000000000001,23.666666666666668,36.88666666666666,21.666666666666668,40.553333333333335,53.336666666666666,15.886666666666665,19.44666666666667,81.62333333333333,1.22,9.780000000000001,0.79,1.0,22.666666666666668,0.04666666666666667,12.446666666666667,2.6666666666666665,101.66666666666667,66.67,23.0,34.67,9.0,35.0,9.67,25.33,14.67,13.33,1.1,7.67,23.33,32.86,17.33,36.33,47.71,9.0,15.0,60.0,1.0,5.33,0.4,2.33,19.33,0.12,13.33,1.67,70.0
78,63,2020-11-20,2,1,2020-2021,Flamengo,VipTech CMB,1,90.0,35.0,38.67,16.33,46.0,13.0,33.0,21.67,13.33,1.63,11.67,36.0,32.41,19.33,32.67,59.18,16.33,23.0,71.01,1.33,6.669999999999999,0.5,2.67,15.67,0.17,13.33,1.0,109.33,68.3775,27.0,32.0025,9.375,38.6225,13.2525,25.3775,16.875,15.0025,1.1275,9.0025,29.8725,30.355,15.997499999999999,34.0,47.0575,9.375,14.6275,64.17750000000001,0.375,3.2475,0.215,2.4975,20.0025,0.125,15.0025,2.375,70.5
90,96,2020-11-21,2,1,2020-2021,São Paulo,Sesi Franca,0,102.78000000000002,43.333333333333336,43.78,15.666666666666666,37.333333333333336,7.553333333333334,29.78,19.0,10.219999999999999,1.8666666666666665,14.446666666666667,31.886666666666667,45.24,21.886666666666667,35.666666666666664,62.15666666666666,15.666666666666666,18.886666666666667,82.82333333333334,3.6666666666666665,8.553333333333333,0.84,2.5533333333333332,16.666666666666668,0.15666666666666668,10.219999999999999,1.4466666666666665,125.55333333333333,87.5,27.75,40.5,19.25,36.835,10.835,26.0,19.915,12.585,1.585,9.25,23.335,39.285,20.25,38.915,52.095,19.25,22.75,84.67,2.915,5.835000000000001,0.465,2.415,19.085,0.135,12.585,1.415,103.66499999999999
108,99,2020-11-21,2,1,2020-2021,Minas,UNIFACISA,1,82.25,28.875,41.5025,11.8725,39.125,8.7475,30.3775,20.0,14.3725,1.395,9.625,24.5025,39.3475,20.7475,37.3725,55.55,11.8725,17.6275,66.6225,1.9975,7.8725000000000005,0.5475,2.375,21.0025,0.11500000000000002,14.3725,2.875,100.0,81.91499999999999,25.25,43.33500000000001,13.335,37.25,11.915,25.335,17.585,11.915,1.4749999999999999,8.415,26.5,31.66,21.665,43.83500000000001,49.455,13.335,17.835,74.78999999999999,0.165,8.25,0.695,1.335,20.835,0.065,11.915,1.75,89.66499999999999
84,78,2020-11-21,2,1,2020-2021,Brasília,Pinheiros,1,68.55333333333333,24.0,32.22,12.333333333333334,31.666666666666668,7.0,24.666666666666668,15.780000000000001,14.553333333333333,1.09,8.0,22.886666666666667,34.99,16.113333333333333,33.22,48.46333333333333,12.333333333333334,17.886666666666667,70.7,0.22,4.446666666666666,0.2966666666666667,2.3333333333333335,14.113333333333335,0.17,14.553333333333333,3.0,70.66666666666667,70.0,19.0,39.333333333333336,11.666666666666666,36.446666666666665,12.446666666666667,24.0,17.113333333333333,15.446666666666667,1.1066666666666667,6.333333333333333,19.666666666666668,32.836666666666666,19.666666666666668,47.22,41.70666666666667,11.666666666666666,15.666666666666666,74.37666666666667,1.22,6.113333333333333,0.4166666666666667,0.7799999999999999,21.44666666666667,0.03333333333333333,15.446666666666667,2.22,70.11333333333334
62,86,2020-11-22,2,1,2020-2021,Caxias do Sul Basquete,Paulistano,0,66.67,23.0,34.67,9.0,35.0,9.67,25.33,14.67,13.33,1.1,7.67,23.33,32.86,17.33,36.33,47.71,9.0,15.0,60.0,1.0,5.33,0.4,2.33,19.33,0.12,13.33,1.67,70.0,76.11333333333334,26.333333333333332,36.88666666666666,12.886666666666665,41.11333333333334,11.219999999999999,29.886666666666667,16.78,10.666666666666666,1.58,8.780000000000001,25.333333333333332,34.39,18.44666666666667,37.78,48.86000000000001,12.886666666666665,14.666666666666666,87.83,1.3333333333333333,6.886666666666667,0.6466666666666666,2.6666666666666665,16.55333333333333,0.16,10.666666666666666,2.3333333333333335,95.21999999999998
105,70,2020-11-22,2,1,2020-2021,Flamengo,Pato Basquete,1,90.375,35.625,38.0025,16.7475,45.625,12.5,33.125,21.8775,13.2475,1.6549999999999998,11.8775,35.75,33.235,18.9975,32.0025,59.385,16.7475,22.625,74.1875,1.2475,7.3774999999999995,0.5575,2.8775,15.5025,0.185,13.2475,1.375,112.1225,70.25,20.5,33.0,16.75,36.835,13.75,23.085,12.665,11.915,1.06,6.835000000000001,24.5,28.115,16.5,41.835,38.72,16.75,23.75,71.605,0.5,6.085000000000001,0.515,1.585,22.5,0.07,11.915,2.585,65.5
71,85,2020-11-23,3,1,2020-2021,Brasília,Corinthians,0,69.99749999999999,24.0,32.9975,13.0,31.75,7.25,24.5,15.752500000000001,14.747499999999999,1.0725,8.0,22.7475,35.1975,16.5025,33.2475,49.5975,13.0,18.9975,69.815,0.2475,4.7524999999999995,0.315,2.25,14.252500000000001,0.1625,14.747499999999999,3.0,72.25,80.0,36.75,30.5,12.75,32.0,7.5,24.5,18.75,15.0,1.26,12.25,29.0,41.71,15.25,32.75,46.5,12.75,15.25,83.76499999999999,1.75,6.0,0.405,3.5,21.25,0.16499999999999998,15.0,2.75,88.5
81,75,2020-11-23,3,1,2020-2021,Mogi,Cerrado,1,80.66666666666667,33.0,38.0,9.666666666666666,33.333333333333336,10.333333333333334,23.0,19.666666666666668,18.0,1.1033333333333333,11.0,29.666666666666668,37.28333333333334,19.0,35.333333333333336,53.81999999999999,9.666666666666666,13.333333333333334,79.11666666666666,1.3333333333333333,7.333333333333333,0.40666666666666673,2.0,23.0,0.08666666666666667,18.0,2.6666666666666665,86.33333333333333,73.67,26.0,35.33,12.33,33.33,12.33,21.0,12.67,13.67,0.93,8.67,26.0,33.33,17.67,37.33,47.32,12.33,15.67,78.72,0.33,6.669999999999999,0.49,2.67,18.67,0.14,13.67,2.33,75.0
67,63,2020-11-25,3,1,2020-2021,Cerrado,Caxias do Sul Basquete,1,73.0025,25.125,34.7475,13.1225,33.3725,11.6225,21.75,13.8775,13.0025,1.095,8.3775,25.375,32.975,17.3775,36.3725,47.8025,13.1225,16.752499999999998,78.41499999999999,0.7475,7.0024999999999995,0.55,2.1275,19.3775,0.11000000000000001,13.0025,2.2475,76.75,66.67,23.0,34.67,9.0,35.0,9.67,25.33,14.67,13.33,1.1,7.669999999999999,23.33,32.86,17.33,36.33,47.71,9.0,15.0,60.0,1.0,5.33,0.4000000000000001,2.33,19.33,0.12,13.33,1.67,70.0
81,87,2020-11-28,3,1,2020-2021,Corinthians,Mogi,0,80.6,35.4,31.0,14.2,33.5,8.2,25.3,18.3,14.2,1.308,11.8,29.8,39.428000000000004,15.5,32.5,47.676,14.2,17.1,83.338,1.8,6.1,0.442,3.1,20.8,0.14799999999999996,14.2,2.7,89.5,81.5,34.125,37.0,10.375,33.5,9.625,23.875,20.125,16.75,1.24,11.375,29.25,39.1225,18.5,34.375,53.857499999999995,10.375,13.875,79.5,1.0,7.0,0.42000000000000004,2.0,22.625,0.0875,16.75,2.375,90.125
67,75,2020-12-02,4,1,2020-2021,Cerrado,UNIFACISA,0,72.602,24.6,34.398,13.598000000000003,33.398,11.198,22.2,14.601999999999999,12.602,1.194,8.202,25.0,32.762,17.202,35.798,48.092,13.598000000000003,17.401999999999997,78.232,0.998,7.202,0.5860000000000001,1.802,19.802,0.09200000000000001,12.602,2.198,77.8,81.79799999999999,24.6,43.60200000000001,13.602,37.4,11.797999999999998,25.601999999999997,17.602,11.998,1.4659999999999997,8.197999999999999,26.0,31.439999999999998,21.798,44.20200000000001,49.346,13.602,18.202,74.74799999999999,0.198,8.2,0.6859999999999999,1.402,20.602,0.068,11.998,1.6,89.59799999999998
85,78,2020-12-02,4,1,2020-2021,Fortaleza B. C. / CFO,Caxias do Sul Basquete,1,70.6,21.6,39.6,9.4,37.598,10.402,27.201999999999998,16.798,12.998000000000001,1.292,7.2,24.602,29.288,19.8,40.4,48.959999999999994,9.4,14.0,67.202,1.6019999999999999,6.0,0.462,2.998,20.4,0.146,12.998000000000001,3.4019999999999997,78.4,65.7525,20.25,35.0025,10.5,35.0,10.2525,24.7475,14.5025,13.7475,1.0575,6.7524999999999995,21.4975,30.895,17.4975,36.7475,47.625,10.5,16.75,62.045,1.0,5.9975000000000005,0.43250000000000005,1.9975,18.9975,0.105,13.7475,2.0025,69.25
105,100,2020-12-02,4,1,2020-2021,Minas,BRB/Brasília,1,84.8,30.0,42.001999999999995,12.798,39.2,8.998000000000001,30.201999999999998,20.6,14.398000000000001,1.434,10.0,24.402,41.062,20.997999999999998,37.998000000000005,55.303999999999995,12.798,18.202,69.396,1.798,7.598000000000001,0.528,2.6,21.202,0.12400000000000003,14.398000000000001,2.8,103.6,0.0,0.0,0.0,0.0,0.0,0.0,0.0,0.0,0.0,0.0,0.0,0.0,0.0,0.0,0.0,0.0,0.0,0.0,0.0,0.0,0.0,0.0,0.0,0.0,0.0,0.0,0.0,0.0
64,86,2020-12-03,4,1,2020-2021,Pato Basquete,Sesi Franca,0,72.0,20.4,34.8,16.8,38.202,14.2,24.002000000000002,12.998,11.998,1.08,6.802000000000001,24.0,28.552,17.4,43.202,39.606,16.8,23.2,73.474,0.6,6.002000000000001,0.504,1.6019999999999999,22.6,0.07,11.998,2.602,69.4,88.4,28.8,40.4,19.2,36.402,10.802000000000001,25.6,19.798,12.602,1.574,9.6,23.802,40.0,20.2,38.598,52.39,19.2,22.6,85.00800000000001,2.598,6.002000000000001,0.47800000000000004,2.598,18.602,0.148,12.602,1.598,104.598
62,95,2020-12-03,4,1,2020-2021,Pinheiros,Flamengo,0,71.25,20.25,39.5,11.5,36.2525,12.252500000000001,24.0,17.5025,15.752500000000001,1.11,6.75,19.5,35.155,19.75,46.9975,42.072500000000005,11.5,15.5,74.115,1.2475,5.7524999999999995,0.3825,0.7525,21.2525,0.0325,15.752500000000001,2.4975,71.75250000000001,90.6,36.0,37.602,16.997999999999998,45.4,12.2,33.2,22.002000000000002,13.198000000000002,1.67,12.001999999999999,35.6,33.730000000000004,18.798,31.601999999999997,59.507999999999996,16.997999999999998,22.4,76.09400000000001,1.198,7.802,0.592,3.002,15.401999999999997,0.194,13.198000000000002,1.6,113.798
92,79,2020-12-03,4,1,2020-2021,São Paulo,VipTech CMB,1,102.25250000000001,42.75,43.5025,16.0,36.75,7.7475000000000005,29.0025,18.5,10.247499999999999,1.8125,14.252500000000001,31.7475,44.835,21.7475,36.25,60.65249999999999,16.0,19.2475,83.02000000000001,3.5,8.497499999999999,0.8325,2.4975,16.75,0.15250000000000002,10.247499999999999,1.5025,122.99749999999999,68.80199999999999,29.4,30.401999999999997,9.0,37.598,12.402,25.202,16.8,15.201999999999998,1.108,9.802,29.598000000000003,33.406,15.197999999999999,34.0,44.70399999999999,9.0,14.001999999999999,64.38600000000001,0.6,3.7980000000000005,0.248,2.598,20.202,0.128,15.201999999999998,2.6,70.8
63,94,2020-12-04,4,1,2020-2021,Caxias do Sul Basquete,Minas,0,66.336,20.8,34.001999999999995,11.534,34.4,10.202,24.198,13.535999999999998,13.798000000000002,0.984,6.936,22.398,30.613999999999997,16.997999999999998,36.132000000000005,47.010000000000005,11.534,18.066,63.064,1.066,5.732000000000001,0.41200000000000003,1.732,20.264,0.09,13.798000000000002,2.068,66.8,88.934,30.6,42.934000000000005,15.398,40.0,10.132,29.868000000000002,21.066,14.398,1.466,10.2,25.202,40.739999999999995,21.466,38.866,55.260000000000005,15.398,20.334,74.07000000000001,1.532,7.465999999999999,0.518,2.666,21.802,0.124,14.398,2.866,108.4
91,74,2020-12-04,4,1,2020-2021,UNIFACISA,BRB/Brasília,1,82.36399999999999,24.5,44.66799999999999,13.202000000000002,38.166,11.764,26.401999999999997,17.368000000000002,12.431999999999999,1.402,8.163999999999998,25.2,32.354,22.332,44.068,50.797999999999995,13.202000000000002,17.802,74.03399999999999,0.532,7.965999999999999,0.646,1.536,20.402,0.07400000000000001,12.431999999999999,1.434,91.59799999999998,79.0,32.0,27.33,19.67,38.33,14.33,24.0,13.33,17.67,0.75,10.67,35.33,30.19,13.67,29.67,46.07,19.67,26.33,74.68,1.33,6.0,0.34,2.33,19.33,0.12,17.67,4.33,74.0
69,62,2020-12-04,4,1,2020-2021,Paulistano,Mogi,1,76.50250000000001,25.5,37.9975,12.997499999999999,40.5025,10.747499999999999,29.7475,16.7525,10.75,1.565,8.502500000000001,25.0,33.7775,19.0025,37.7525,50.362500000000004,12.997499999999999,14.75,88.095,1.5,6.9975000000000005,0.6525,2.75,16.4975,0.16499999999999998,10.75,2.25,95.74749999999999,82.0,34.8,36.4,10.8,33.6,9.2,24.4,20.4,16.0,1.3219999999999998,11.6,29.0,40.226,18.2,33.8,53.879999999999995,10.8,14.2,79.72999999999999,0.8,6.8,0.42800000000000005,2.0,22.4,0.088,16.0,2.2,92.4
73,75,2020-12-04,4,1,2020-2021,Cerrado,Fortaleza B. C. / CFO,0,72.334,23.6,34.932,13.797999999999998,34.798,10.866,23.934,14.668000000000001,12.468,1.208,7.868,24.934,31.55,17.468,35.866,48.715999999999994,13.797999999999998,18.134,76.282,1.1320000000000001,6.934,0.5700000000000001,1.668,20.202,0.084,12.468,1.998,78.134,71.4,22.0,38.266,11.134,37.198,9.802000000000001,27.401999999999997,15.331999999999999,12.866,1.19,7.3340000000000005,24.334,30.238,19.134,40.065999999999995,47.7,11.134,16.2,68.22600000000001,1.468,6.2,0.48200000000000004,3.198,20.666,0.154,12.866,3.002,77.466
79,66,2020-12-05,4,1,2020-2021,VipTech CMB,Pinheiros,1,71.06800000000001,31.4,30.468,9.2,37.232,11.068000000000001,26.168,16.7,14.568000000000001,1.162,10.468,29.332,35.938,15.232,34.4,44.23,9.2,14.368,64.19200000000001,0.8,4.532,0.32,2.332,20.668,0.11400000000000002,14.568000000000001,2.7,74.1,69.8,21.0,38.0,10.8,35.501999999999995,11.302000000000001,24.2,17.102,15.902000000000001,1.076,7.0,20.2,35.08,19.0,45.598,41.658,10.8,15.5,69.614,1.098,6.101999999999999,0.396,1.302,20.902,0.062,15.902000000000001,2.398,69.40200000000002
71,80,2020-12-05,4,1,2020-2021,Pato Basquete,São Paulo,0,73.2,18.0,40.0,15.2,38.501999999999995,13.5,25.002000000000002,12.998,11.898,1.088,6.002,22.2,26.7,20.0,45.802,43.164,15.2,21.1,71.648,0.8,6.802,0.58,1.302,22.8,0.05600000000000001,11.898,2.402,73.0,99.00200000000001,41.1,42.602,15.3,37.4,8.798,28.601999999999997,18.2,10.297999999999998,1.7740000000000002,13.702000000000002,31.298000000000002,43.664,21.298,36.5,58.92199999999999,15.3,19.398,78.91600000000001,3.4,8.498,0.8280000000000001,3.098,16.7,0.18800000000000003,10.297999999999998,1.402,118.998
93,62,2020-12-05,4,1,2020-2021,Flamengo,Sesi Franca,1,91.4,38.9,36.068,16.432,47.0,13.3,33.7,21.768,12.732,1.716,12.968,37.1,34.834,18.032,31.868000000000002,56.790000000000006,16.432,21.4,76.89200000000001,1.232,8.268,0.6559999999999999,2.668,15.168000000000001,0.17400000000000002,12.732,1.7,115.43199999999999,86.6,27.9,40.0,18.7,38.001999999999995,10.902000000000001,27.1,19.098,13.302000000000001,1.4580000000000002,9.3,24.202,38.076,20.0,38.798,51.664,18.7,22.2,84.226,1.798,5.601999999999999,0.43600000000000005,2.798,18.102,0.16,13.302000000000001,1.598,101.59799999999998
82,67,2020-12-05,4,1,2020-2021,Bauru Basket,Corinthians,1,84.99749999999999,25.5,44.0,15.497499999999999,38.2475,12.002500000000001,26.2525,17.4975,12.002500000000001,1.525,8.502500000000001,23.5,35.9975,22.0,40.9975,53.584999999999994,15.497499999999999,19.0025,81.5,1.2475,9.502500000000001,0.795,1.0,22.5,0.0475,12.002500000000001,2.5,101.75,80.2,32.4,32.0,15.8,35.6,8.9,26.7,17.8,13.6,1.3359999999999999,10.8,30.0,36.11200000000001,16.0,32.4,49.402,15.8,19.2,82.52199999999999,2.0,6.2,0.4739999999999999,2.9,20.3,0.13999999999999996,13.6,2.8,90.1
71,63,2020-12-06,4,1,2020-2021,Fortaleza B. C. / CFO,BRB/Brasília,1,72.2,22.4,36.931999999999995,12.868,36.798,9.202000000000002,27.601999999999997,13.866,12.734,1.088,7.468000000000001,24.066,31.188,18.468,39.73199999999999,46.44,12.868,18.4,69.25000000000001,1.334,6.4,0.502,3.3980000000000006,20.932,0.162,12.734,2.602,76.532,79.0,32.0,27.33,19.67,38.33,14.33,24.0,13.33,17.67,0.75,10.67,35.33,30.19,13.67,29.67,46.07,19.67,26.33,74.68,1.33,6.0,0.34,2.33,19.33,0.12,17.67,4.33,74.0
97,77,2020-12-06,4,1,2020-2021,Minas,Cerrado,1,93.06800000000001,31.2,43.866,17.997999999999998,40.8,11.266,29.534000000000002,21.532,14.398,1.498,10.4,26.002,40.41799999999999,21.934,39.734,55.215999999999994,17.997999999999998,22.466,78.744,1.266,7.3340000000000005,0.508,2.732,22.402,0.124,14.398,2.932,113.2,72.066,22.6,35.465999999999994,13.998,36.198,10.534,25.668,14.734,12.334,1.222,7.534000000000001,24.868000000000002,30.338,17.734,35.934000000000005,49.339999999999996,13.998,18.866,74.332,1.266,6.6659999999999995,0.554,1.534,20.602,0.076,12.334,1.798,78.468
65,90,2020-12-06,4,1,2020-2021,Caxias do Sul Basquete,UNIFACISA,0,66.736,20.8,33.068,12.868,33.8,10.268,23.532,12.536000000000001,13.931999999999999,0.9019999999999999,6.936,22.932,29.939999999999998,16.532,35.6,46.378,12.868,19.732,64.49199999999999,1.1320000000000001,5.6,0.398,1.4,21.464,0.072,13.931999999999999,2.2,64.2,82.92999999999999,24.4,45.733999999999995,12.801999999999998,38.931999999999995,11.73,27.201999999999998,17.134,12.866,1.338,8.129999999999999,24.4,33.267999999999994,22.866,43.93399999999999,52.25,12.801999999999998,17.402,73.32000000000001,0.866,7.731999999999999,0.6060000000000001,1.67,20.202,0.08,12.866,1.268,93.598
85,77,2020-12-07,5,1,2020-2021,Pinheiros,Pato Basquete,1,70.6,24.0,36.8,9.8,34.402,10.001999999999999,24.4,17.402,16.602,1.048,8.0,20.6,39.178000000000004,18.4,43.798,41.902,9.8,15.2,64.64200000000001,0.998,5.802,0.348,1.802,20.202,0.09,16.602,2.798,70.002,74.4,15.6,45.2,13.6,38.802,12.8,26.002,12.998000000000001,11.798,1.0959999999999999,5.202,20.4,24.848000000000003,22.6,48.402,46.721999999999994,13.6,19.0,69.822,1.0,7.601999999999999,0.656,1.002,23.0,0.042,11.798,2.202,76.6
95,58,2020-12-07,5,1,2020-2021,Sesi Franca,VipTech CMB,1,84.8,27.0,39.6,18.2,39.602,11.001999999999999,28.6,18.398,14.001999999999999,1.342,9.0,24.602,36.152,19.8,38.998000000000005,50.938,18.2,21.8,83.44399999999999,0.998,5.202,0.394,2.998,17.602,0.17200000000000001,14.001999999999999,1.598,98.598,73.334,33.4,30.534000000000002,9.4,36.866,9.734,27.134000000000004,16.6,13.934000000000001,1.2159999999999997,11.134,29.065999999999995,38.47,15.266,34.8,43.75600000000001,9.4,14.734,63.998000000000005,1.0,5.266,0.392,2.066,21.134,0.1,13.934000000000001,2.8,77.4
81,62,2020-12-08,5,1,2020-2021,Bauru Basket,Paulistano,1,84.398,27.6,41.2,15.597999999999999,37.998000000000005,11.402000000000001,26.601999999999997,17.598,11.802000000000001,1.5479999999999998,9.202000000000002,24.0,38.028000000000006,20.6,39.398,51.95799999999999,15.597999999999999,19.802,79.114,1.3980000000000001,9.802000000000001,0.836,0.8,22.0,0.038,11.802000000000001,2.2,101.0,75.00200000000001,24.6,37.998000000000005,12.398,41.602,10.998,30.598000000000003,17.402,11.0,1.5859999999999999,8.202000000000002,25.2,32.406000000000006,19.002000000000002,38.202,49.790000000000006,12.398,15.0,82.976,1.6,7.398000000000001,0.6719999999999999,2.4,17.598,0.142,11.0,2.0,93.99799999999999
80,68,2020-12-08,5,1,2020-2021,São Paulo,Flamengo,1,94.80199999999999,38.4,41.202,15.2,37.0,10.198,26.802,17.0,10.398,1.638,12.801999999999998,30.598000000000003,41.763999999999996,20.598,37.8,54.484,15.2,20.198,75.166,3.0,8.398,0.8100000000000002,3.5980000000000003,16.8,0.21600000000000003,10.398,1.402,110.398,92.2,41.8,34.534000000000006,15.866,48.6,14.4,34.2,21.534,12.266,1.762,13.934000000000001,38.6,35.938,17.266,32.134,54.072,15.866,20.4,77.69000000000001,1.266,8.734,0.72,2.334,14.934000000000001,0.154,12.266,1.8,117.06599999999999
94,74,2020-12-09,5,1,2020-2021,UNIFACISA,Corinthians,1,83.72999999999999,25.6,46.266,11.868,39.398,11.93,27.468,16.866,13.134,1.292,8.53,24.6,34.62199999999999,23.134,43.065999999999995,53.919999999999995,11.868,16.268,72.69,1.134,7.597999999999999,0.584,1.67,20.468,0.08,13.134,1.402,95.732,76.6,27.6,32.8,16.2,36.6,9.2,27.4,17.0,13.6,1.278,9.2,28.6,32.336,16.4,33.2,49.54,16.2,20.0,80.93599999999999,2.4,6.6,0.502,2.8,20.0,0.13599999999999998,13.6,2.4,86.0
80,79,2020-12-10,5,1,2020-2021,Pato Basquete,Bauru Basket,1,73.6,16.4,44.4,12.8,37.734,11.934000000000001,25.802,13.398,12.597999999999999,1.064,5.468,20.4,26.060000000000002,22.2,46.868,47.36,12.8,18.4,68.076,1.066,8.134,0.666,1.534,21.934,0.078,12.597999999999999,2.468,76.6,81.932,26.8,41.065999999999995,14.064000000000002,37.263999999999996,10.336,26.936,17.997999999999998,10.936,1.652,8.936,24.466,36.302,20.534,38.598,53.001999999999995,14.064000000000002,18.268,77.374,1.532,9.202,0.8400000000000001,0.8,20.866,0.04,10.936,2.0,98.466
104,76,2020-12-10,5,1,2020-2021,Flamengo,Paulistano,1,91.666,43.8,32.666,15.2,47.2,13.8,33.4,21.0,11.934000000000001,1.762,14.6,39.0,37.35,16.334,31.065999999999995,52.968,15.2,18.934,80.084,1.066,8.2,0.688,2.066,14.934000000000001,0.138,11.934000000000001,2.134,115.33399999999999,74.602,23.8,38.932,11.864,40.001999999999995,10.932,29.064,17.002000000000002,12.065999999999999,1.4420000000000002,7.936,25.2,31.452000000000005,19.468,38.602,50.588,11.864,14.666,80.97,2.0,7.264,0.6220000000000001,2.134,17.863999999999997,0.12600000000000003,12.065999999999999,1.8,89.732
98,91,2020-12-11,5,1,2020-2021,Mogi,UNIFACISA,1,77.4,34.2,32.0,11.2,36.4,9.6,26.8,19.6,15.8,1.286,11.4,30.2,37.918,16.0,32.0,49.769999999999996,11.2,14.4,80.89,1.2,6.8,0.434,1.4,21.6,0.064,15.8,2.4,87.8,85.964,28.4,46.73199999999999,10.834,39.898,11.564,28.334000000000003,16.332,12.968,1.266,9.464,25.2,37.398,23.368000000000002,42.431999999999995,55.19599999999999,10.834,14.934000000000001,72.39,1.468,7.098000000000001,0.55,1.8359999999999999,20.734,0.088,12.968,1.6019999999999999,99.26599999999999
79,72,2020-12-11,5,1,2020-2021,Pinheiros,Caxias do Sul Basquete,1,71.866,25.8,35.6,10.466,35.068,10.134,24.934,17.068,16.202,1.056,8.6,22.4,38.614,17.8,41.998000000000005,42.376,10.466,16.266,64.074,0.732,6.3340000000000005,0.392,2.134,20.268,0.10600000000000001,16.202,2.732,72.468,67.13600000000001,20.8,32.134,14.202000000000002,33.2,10.334,22.866,11.536000000000001,14.065999999999999,0.82,6.936,23.466,29.266,16.066,35.068000000000005,45.746,14.202000000000002,21.398,65.91999999999999,1.198,5.468000000000001,0.384,1.068,22.663999999999998,0.054000000000000006,14.065999999999999,2.332,61.6
80,104,2020-12-11,5,1,2020-2021,BRB/Brasília,São Paulo,0,79.0,32.0,27.33,19.67,38.33,14.33,24.0,13.33,17.67,0.75,10.67,35.33,30.19,13.67,29.67,46.07,19.67,26.33,74.68,1.33,6.0,0.34,2.33,19.33,0.12,17.67,4.33,74.0,94.20200000000001,37.0,42.534000000000006,14.666,37.4,9.866,27.534000000000002,18.2,10.065999999999999,1.8379999999999999,12.334,30.465999999999998,40.432,21.266,37.866,56.126,14.666,19.398,75.99600000000001,3.4,8.597999999999999,0.8640000000000001,3.4659999999999997,16.534,0.21000000000000005,10.065999999999999,1.6019999999999999,112.332
73,90,2020-12-12,5,1,2020-2021,Bauru Basket,Flamengo,0,80.8,28.0,39.331999999999994,13.463999999999999,35.664,9.536000000000001,26.136000000000003,17.732,11.136000000000001,1.6,9.336,25.332,36.71,19.668,36.732,53.45,13.463999999999999,17.8,75.92999999999999,1.6,9.268,0.8320000000000001,0.8,20.131999999999998,0.04,11.136000000000001,2.2,95.732,90.832,45.3,31.332,14.2,46.1,13.6,32.5,20.3,11.668000000000001,1.7420000000000002,15.1,39.6,38.102,15.668000000000001,30.532,51.7,14.2,17.768,79.936,0.932,7.1,0.6099999999999999,1.6320000000000001,15.068000000000001,0.11000000000000001,11.668000000000001,2.168,111.36800000000001
75,68,2020-12-12,5,1,2020-2021,Paulistano,Pato Basquete,1,73.268,25.0,37.2,11.063999999999998,39.868,12.0,27.863999999999997,16.668,12.931999999999999,1.334,8.336,26.0,31.968000000000007,18.6,39.068,47.779999999999994,11.063999999999998,14.132,78.328,2.0,6.864,0.558,1.668,18.264,0.09799999999999999,12.931999999999999,1.8,84.2,72.8,17.2,43.6,12.0,36.666,11.068000000000001,25.601999999999997,13.797999999999998,13.398,1.032,5.734,20.4,27.272000000000002,21.8,45.334,47.998000000000005,12.0,17.8,66.33,1.1320000000000001,8.666,0.6759999999999999,2.066,20.868000000000002,0.11400000000000002,13.398,2.734,76.6
90,93,2020-12-13,5,1,2020-2021,Sesi Franca,BRB/Brasília,0,84.9,27.6,40.2,17.1,42.368,11.168000000000001,31.2,20.332,14.568000000000001,1.41,9.2,26.068,34.852,20.1,39.532,50.974000000000004,17.1,20.6,83.048,1.032,5.768,0.41,3.032,18.468,0.166,14.568000000000001,1.432,102.032,80.875,33.75,28.9975,18.1275,38.4975,12.9975,25.5,14.9975,16.6275,0.9325,11.2525,35.6225,31.5475,14.5025,31.7525,45.737500000000004,18.1275,24.1225,75.295,0.9975,6.25,0.385,2.1225,18.7475,0.11249999999999999,16.6275,3.2475,78.5
80,77,2020-12-13,5,1,2020-2021,Pinheiros,Cerrado,1,73.13199999999999,27.6,34.4,11.132,35.734,10.266,25.468,16.734,15.802000000000001,1.064,9.2,24.2,38.05,17.2,40.198,42.85,11.132,17.332,63.50600000000001,0.466,6.866,0.43599999999999994,2.466,20.334,0.122,15.802000000000001,2.666,74.934,71.79799999999999,21.6,36.0,14.197999999999999,37.598,10.202000000000002,27.401999999999997,14.8,12.2,1.236,7.2,24.802,29.125999999999998,18.0,36.001999999999995,49.964,14.197999999999999,19.598,72.38199999999999,1.4,6.397999999999999,0.538,1.4,21.002000000000002,0.068,12.2,1.598,78.802
89,109,2020-12-13,5,1,2020-2021,Caxias do Sul Basquete,São Paulo,0,69.90200000000002,21.3,33.2,15.402000000000001,32.0,10.1,21.9,11.702000000000002,14.5,0.8,7.101999999999999,23.4,30.085999999999995,16.6,35.202,47.013999999999996,15.402000000000001,22.398,68.91999999999999,1.098,5.802,0.394,0.702,23.497999999999998,0.033999999999999996,14.5,2.398,63.7,93.602,35.6,43.866,14.132,37.8,9.534,28.266,19.4,9.734,2.0380000000000003,11.866,30.334000000000003,39.1,21.934,37.931999999999995,57.767999999999994,14.132,18.598,76.826,3.8,8.797999999999998,0.9179999999999999,3.3340000000000005,16.268,0.20400000000000001,9.734,1.802,114.26599999999999
85,88,2020-12-14,6,1,2020-2021,Fortaleza B. C. / CFO,Mogi,0,73.0,22.8,35.598,14.602,36.398,8.602,27.802,12.4,12.602,0.986,7.602000000000001,23.798,32.138,17.802,39.398,45.18000000000001,14.602,20.6,70.27400000000002,1.2,6.6,0.522,3.5980000000000003,21.198,0.17,12.602,2.202,75.59799999999998,81.3,33.0,34.6,13.7,37.2,8.9,28.3,20.4,13.2,1.8519999999999999,11.0,28.6,38.646,17.3,34.7,49.706,13.7,18.1,78.056,1.4,6.5,0.556,1.9,21.0,0.092,13.2,2.1,94.7
84,81,2020-12-15,6,1,2020-2021,Sesi Franca,Caxias do Sul Basquete,1,85.0,28.2,40.8,16.0,45.134,11.334,33.8,22.266,15.134,1.478,9.4,27.534000000000002,33.552,20.4,40.065999999999995,51.010000000000005,16.0,19.4,82.652,1.066,6.3340000000000005,0.426,3.066,19.334,0.16,15.134,1.266,105.46599999999998,73.402,24.0,34.0,15.401999999999997,30.8,9.4,21.4,12.001999999999999,14.6,0.8140000000000001,8.001999999999999,24.8,32.478,17.0,35.001999999999995,48.35,15.401999999999997,21.997999999999998,70.284,0.998,5.601999999999999,0.378,0.6020000000000001,24.598,0.026000000000000002,14.6,2.198,66.4
75,88,2020-12-15,6,1,2020-2021,VipTech CMB,Bauru Basket,0,71.4,34.2,28.0,9.2,36.4,9.4,27.0,15.4,14.8,1.1,11.4,30.4,38.28,14.0,33.4,41.708000000000006,9.2,15.4,60.706,1.2,6.0,0.42400000000000004,1.8,20.8,0.088,14.8,2.8,71.6,79.668,29.2,37.598,12.863999999999999,34.064,8.736,25.336000000000002,17.466,11.336000000000002,1.548,9.736,26.198,37.118,18.802,34.866,53.898,12.863999999999999,17.332,74.48599999999999,1.668,9.334,0.8240000000000001,0.8,19.398,0.04,11.336000000000002,2.4,92.99799999999999
91,83,2020-12-15,6,1,2020-2021,São Paulo,Cerrado,1,93.00200000000001,34.2,45.198,13.597999999999999,38.2,9.202000000000002,28.998,20.6,9.402000000000001,2.2380000000000004,11.398,30.201999999999998,37.768,22.602,37.998000000000005,59.40999999999999,13.597999999999999,17.798,77.65599999999999,4.2,8.998,0.9720000000000001,3.2019999999999995,16.002000000000002,0.198,9.402000000000001,2.002,116.2,72.99799999999999,23.7,35.4,13.898,39.498000000000005,10.302000000000001,29.201999999999998,14.7,12.6,1.1800000000000002,7.9,25.901999999999997,30.330000000000002,17.7,36.102,48.938,13.898,19.997999999999998,69.60999999999999,1.2,5.998,0.484,1.9,20.502000000000002,0.09600000000000002,12.6,1.598,80.00200000000001
74,80,2020-12-16,6,1,2020-2021,Mogi,Minas,0,81.8,32.7,33.8,15.3,36.7,8.2,28.5,21.0,12.5,1.936,10.9,27.5,39.738,16.9,34.2,49.239999999999995,15.3,20.1,77.16400000000002,1.2,6.3,0.562,2.0,20.7,0.098,12.5,2.1,96.6,97.20200000000001,31.8,44.79799999999999,20.598,41.6,12.4,29.2,21.997999999999998,14.398,1.53,10.6,26.802,40.096,22.402,40.602,55.172000000000004,20.598,24.598,83.418,1.0,7.202000000000001,0.49800000000000005,2.798,23.002000000000002,0.124,14.398,2.998,118.0
103,101,2020-12-17,6,1,2020-2021,Paulistano,VipTech CMB,1,71.934,26.2,35.468,10.264,39.734,13.068000000000001,26.663999999999998,16.334,13.797999999999998,1.2260000000000002,8.736,26.8,32.484,17.732,39.534000000000006,44.971999999999994,10.264,13.597999999999999,75.686,2.0,6.463999999999999,0.49400000000000005,1.202,18.663999999999998,0.06999999999999998,13.797999999999998,1.8,78.668,75.434,33.2,31.734,10.5,37.7,10.266,27.434000000000005,16.5,13.734,1.3059999999999998,11.065999999999999,30.5,36.974000000000004,15.866,35.134,44.65,10.5,16.9,62.398,1.1,5.866,0.44800000000000006,1.534,20.534,0.076,13.734,2.5,78.2
74,103,2020-12-18,6,1,2020-2021,BRB/Brasília,Flamengo,0,82.0,34.8,29.998,17.202,38.598,12.198,26.4,15.998000000000001,16.002000000000002,1.042,11.602,35.798,32.362,15.001999999999999,33.001999999999995,45.538000000000004,17.202,22.798,75.664,0.798,6.4,0.41200000000000003,1.998,18.398,0.10799999999999998,16.002000000000002,2.598,81.2,89.99799999999999,46.8,29.998,13.2,45.0,13.4,31.6,19.6,11.402000000000001,1.722,15.6,40.2,38.854,15.002,29.998,50.432,13.2,16.602,79.78800000000001,0.798,6.0,0.5319999999999999,1.198,15.202000000000002,0.082,11.402000000000001,2.202,107.402
92,85,2020-12-19,6,1,2020-2021,UNIFACISA,Sesi Franca,1,88.19800000000001,31.2,47.198,9.8,40.398,11.198,29.2,15.797999999999998,12.801999999999998,1.2399999999999998,10.398,25.8,40.174,23.602,41.798,56.472,9.8,13.6,72.09,1.802,6.598000000000001,0.516,2.002,21.0,0.096,12.801999999999998,1.802,102.8,83.5,27.9,39.8,15.8,44.4,11.2,33.2,22.5,14.8,1.544,9.3,28.0,32.48,19.9,39.4,50.59,15.8,19.9,80.074,1.2,6.2,0.43000000000000005,2.9,20.3,0.14400000000000002,14.8,1.1,102.4
96,92,2020-12-19,6,1,2020-2021,Minas,São Paulo,1,95.802,30.9,43.998000000000005,20.898,41.2,13.1,28.1,21.298,13.597999999999999,1.584,10.3,27.502,37.784000000000006,22.002000000000002,40.202,54.698,20.898,24.997999999999998,83.32000000000001,1.3,7.101999999999999,0.522,2.398,22.902,0.10600000000000001,13.597999999999999,2.898,114.7,94.102,34.5,44.998000000000005,14.597999999999999,36.8,8.402000000000001,28.398000000000003,20.1,9.502,2.178,11.498,29.302,39.572,22.502000000000002,37.298,60.186,14.597999999999999,17.698,83.104,4.1,8.297999999999998,0.9000000000000001,2.502,16.402,0.154,9.502,2.302,116.6
79,62,2020-12-19,6,1,2020-2021,Fortaleza B. C. / CFO,Pinheiros,1,76.0,21.9,38.398,15.702000000000002,36.298,8.202000000000002,28.101999999999997,13.1,13.002,1.002,7.302,23.198,31.585999999999995,19.202,39.998000000000005,47.830000000000005,15.702000000000002,21.7,72.23000000000002,1.1,8.2,0.6199999999999999,3.7980000000000005,21.497999999999998,0.178,13.002,2.102,81.698,74.398,29.4,33.2,11.797999999999998,36.4,10.398,26.002,16.4,15.402000000000001,1.072,9.8,26.0,37.486,16.6,38.398,43.324,11.797999999999998,18.398,62.938,0.2,7.397999999999999,0.48,2.798,20.4,0.13799999999999998,15.402000000000001,2.6,77.4
98,104,2020-12-20,6,1,2020-2021,BRB/Brasília,Pato Basquete,0,83.4,36.2,31.532,15.668000000000001,39.132,11.831999999999999,27.3,17.332,16.268,1.1019999999999999,12.068000000000001,35.832,33.648,15.768,34.168,46.184000000000005,15.668000000000001,21.432,73.036,0.532,6.5,0.41200000000000003,1.932,18.832,0.10199999999999998,16.268,2.132,84.1,72.0,18.0,42.8,11.2,35.598,10.202000000000002,25.402,14.197999999999999,14.197999999999999,1.0,6.0,20.4,28.484,21.4,43.8,48.636,11.2,17.2,64.584,1.198,9.197999999999999,0.6859999999999999,2.598,19.802,0.15,14.197999999999999,3.0,76.6
67,87,2020-12-20,6,1,2020-2021,Cerrado,Flamengo,0,73.798,24.6,36.8,12.398,39.398,10.501999999999999,28.901999999999997,14.2,12.4,1.1620000000000001,8.2,25.502000000000002,32.32000000000001,18.4,37.602,48.844,12.398,19.098,64.432,1.0,5.098000000000001,0.40800000000000003,2.0,19.902,0.10200000000000002,12.4,1.798,78.902,90.198,45.0,32.598,12.6,42.4,12.0,30.4,20.6,11.402000000000001,1.814,15.0,39.5,38.018,16.302,29.398000000000003,55.507999999999996,12.6,15.902000000000001,79.27000000000001,0.798,6.0,0.532,1.198,15.402000000000001,0.07999999999999999,11.402000000000001,2.602,108.102
76,96,2020-12-20,6,1,2020-2021,Caxias do Sul Basquete,VipTech CMB,0,75.36800000000001,22.4,37.8,15.168000000000001,31.2,9.3,21.9,12.968,14.9,0.8640000000000001,7.468000000000001,24.3,30.836000000000002,18.9,35.368,53.242,15.168000000000001,21.232,71.728,1.1320000000000001,5.768,0.382,0.768,24.131999999999998,0.034,14.9,2.532,71.8,79.468,32.2,35.468,11.8,39.0,11.132,27.868000000000002,17.6,12.668000000000001,1.512,10.732,30.6,35.66799999999999,17.732,36.86800000000001,47.592,11.8,18.4,64.09,1.0,5.731999999999999,0.4720000000000001,1.268,20.268,0.064,12.668000000000001,2.2,84.8
76,84,2020-12-21,7,1,2020-2021,Pinheiros,Minas,0,73.99799999999999,28.8,32.8,12.398,39.3,11.898,27.401999999999997,16.7,17.102,1.02,9.6,27.0,35.529999999999994,16.4,37.798,43.431999999999995,12.398,19.497999999999998,63.092,0.1,7.498,0.454,2.898,20.1,0.146,17.102,2.6,77.4,94.402,30.0,43.198,21.198,40.8,13.8,27.0,20.598,12.798,1.638,10.0,28.201999999999998,35.472,21.602,39.802,54.224000000000004,21.198,25.398,83.22200000000001,1.6,7.002,0.546,1.998,22.802,0.08800000000000001,12.798,2.798,111.4
98,81,2020-12-21,7,1,2020-2021,Sesi Franca,Fortaleza B. C. / CFO,1,85.6,30.6,39.0,16.0,41.2,10.9,30.3,23.2,13.8,1.7040000000000002,10.2,29.0,34.762,19.5,37.9,51.486000000000004,16.0,20.5,78.954,1.5,6.8,0.502,2.9,20.8,0.14200000000000002,13.8,1.3,104.2,79.0,21.0,41.198,16.802,36.198,7.802,28.401999999999997,13.8,13.401999999999997,1.018,7.002,22.598,31.034,20.602,40.598,50.48,16.802,22.8,74.18599999999999,1.0,9.8,0.718,3.998,21.798,0.186,13.401999999999997,2.002,87.798
77,65,2020-12-21,7,1,2020-2021,São Paulo,UNIFACISA,1,95.202,34.8,44.798,15.598000000000003,35.4,7.601999999999999,27.798000000000002,19.6,9.602,2.118,11.598,28.401999999999997,41.376,22.402,36.598,60.962,15.598000000000003,17.598,88.552,4.0,7.598000000000001,0.8280000000000001,1.802,16.802,0.11000000000000001,9.602,2.602,117.0,89.532,32.8,44.932,11.8,40.532,11.132,29.4,15.732,12.868,1.228,10.931999999999999,27.4,39.98,22.468,40.132,55.92999999999999,11.8,15.8,73.804,1.468,6.731999999999999,0.522,1.8679999999999999,21.0,0.09,12.868,2.268,103.4
79,68,2020-12-22,7,1,2020-2021,Pato Basquete,Cerrado,1,79.3,21.0,44.4,13.9,38.698,11.402000000000001,27.302,16.398,15.197999999999999,1.076,7.0,23.0,30.312,22.2,43.4,50.827999999999996,13.9,20.8,66.89999999999999,1.198,9.498,0.646,3.198,20.802,0.172,15.197999999999999,3.1,87.8,74.332,25.8,37.2,11.331999999999999,37.932,10.468,27.468,14.6,11.8,1.262,8.6,24.668,35.238,18.6,38.268,48.512,11.331999999999999,18.332,60.96,1.0,4.732,0.396,1.8,19.468,0.092,11.8,2.132,78.86800000000001
94,78,2020-12-22,7,1,2020-2021,VipTech CMB,BRB/Brasília,1,81.802,32.4,37.001999999999995,12.4,39.3,12.197999999999999,27.101999999999997,18.7,12.502,1.6380000000000003,10.797999999999998,30.6,35.898,18.497999999999998,38.202,47.87,12.4,18.7,66.254,1.0,5.597999999999999,0.46799999999999997,1.402,19.802,0.07,12.502,2.1,88.5,84.8,37.6,33.065999999999995,14.134,39.666,11.466,28.2,18.666,16.534,1.162,12.534,35.866,34.934000000000005,16.534,35.334,46.830000000000005,14.134,20.066,70.408,0.266,6.6,0.41200000000000003,1.866,19.266,0.096,16.534,1.666,87.0
80,76,2020-12-22,7,1,2020-2021,Flamengo,Caxias do Sul Basquete,1,90.398,43.2,35.198,12.0,39.8,10.6,29.2,21.6,11.402,1.906,14.4,38.8,37.182,17.601999999999997,28.798000000000002,60.58399999999999,12.0,15.201999999999998,78.752,0.798,6.0,0.5319999999999999,1.198,15.601999999999999,0.078,11.402,3.002,108.80199999999999,77.334,20.8,41.6,14.934000000000001,31.6,9.2,22.4,13.934000000000001,15.2,0.914,6.934,23.8,29.194,20.8,35.734,58.13399999999999,14.934000000000001,20.466,73.172,1.266,5.934,0.386,0.9339999999999999,23.666,0.042,15.2,2.866,77.2
72,84,2020-12-23,7,1,2020-2021,UNIFACISA,Pinheiros,0,86.166,31.4,42.465999999999994,12.3,38.866,10.366,28.5,15.666,12.934000000000001,1.2159999999999997,10.466,28.0,37.513999999999996,21.234,38.866,54.477999999999994,12.3,16.0,76.184,1.234,6.766,0.522,1.634,20.9,0.078,12.934000000000001,2.234,97.3,77.19800000000001,29.4,33.6,14.198000000000002,40.0,12.398,27.601999999999997,17.0,16.502,1.0839999999999999,9.8,27.3,35.92,16.8,37.598,44.662,14.198000000000002,20.798,68.22399999999999,0.1,7.698,0.49000000000000005,2.598,20.2,0.13,16.502,2.6,83.1
89,82,2020-12-23,7,1,2020-2021,Minas,Sesi Franca,1,91.968,31.8,39.732,20.432,39.9,13.0,26.9,20.032,13.232,1.564,10.6,27.968,37.95,19.868000000000002,37.868,52.10799999999999,20.432,24.032,85.172,1.5,6.768000000000001,0.518,2.032,22.068,0.094,13.232,2.732,108.5,88.8,35.7,38.4,14.7,37.4,9.4,28.0,23.7,13.2,1.7920000000000003,11.9,31.2,38.074,19.2,34.9,55.672000000000004,14.7,18.8,79.294,1.6,7.2,0.54,2.8,20.6,0.138,13.2,1.5,107.6
92,85,2020-12-23,7,1,2020-2021,Fortaleza B. C. / CFO,São Paulo,1,80.9,23.3,41.732,15.868,35.232,7.5680000000000005,27.668,14.3,12.968,1.1019999999999999,7.768000000000001,23.532,32.686,20.868000000000002,40.032,51.90599999999999,15.868,21.2,75.38399999999999,1.3,10.1,0.77,3.432,20.232,0.16799999999999998,12.968,2.068,90.732,91.86800000000001,34.6,41.332,15.931999999999999,35.5,8.068000000000001,27.432,18.5,10.268,1.8800000000000001,11.532,28.268,41.318000000000005,20.668,35.032,58.58399999999999,15.931999999999999,18.032,88.298,3.2,7.132,0.7280000000000001,2.068,16.968,0.124,10.268,2.468,111.6
87,56,2020-12-28,7,1,2020-2021,Flamengo,Mogi,1,89.63199999999999,40.5,36.532,12.6,40.6,11.0,29.6,21.7,10.668000000000001,2.068,13.5,37.0,36.53,18.268,30.332,60.138,12.6,16.668,76.07,0.932,6.0,0.564,1.232,16.068,0.076,10.668000000000001,2.568,108.86800000000001,81.2,32.1,33.2,15.9,36.8,8.5,28.3,21.1,13.0,1.89,10.7,27.4,39.174,16.6,34.5,47.839999999999996,15.9,20.7,77.78999999999999,1.4,6.4,0.554,2.0,20.5,0.1,13.0,2.5,95.1
87,85,2020-12-28,8,1,2020-2021,Paulistano,Sesi Franca,1,77.0,30.0,36.802,10.197999999999999,42.2,14.802000000000001,27.398000000000003,17.2,13.597999999999999,1.3419999999999999,10.002,30.4,32.762,18.398,40.6,45.160000000000004,10.197999999999999,14.797999999999998,70.288,2.0,6.198,0.4800000000000001,1.402,19.598,0.072,13.597999999999999,2.0,83.20200000000001,88.3,37.2,37.0,14.1,33.3,7.9,25.4,21.8,12.7,1.718,12.4,31.4,39.332,18.5,32.2,58.50600000000001,14.1,18.2,78.57199999999999,1.5,6.3,0.49400000000000005,2.5,20.0,0.126,12.7,1.5,102.7
79,68,2020-12-28,8,1,2020-2021,Bauru Basket,São Paulo,1,80.602,31.8,36.798,11.998,32.798,7.802000000000001,25.002000000000002,17.2,11.002,1.5819999999999999,10.602,28.198,37.724000000000004,18.402,32.8,56.157999999999994,11.998,16.598,72.54599999999999,1.6019999999999999,9.0,0.818,0.8,18.798,0.04,11.002,2.4,92.79799999999999,88.534,34.4,37.866,16.266,35.6,8.534,27.065999999999995,17.4,10.934000000000001,1.6420000000000001,11.466,28.134000000000004,41.260000000000005,18.934,33.465999999999994,56.205999999999996,16.266,18.466,88.04400000000001,2.4,6.6659999999999995,0.628,2.334,17.134,0.13799999999999998,10.934000000000001,2.334,106.2
74,68,2020-12-29,8,1,2020-2021,Mogi,Pinheiros,1,75.6,28.8,31.2,15.6,38.8,10.6,28.2,19.2,12.2,1.8259999999999998,9.6,26.8,35.846,15.6,36.6,42.76,15.6,21.4,73.238,1.4,6.0,0.55,2.2,19.8,0.11600000000000002,12.2,2.6,85.6,76.93199999999999,28.2,34.0,14.732,39.4,11.931999999999999,27.468,17.0,16.268,1.1039999999999999,9.4,26.6,35.408,17.0,37.932,44.784000000000006,14.732,21.131999999999998,69.58,0.2,7.9319999999999995,0.516,2.532,20.0,0.128,16.268,2.4,83.0
83,69,2020-12-29,8,1,2020-2021,Corinthians,Flamengo,1,76.4,29.1,32.2,15.1,34.4,8.9,25.5,15.7,13.2,1.2180000000000002,9.7,29.6,32.769999999999996,16.1,31.9,50.802,15.1,18.9,79.11800000000001,1.9,7.0,0.5399999999999999,2.3,19.0,0.12,13.2,2.1,83.1,88.866,37.8,37.866,13.2,41.4,11.4,30.0,21.8,9.934000000000001,2.2299999999999995,12.6,35.2,35.878,18.934,31.865999999999996,59.69199999999999,13.2,18.134,73.388,1.066,6.0,0.596,1.266,16.534,0.074,9.934000000000001,2.134,108.93400000000001
82,89,2020-12-30,8,1,2020-2021,Sesi Franca,Bauru Basket,0,86.5,34.2,37.8,14.5,30.0,6.6,23.4,19.8,12.1,1.6480000000000001,11.4,28.5,39.628,18.9,32.8,58.686,14.5,18.9,77.594,1.4,5.3,0.44399999999999995,2.4,20.0,0.12,12.1,1.5,96.5,81.002,31.8,37.398,11.798,32.798,7.502,25.302,17.0,11.602,1.496,10.602,29.698,35.657999999999994,18.702,31.9,58.646,11.798,15.598000000000003,75.29799999999999,1.402,8.2,0.718,1.2,18.598,0.062,11.602,2.8,92.498
78,64,2020-12-30,8,1,2020-2021,São Paulo,Paulistano,1,83.6,31.8,35.6,16.2,36.5,9.5,27.0,15.6,12.0,1.3119999999999998,10.6,27.6,38.86800000000001,17.8,33.3,53.470000000000006,16.2,19.1,84.85,1.7,6.5,0.534,2.7,16.7,0.168,12.0,2.4,97.5,78.3,33.3,35.202,9.798,40.8,15.001999999999999,25.798000000000002,16.4,14.098000000000003,1.2280000000000002,11.102,32.8,33.955999999999996,17.598,39.5,44.356,9.798,13.898000000000001,71.702,1.8,5.998,0.44000000000000006,1.402,18.698,0.074,14.098000000000003,2.3,81.102
92,86,2021-01-04,9,1,2020-2021,VipTech CMB,Mogi,1,84.802,32.4,40.802,11.6,39.8,13.597999999999999,26.201999999999998,19.8,12.602,1.718,10.797999999999998,31.2,35.188,20.398,39.802,50.42,11.6,17.6,65.348,1.6,6.798,0.5640000000000001,1.202,19.202,0.06000000000000001,12.602,1.8,94.0,78.0,28.2,34.8,15.0,39.2,10.4,28.8,19.2,13.2,1.77,9.4,26.4,35.513999999999996,17.4,37.8,46.797999999999995,15.0,20.4,73.588,1.4,6.0,0.526,3.2,18.6,0.18200000000000002,13.2,2.8,89.6
75,80,2021-01-04,9,1,2020-2021,Pato Basquete,Corinthians,0,81.6,25.8,40.4,15.4,39.198,11.202,28.002,16.598,15.197999999999999,1.0939999999999999,8.6,24.4,35.778,20.2,40.0,50.089999999999996,15.4,22.2,70.188,0.998,9.798,0.674,3.7980000000000005,20.402,0.2,15.197999999999999,3.4,93.4,78.0,27.6,36.0,14.4,34.4,8.2,26.2,15.6,12.4,1.286,9.2,28.8,31.826,18.0,34.6,52.016,14.4,18.0,79.41999999999999,1.6,8.0,0.6479999999999999,2.0,20.4,0.1,12.4,1.4,85.8
75,85,2021-01-05,9,1,2020-2021,Bauru Basket,Minas,0,82.268,33.2,36.532,12.532,33.932,7.468000000000001,26.468,17.0,12.068000000000001,1.446,11.068000000000001,30.932,35.748,18.268,31.0,58.90999999999999,12.532,16.131999999999998,77.18199999999999,1.268,7.8,0.664,1.4,18.732,0.074,12.068000000000001,2.8,94.13199999999999,89.534,33.6,36.266,19.666,39.0,12.2,26.8,19.466,13.666,1.49,11.2,27.734,40.428000000000004,18.134,35.934000000000005,49.992,19.666,22.666,87.122,1.4,6.534000000000001,0.49000000000000005,2.066,21.334,0.1,13.666,2.666,105.6
78,73,2021-01-05,9,1,2020-2021,Paulistano,Fortaleza B. C. / CFO,1,79.2,35.0,34.668,9.532,41.0,14.668000000000001,26.332,16.6,13.931999999999999,1.252,11.668000000000001,34.8,33.629999999999995,17.332,38.4,44.885999999999996,9.532,13.732,70.48,1.6,6.531999999999999,0.48,1.468,18.532,0.078,13.931999999999999,2.4,82.468,82.8,25.6,42.266,14.934000000000001,34.266,7.3340000000000005,26.934000000000005,14.8,12.534,1.186,8.534,24.466,34.33800000000001,21.134,39.465999999999994,53.33200000000001,14.934000000000001,19.6,76.582,1.6,10.4,0.8220000000000001,2.866,18.666,0.15,12.534,2.134,93.666
97,85,2021-01-06,9,1,2020-2021,Cerrado,BRB/Brasília,1,73.466,25.8,37.2,10.466,37.465999999999994,10.934000000000001,26.534000000000002,15.2,12.4,1.262,8.6,24.134,35.870000000000005,18.6,38.734,47.924,10.466,17.466,59.16600000000001,1.2,4.6659999999999995,0.376,1.8,19.934,0.09,12.4,1.866,77.534,84.6,38.4,34.0,12.2,38.4,10.0,28.4,19.2,16.4,1.2,12.8,35.0,36.638,17.0,34.8,49.467999999999996,12.2,18.2,67.236,0.0,6.6,0.41400000000000003,1.6,18.8,0.08399999999999999,16.4,1.2,88.0
78,63,2021-01-06,9,1,2020-2021,Mogi,Pato Basquete,1,75.7,27.6,33.9,14.2,39.2,10.7,28.5,18.55,14.85,1.2819999999999998,9.2,27.1,33.83,16.95,35.75,48.227999999999994,14.2,18.85,75.398,0.9,6.15,0.41999999999999993,3.15,18.95,0.176,14.85,2.8,86.55,80.934,24.8,40.134,16.0,38.598,11.068000000000001,27.534000000000002,16.266,14.597999999999999,1.114,8.266,24.134,34.636,20.066,40.465999999999994,49.284000000000006,16.0,23.266,69.458,0.866,9.398,0.668,3.2659999999999996,20.934,0.16599999999999998,14.597999999999999,3.066,90.334
96,72,2021-01-06,9,1,2020-2021,Corinthians,VipTech CMB,1,78.066,27.0,37.534000000000006,13.534,34.766,7.866,26.9,15.366,13.0,1.206,9.0,27.465999999999998,32.602,18.766,35.034000000000006,53.61999999999999,13.534,17.1,78.75999999999999,1.334,7.1659999999999995,0.564,2.1,20.734,0.10400000000000001,13.0,1.166,86.166,88.536,31.0,46.001999999999995,11.534,40.065999999999995,13.864,26.201999999999998,20.534,10.668,1.916,10.332,28.8,35.658,22.997999999999998,44.467999999999996,51.80800000000001,11.534,17.266,65.874,1.666,7.132000000000001,0.6639999999999999,1.202,19.602,0.057999999999999996,10.668,1.734,101.134
71,60,2021-01-07,9,1,2020-2021,Fortaleza B. C. / CFO,Bauru Basket,1,81.8,26.4,42.8,12.6,35.3,7.8,27.5,14.8,12.2,1.2120000000000002,8.8,25.9,33.574,21.4,39.4,54.092000000000006,12.6,16.4,76.224,1.6,10.1,0.812,2.7,17.2,0.15599999999999997,12.2,2.5,93.6,81.668,31.6,36.666,13.4,35.266,7.8,27.468,16.734,11.734,1.468,10.534,30.8,33.92399999999999,18.334,32.465999999999994,57.017999999999994,13.4,17.266,77.32000000000001,1.268,7.6,0.6699999999999999,1.6,18.866,0.086,11.734,2.534,92.866
70,63,2021-01-07,9,1,2020-2021,Minas,Paulistano,1,85.3,33.9,33.8,17.6,38.4,10.7,27.7,18.7,13.6,1.442,11.3,27.0,41.852000000000004,16.9,33.8,49.844,17.6,20.6,85.34200000000001,1.3,6.1,0.462,1.8,20.6,0.09,13.6,2.3,101.1,78.934,34.8,34.534000000000006,9.6,42.065999999999995,14.268,27.8,17.0,13.331999999999999,1.3319999999999999,11.6,36.065999999999995,32.162,17.266,36.534000000000006,47.153999999999996,9.6,13.866,70.21600000000001,1.334,6.6659999999999995,0.508,1.8,17.8,0.10200000000000001,13.331999999999999,2.666,85.134
77,92,2021-01-08,9,1,2020-2021,Pato Basquete,Caxias do Sul Basquete,0,80.268,23.8,39.86800000000001,16.6,37.998000000000005,10.934000000000001,27.065999999999995,15.934000000000001,13.998,1.134,7.9319999999999995,23.868000000000002,33.494,19.932,40.931999999999995,48.477999999999994,16.6,24.332,68.728,0.734,8.998,0.662,2.734,21.466,0.13199999999999998,13.998,2.732,87.268,78.8,22.2,42.4,14.2,33.8,10.0,23.8,14.6,15.0,0.976,7.4,25.0,29.546000000000003,21.2,36.0,58.938,14.2,19.2,73.86200000000001,1.0,6.2,0.41200000000000003,1.0,23.6,0.044000000000000004,15.0,3.6,82.0
66,74,2021-01-08,9,1,2020-2021,VipTech CMB,Cerrado,0,85.73600000000002,28.2,47.068,10.468,39.931999999999995,14.063999999999998,25.868000000000002,19.068,10.4,1.818,9.4,28.0,33.176,23.532,46.0,51.34400000000001,10.468,16.932,61.138,1.732,7.6,0.728,1.068,19.668,0.052000000000000005,10.4,1.668,95.468,75.134,25.8,38.4,10.934000000000001,37.266,11.134,26.134000000000004,16.2,13.0,1.288,8.6,23.134,37.19,19.2,39.534000000000006,48.396,10.934000000000001,18.134,59.196000000000005,1.4,5.534000000000001,0.41400000000000003,1.8,20.134,0.088,13.0,2.2,80.866
86,90,2021-01-08,9,1,2020-2021,BRB/Brasília,Mogi,0,84.4,35.7,35.6,13.1,37.4,10.4,27.0,19.0,16.2,1.2079999999999997,11.9,32.8,36.17999999999999,17.8,35.6,50.519999999999996,13.1,19.3,67.46000000000001,0.1,6.8,0.43800000000000006,1.4,19.8,0.07,16.2,1.5,87.9,76.8,26.1,36.4,14.3,40.5,11.0,29.5,18.1,14.6,1.276,8.7,27.3,31.782,18.2,36.9,50.059999999999995,14.3,19.0,75.266,0.8,6.2,0.43,3.5,19.0,0.192,14.6,2.5,88.5
89,75,2021-01-09,9,1,2020-2021,Bauru Basket,UNIFACISA,1,81.06800000000001,30.0,36.8,14.268,36.6,8.132,28.468,16.468,11.4,1.49,10.0,30.668,32.1,18.4,33.931999999999995,55.126,14.268,18.4,77.458,1.268,7.4,0.6759999999999999,1.8,19.0,0.098,11.4,2.268,91.6,82.8,30.0,40.0,12.8,37.2,9.6,27.6,15.6,13.0,1.204,10.0,28.6,35.048,20.0,37.6,53.025999999999996,12.8,16.2,78.564,1.0,6.8,0.522,1.4,20.8,0.066,13.0,2.2,91.2
68,46,2021-01-09,9,1,2020-2021,Paulistano,Pinheiros,1,78.668,34.6,34.4,9.668000000000001,43.13199999999999,13.868,29.268,17.4,12.732,1.4120000000000001,11.532,37.331999999999994,30.694,17.2,34.668000000000006,49.422000000000004,9.668000000000001,14.0,69.952,1.068,6.8,0.5359999999999999,2.132,17.068,0.126,12.732,2.932,87.8,74.26599999999999,25.8,35.6,12.866,39.4,11.466,27.934000000000005,17.4,16.334,1.126,8.6,27.0,32.215999999999994,17.8,38.866,45.676,12.866,19.066,65.482,0.2,8.065999999999999,0.522,2.466,19.6,0.128,16.334,2.6,79.6
87,92,2021-01-10,9,1,2020-2021,Caxias do Sul Basquete,Mogi,0,80.6,24.6,42.2,13.8,35.4,10.0,25.4,15.6,14.8,1.058,8.2,26.1,30.926,21.1,36.1,58.528,13.8,18.9,72.91600000000001,1.3,6.0,0.404,0.9,23.5,0.04000000000000001,14.8,4.0,85.7,77.9,24.6,38.9,14.4,41.8,11.3,30.5,17.65,14.35,1.27,8.2,27.5,29.733999999999998,19.45,38.05,51.891999999999996,14.4,19.15,75.134,0.7,6.25,0.44000000000000006,3.85,19.05,0.20799999999999996,14.35,2.2,90.45
71,74,2021-01-10,9,1,2020-2021,Cerrado,Corinthians,0,75.86800000000001,23.4,41.2,11.268,36.532,11.468,25.068,16.4,13.6,1.252,7.8,21.468,36.378,20.6,41.068000000000005,50.132000000000005,11.268,18.268,60.29200000000001,1.6,6.268000000000001,0.442,1.6,20.668,0.074,13.6,2.4,81.93199999999999,78.13199999999999,26.4,39.068000000000005,12.668000000000001,35.13199999999999,7.531999999999999,27.6,15.132,13.6,1.1260000000000001,8.8,26.131999999999998,33.378,19.532,35.468,55.224000000000004,12.668000000000001,16.2,78.1,1.068,6.331999999999999,0.48,2.2,21.068,0.10800000000000001,13.6,0.932,86.532
89,77,2021-01-11,10,1,2020-2021,UNIFACISA,Paulistano,1,79.3,26.4,41.4,11.5,35.7,8.7,27.0,16.0,13.5,1.186,8.8,28.2,30.96,20.7,37.5,54.826,11.5,15.0,72.52,0.8,6.7,0.49799999999999994,0.9,20.8,0.041999999999999996,13.5,2.6,85.4,72.00200000000001,31.8,31.2,9.002,41.598,12.802000000000001,28.802,16.6,13.197999999999999,1.268,10.597999999999999,35.798,29.464000000000006,15.6,32.202,48.694,9.002,12.4,72.444,0.8019999999999999,6.8,0.514,1.798,15.802000000000001,0.12000000000000002,13.197999999999999,2.998,80.4
89,92,2021-01-11,10,1,2020-2021,Pinheiros,Bauru Basket,0,67.2,23.4,32.4,11.4,38.0,10.2,27.8,16.0,16.6,1.02,7.8,26.2,30.191999999999997,16.2,37.8,42.194,11.4,17.0,65.384,0.2,7.2,0.4600000000000001,2.2,18.2,0.12000000000000002,16.6,2.2,68.4,78.40200000000002,27.0,36.0,15.402000000000001,37.6,8.597999999999999,29.002,16.202,11.6,1.4260000000000002,9.0,29.401999999999997,30.077999999999996,18.0,35.598,51.422000000000004,15.402000000000001,19.8,78.09200000000001,1.402,7.6,0.68,2.0,19.0,0.11000000000000001,11.6,2.202,87.8
77,83,2021-01-12,10,1,2020-2021,Corinthians,Caxias do Sul Basquete,0,81.398,27.6,40.802,13.002,36.598,7.597999999999999,29.0,15.197999999999999,13.6,1.1320000000000001,9.2,26.398000000000003,34.614000000000004,20.398,35.001999999999995,58.416,13.002,16.6,78.21,0.602,5.197999999999999,0.39999999999999997,2.2,21.202,0.10799999999999998,13.6,1.198,91.59799999999998,82.4,27.0,42.0,13.4,37.0,10.0,27.0,16.6,14.6,1.1400000000000001,9.0,27.2,32.306,21.0,36.2,58.11800000000001,13.4,18.6,71.97,1.6,5.8,0.39599999999999996,0.8,23.4,0.036000000000000004,14.6,4.4,89.4
86,81,2021-01-25,1,2,2020-2021,São Paulo,Caxias do Sul Basquete,1,79.9,28.8,35.6,15.5,38.2,10.0,28.2,15.5,12.6,1.248,9.6,28.2,34.268,17.8,34.0,52.42800000000001,15.5,19.1,81.26,1.5,7.2,0.566,3.0,15.7,0.198,12.6,2.5,92.8,83.3,28.2,41.0,14.1,37.0,10.5,26.5,16.7,14.1,1.182,9.4,25.9,36.286,20.5,36.9,55.598,14.1,19.9,70.94399999999999,1.6,5.9,0.418,0.7,23.6,0.030000000000000006,14.1,4.4,90.8
60,72,2021-01-25,1,2,2020-2021,Bauru Basket,Pinheiros,0,80.00200000000001,27.6,37.4,15.002,37.8,9.297999999999998,28.502,17.602,11.6,1.5260000000000002,9.2,28.502,31.879999999999995,18.7,36.498000000000005,51.96600000000001,15.002,20.4,73.806,1.402,7.6,0.68,1.8,19.0,0.098,11.6,1.802,90.7,72.6,27.0,34.8,10.8,35.8,9.8,26.0,17.4,14.0,1.284,9.0,27.0,33.318,17.4,38.4,44.586,10.8,16.0,64.90799999999999,0.4,7.8,0.58,2.0,18.2,0.11000000000000001,14.0,1.8,77.4
84,81,2021-01-25,1,2,2020-2021,Sesi Franca,Corinthians,1,86.3,32.1,40.2,14.0,30.2,5.6,24.6,19.5,12.4,1.58,10.7,26.6,39.696000000000005,20.1,34.6,59.322,14.0,17.9,78.798,1.2,5.0,0.40599999999999997,2.5,19.9,0.124,12.4,1.5,96.8,81.99799999999999,26.4,40.802,14.802000000000001,37.998000000000005,8.798,29.2,16.198,13.2,1.2440000000000002,8.8,25.798000000000002,34.014,20.398,36.001999999999995,56.68000000000001,14.802000000000001,18.8,79.118,0.8019999999999999,4.998,0.40199999999999997,2.0,22.402,0.092,13.2,1.3980000000000001,93.398
98,76,2021-01-26,1,2,2020-2021,Pato Basquete,BRB/Brasília,1,79.602,22.8,39.602,17.2,37.398,10.8,26.598000000000003,15.602,13.398,1.154,7.597999999999999,23.602,32.352000000000004,19.798,41.398,47.672000000000004,17.2,25.398,67.99799999999999,0.602,8.597999999999999,0.656,2.202,21.997999999999998,0.098,13.398,2.398,84.20200000000001,84.2,33.0,37.2,14.0,36.4,10.8,25.6,18.8,16.0,1.216,11.0,30.6,35.721999999999994,18.6,36.4,51.572,14.0,20.4,67.684,0.2,7.0,0.462,1.2,20.8,0.05600000000000001,16.0,1.8,87.8
59,72,2021-01-26,1,2,2020-2021,VipTech CMB,UNIFACISA,0,82.936,25.4,48.134,9.402000000000001,39.798,14.264,25.534,17.602,10.132,1.72,8.468,27.2,30.694000000000006,24.066,47.532,50.88,9.402000000000001,16.598,56.402,1.798,8.068000000000001,0.7919999999999999,0.9339999999999999,19.734,0.046,10.132,1.6019999999999999,89.802,78.6,26.4,41.2,11.0,33.4,7.6,25.8,17.8,13.2,1.406,8.8,26.8,34.072,20.6,38.2,53.76800000000001,11.0,14.2,73.46,0.6,8.2,0.6619999999999999,1.0,19.8,0.05600000000000001,13.2,2.6,87.0
80,93,2021-01-26,1,2,2020-2021,Cerrado,Minas,0,77.00200000000001,22.2,42.0,12.802000000000001,37.798,11.702000000000002,26.101999999999997,17.0,14.8,1.178,7.4,21.302,34.78,21.0,41.202,50.936,12.802000000000001,19.702,63.794000000000004,1.8,7.502000000000001,0.492,1.8,21.302,0.082,14.8,2.4,85.29799999999999,83.2,34.2,32.4,16.6,38.9,9.3,29.6,18.3,14.3,1.32,11.4,26.5,42.980000000000004,16.2,32.1,50.45399999999999,16.6,19.5,84.63600000000001,0.9,6.0,0.42600000000000005,1.7,20.3,0.086,14.3,2.2,99.9
77,74,2021-01-26,1,2,2020-2021,Flamengo,Fortaleza B. C. / CFO,1,85.2,30.6,39.6,15.0,42.6,12.0,30.6,20.8,10.8,2.08,10.2,33.6,29.984,19.8,33.2,60.136,15.0,21.2,70.98599999999999,1.4,7.2,0.6539999999999999,1.0,17.4,0.05600000000000001,10.8,1.6,103.0,79.8,28.2,40.4,11.2,37.4,8.7,28.7,13.4,11.5,1.1640000000000001,9.4,27.2,34.458,20.2,38.7,52.072,11.2,14.8,74.668,1.6,8.4,0.718,2.7,16.5,0.16399999999999998,11.5,2.7,90.3
63,71,2021-01-27,1,2,2020-2021,Caxias do Sul Basquete,Bauru Basket,0,81.466,30.0,38.134,13.334,37.0,10.334,26.665999999999997,17.134,13.734,1.238,10.0,25.466,39.53,19.066,37.334,51.0,13.334,19.0,70.29400000000001,1.334,5.734,0.41600000000000004,0.666,22.466,0.032,13.734,4.0,88.866,76.202,24.8,37.2,14.201999999999998,37.266,9.532,27.736,16.802,11.0,1.52,8.266,27.401999999999997,29.954,18.6,37.33200000000001,50.184,14.201999999999998,20.266,69.832,1.3359999999999999,7.465999999999999,0.6960000000000001,2.066,19.066,0.11000000000000001,11.0,1.3359999999999999,84.866
101,99,2021-01-27,1,2,2020-2021,Pinheiros,Sesi Franca,1,73.26599999999999,27.4,36.4,9.466,36.334,9.866,26.465999999999998,18.466,14.3,1.33,9.134,27.634000000000004,32.959999999999994,18.2,38.866,46.001999999999995,9.466,14.534,63.544,0.766,8.034,0.5820000000000001,2.134,18.534,0.11400000000000002,14.3,1.734,79.7,87.7,32.1,41.6,14.0,31.4,4.9,26.5,19.9,13.2,1.5079999999999998,10.7,25.4,41.742000000000004,20.8,36.5,58.684000000000005,14.0,17.3,80.848,1.1,5.3,0.396,2.4,19.6,0.12,13.2,1.6,99.8
96,72,2021-01-27,1,2,2020-2021,São Paulo,Mogi,1,79.8,27.6,37.2,15.0,38.6,10.0,28.6,16.6,12.8,1.318,9.2,27.9,33.178,18.6,35.2,52.751999999999995,15.0,19.0,79.102,1.7,8.2,0.642,3.3,15.3,0.21800000000000003,12.8,2.4,94.4,84.0,25.8,42.8,15.4,41.2,9.8,31.4,19.2,15.4,1.2819999999999998,8.6,28.2,30.45,21.4,37.4,57.403999999999996,15.4,19.2,80.18,0.8,6.8,0.446,4.0,19.6,0.20999999999999996,15.4,2.2,100.4
68,71,2021-01-28,1,2,2020-2021,Fortaleza B. C. / CFO,Pato Basquete,0,77.6,27.9,39.4,10.3,38.6,9.9,28.7,12.8,10.9,1.176,9.3,27.6,33.64,19.7,39.2,50.308,10.3,14.2,71.77799999999999,1.5,7.4,0.68,2.5,16.7,0.152,10.9,2.2,86.3,75.13600000000001,23.4,35.602,16.134,36.664,10.666,25.998,14.136000000000001,13.132,1.078,7.797999999999999,22.068,34.904,17.798,40.398,44.332,16.134,22.932,70.44,1.002,7.531999999999999,0.596,1.668,20.663999999999998,0.08000000000000002,13.132,2.532,78.33600000000001
74,57,2021-01-28,1,2,2020-2021,Cerrado,VipTech CMB,1,77.40200000000002,21.8,41.465999999999994,14.136000000000001,39.198,12.268,26.936,17.4,15.866,1.1,7.266,21.536,33.76,20.734,41.267999999999994,50.211999999999996,14.136000000000001,20.936,67.01,1.866,8.602,0.5399999999999999,2.266,21.736,0.10400000000000001,15.866,2.466,87.398,76.40200000000002,22.2,45.8,8.402,39.998000000000005,14.597999999999999,25.4,15.202000000000002,10.597999999999999,1.4620000000000002,7.402000000000001,27.1,27.088,22.9,46.698,48.932,8.402,15.797999999999998,53.666,1.798,8.102,0.7759999999999999,0.8,19.5,0.04,10.597999999999999,1.6019999999999999,79.00200000000001
75,99,2021-01-28,1,2,2020-2021,BRB/Brasília,Minas,0,80.934,30.6,35.666,14.666,34.666,10.234,24.434,17.934,14.6,1.268,10.2,29.5,34.398,17.834,35.834,50.08,14.666,20.966,69.10799999999999,0.33399999999999996,6.566,0.466,1.066,19.434,0.055999999999999994,14.6,1.734,82.966,84.26599999999999,34.6,33.065999999999995,16.6,39.866,9.0,30.865999999999996,18.934,14.4,1.36,11.534,25.734,44.722,16.534,32.866,50.3,16.6,19.466,84.75600000000001,0.666,5.866,0.40800000000000003,2.0,20.066,0.10200000000000001,14.4,2.2,103.13399999999999
79,81,2021-01-28,1,2,2020-2021,UNIFACISA,Flamengo,0,75.334,23.8,42.0,9.534,31.865999999999996,7.066,24.8,17.6,12.734,1.436,7.934,24.266,34.339999999999996,21.0,39.934000000000005,52.458000000000006,9.534,12.534,72.66,0.666,8.134,0.68,1.0,20.0,0.05600000000000001,12.734,2.334,82.934,84.4,31.7,37.6,15.1,43.2,12.5,30.7,20.634,11.4,1.968,10.565999999999999,33.2,31.304000000000002,18.8,32.866,57.532000000000004,15.1,21.434,70.54599999999999,1.366,6.734,0.586,1.134,17.766,0.06400000000000002,11.4,1.366,101.666
71,64,2021-01-30,1,2,2020-2021,Paulistano,Caxias do Sul Basquete,1,72.302,31.5,31.6,9.202000000000002,40.798,11.602,29.201999999999998,17.0,13.498,1.274,10.498,34.598,30.386000000000003,15.8,31.502,50.32000000000001,9.202000000000002,12.5,73.53,1.002,6.6,0.492,1.998,14.702000000000002,0.14200000000000002,13.498,2.698,82.1,80.13199999999999,28.8,38.26800000000001,13.068000000000001,35.2,9.268,25.932,17.868000000000002,13.868,1.2819999999999998,9.6,23.332,40.78,19.131999999999998,37.86800000000001,50.49,13.068000000000001,18.6,70.398,1.468,5.468000000000001,0.392,0.732,20.932,0.04,13.868,3.2,87.532
74,64,2021-01-30,1,2,2020-2021,Corinthians,Bauru Basket,1,80.898,28.5,36.402,16.002,40.398,10.998000000000001,29.4,15.298000000000002,13.0,1.1900000000000002,9.5,27.198,34.892,18.198,34.402,53.30799999999999,16.002,20.5,78.062,0.7020000000000001,3.6980000000000004,0.29999999999999993,1.8,20.902,0.09000000000000001,13.0,1.698,90.69800000000001,74.268,25.0,36.0,13.268,36.532,9.4,27.136000000000003,16.268,11.2,1.4419999999999997,8.331999999999999,27.668,29.942,18.0,35.8,50.55799999999999,13.268,19.532,67.604,1.136,7.132,0.652,2.332,19.131999999999998,0.12200000000000003,11.2,1.136,81.93199999999999
77,81,2021-01-30,1,2,2020-2021,Pinheiros,Mogi,0,73.93199999999999,27.8,38.0,8.132,36.86800000000001,9.931999999999999,26.932,19.532,14.6,1.376,9.268,28.268,32.602,19.0,39.331999999999994,47.41799999999999,8.132,13.068000000000001,62.17999999999999,1.1320000000000001,8.268,0.5840000000000001,2.268,18.868000000000002,0.118,14.6,1.668,82.0,84.5,27.0,42.8,14.7,40.3,10.6,29.7,19.7,14.8,1.3419999999999999,9.0,28.8,31.264,21.4,38.2,56.016000000000005,14.7,17.8,82.33000000000001,0.8,6.9,0.46399999999999997,3.6,20.5,0.174,14.8,2.0,100.5
115,58,2021-01-31,1,2,2020-2021,Flamengo,BRB/Brasília,1,83.6,32.8,35.6,15.2,43.8,13.0,30.8,20.468,12.0,1.8559999999999999,10.931999999999999,32.8,32.624,17.8,32.532,54.928,15.2,21.668,70.106,1.332,6.268000000000001,0.518,1.268,18.131999999999998,0.072,12.0,1.1320000000000001,100.332,77.668,28.2,34.13199999999999,15.331999999999999,32.931999999999995,9.668000000000001,23.268,17.068,13.2,1.3199999999999998,9.4,28.4,33.074,17.068,35.26800000000001,48.588,15.331999999999999,21.532,70.532,0.46799999999999997,6.132,0.4699999999999999,0.932,18.068,0.05600000000000001,13.2,1.668,78.13199999999999
77,76,2021-01-31,1,2,2020-2021,Cerrado,Pato Basquete,1,79.202,22.6,41.331999999999994,15.27,39.598,12.334,27.270000000000003,17.6,15.732,1.122,7.531999999999999,21.470000000000002,35.025999999999996,20.668,41.534000000000006,49.74399999999999,15.27,22.270000000000003,68.548,1.732,9.402,0.5959999999999999,2.532,21.270000000000003,0.11800000000000002,15.732,3.132,90.798,75.67,22.2,37.202,16.268,38.529999999999994,11.931999999999999,26.598000000000003,14.669999999999998,13.866,1.06,7.398000000000001,21.734,33.818,18.598,42.398,43.922000000000004,16.268,22.666,71.91,1.6019999999999999,6.466000000000001,0.46799999999999997,1.134,20.729999999999997,0.05600000000000001,13.866,2.466,78.07000000000001
76,88,2021-01-31,1,2,2020-2021,UNIFACISA,Minas,0,76.768,24.2,43.0,9.568000000000001,32.132,7.231999999999999,24.9,17.4,12.268,1.466,8.068000000000001,22.732,36.879999999999995,21.5,41.26800000000001,52.05800000000001,9.568000000000001,12.868,71.194,0.632,8.168000000000001,0.7040000000000001,1.1,20.3,0.062,12.268,2.568,85.56800000000001,85.63199999999999,33.2,36.13199999999999,16.3,40.63199999999999,9.4,31.232,19.768,13.3,1.548,11.068000000000001,24.968,44.282,18.068,35.13199999999999,51.504,16.3,19.832,81.852,0.8320000000000001,5.632,0.426,2.1,20.131999999999998,0.10600000000000001,13.3,2.0,105.968
98,100,2021-02-02,2,2,2020-2021,Corinthians,Paulistano,0,79.732,29.4,34.268,16.068,41.532,12.132,29.4,14.931999999999999,12.4,1.216,9.8,27.732,35.298,17.131999999999998,35.468,48.92,16.068,20.6,78.006,0.6679999999999999,4.132,0.348,1.8,20.868000000000002,0.09,12.4,1.732,88.93199999999999,71.402,29.4,33.6,8.402,41.398,11.802,29.601999999999997,17.4,12.598,1.414,9.798,32.398,30.474,16.8,32.402,51.879999999999995,8.402,11.6,71.044,1.6019999999999999,6.0,0.48200000000000004,2.798,14.201999999999998,0.196,12.598,2.998,85.0
75,77,2021-02-06,2,2,2020-2021,Mogi,Corinthians,0,82.5,27.0,42.1,13.4,39.6,10.7,28.9,19.65,15.35,1.294,9.0,29.1,30.948,21.05,37.65,55.902,13.4,16.35,81.54,1.1,7.05,0.458,3.45,20.25,0.168,15.35,2.0,97.25,80.566,30.9,34.734,14.934000000000001,41.465999999999994,12.966,28.5,15.366,13.0,1.2020000000000002,10.3,28.665999999999997,35.882,17.366,37.734,46.396,14.934000000000001,19.2,77.724,0.634,5.066,0.39599999999999996,1.9,20.634,0.096,13.0,1.866,88.366
76,97,2021-02-06,2,2,2020-2021,Sesi Franca,São Paulo,0,88.0,29.7,42.8,15.5,33.2,5.4,27.8,20.5,13.6,1.508,9.9,23.0,42.757999999999996,21.4,39.9,54.75599999999999,15.5,19.0,81.43800000000002,1.2,5.8,0.42000000000000004,2.4,20.0,0.118,13.6,1.7,101.2,81.8,27.0,40.0,14.8,38.1,10.0,28.1,17.1,12.8,1.3599999999999999,9.0,26.6,34.354,20.0,37.1,53.760000000000005,14.8,19.1,77.594,2.2,8.8,0.692,3.4,15.3,0.22399999999999998,12.8,2.4,97.4
69,64,2021-02-06,2,2,2020-2021,Paulistano,Bauru Basket,1,74.36800000000001,29.5,34.8,10.068000000000001,41.932,12.368,29.568,17.0,13.232,1.3319999999999999,9.831999999999999,31.131999999999998,31.824,17.4,34.568,50.602,10.068000000000001,13.8,71.172,1.8679999999999999,6.5,0.49399999999999994,2.532,14.968,0.17400000000000002,13.232,3.132,86.9,72.334,25.2,34.8,12.334,35.798,9.268,26.536,15.734,11.4,1.3639999999999999,8.398,27.934000000000005,29.93,17.4,34.26800000000001,50.931999999999995,12.334,18.798,65.376,0.9359999999999999,6.797999999999999,0.608,2.598,19.198,0.134,11.4,0.9359999999999999,78.99799999999999
86,103,2021-02-07,2,2,2020-2021,BRB/Brasília,UNIFACISA,0,76.00200000000001,26.4,33.198,16.398,32.998000000000005,10.202000000000002,22.802,17.002000000000002,12.2,1.3940000000000001,8.8,28.2,31.332,16.602,36.402,45.104,16.398,22.598,72.5,0.602,5.797999999999999,0.472,0.998,17.602,0.062,12.2,1.6019999999999999,75.198,78.20200000000001,24.6,44.0,9.602,32.398,7.397999999999999,25.0,17.2,11.802000000000001,1.496,8.202000000000002,21.198,39.42,22.0,42.60200000000001,51.658,9.602,13.202000000000002,69.728,0.5980000000000001,8.202000000000002,0.7280000000000001,1.2,20.6,0.06799999999999999,11.802000000000001,2.802,88.20200000000001
86,77,2021-02-07,2,2,2020-2021,Fortaleza B. C. / CFO,Cerrado,1,74.5,24.3,40.8,9.4,39.7,10.9,28.8,13.1,11.1,1.178,8.1,27.2,29.522000000000002,20.4,40.9,49.898,9.4,13.6,68.888,1.1,7.5,0.674,2.7,17.7,0.156,11.1,1.8,82.6,78.468,23.4,39.998000000000005,15.069999999999999,39.732,12.666,27.070000000000004,17.4,15.597999999999999,1.118,7.797999999999999,21.87,35.604,20.002000000000002,41.465999999999994,48.215999999999994,15.069999999999999,22.07,68.262,1.598,9.268,0.594,2.798,21.07,0.132,15.597999999999999,3.198,89.532
86,75,2021-02-08,3,2,2020-2021,Mogi,Caxias do Sul Basquete,1,80.2,25.8,41.8,12.6,39.0,10.4,28.6,20.3,16.3,1.258,8.6,28.0,30.718,20.9,37.1,56.342,12.6,16.1,78.25000000000001,1.8,8.1,0.48999999999999994,2.7,19.7,0.132,16.3,2.0,94.9,76.09799999999998,26.1,37.402,12.602,34.6,9.302000000000001,25.298,17.102,13.702000000000002,1.2439999999999998,8.7,21.898,39.507999999999996,18.698,37.902,49.294000000000004,12.602,17.9,70.566,1.202,5.202000000000001,0.378,0.998,19.798,0.05600000000000001,13.702000000000002,2.8,82.59799999999998
67,98,2021-02-08,3,2,2020-2021,Pinheiros,Corinthians,0,76.99799999999999,29.4,38.4,9.197999999999999,36.802,9.998,26.798000000000002,20.198,14.6,1.4200000000000002,9.802000000000001,27.802,34.924,19.2,39.198,48.06399999999999,9.197999999999999,14.002,66.27,1.598,8.602,0.6060000000000001,2.402,19.402,0.12,14.6,1.202,87.6,81.4,32.4,35.2,13.8,41.4,13.8,27.6,15.8,13.6,1.1880000000000002,10.8,29.6,36.465999999999994,17.6,40.0,43.872,13.8,17.8,77.44200000000001,0.6,6.0,0.44399999999999995,2.0,20.4,0.10200000000000001,13.6,2.0,87.8
90,82,2021-02-08,3,2,2020-2021,Sesi Franca,Paulistano,1,85.2,24.0,45.2,16.0,33.0,6.0,27.0,19.4,14.0,1.394,8.0,20.6,38.773999999999994,22.6,43.2,52.33399999999999,16.0,19.4,82.618,1.4,6.6,0.46399999999999997,2.6,20.4,0.126,14.0,1.8,96.2,77.334,29.6,36.0,11.734,42.465999999999994,12.934000000000001,29.534000000000002,16.6,13.866,1.2499999999999998,9.866,29.865999999999996,33.174,18.0,36.734,49.324,11.734,16.0,71.3,2.134,7.0,0.506,2.266,15.734,0.15200000000000002,13.866,3.2659999999999996,88.8
92,84,2021-02-08,3,2,2020-2021,São Paulo,Bauru Basket,1,85.0,30.0,41.2,13.8,37.8,10.0,27.8,18.0,13.8,1.326,10.0,27.6,36.162,20.6,37.2,55.525999999999996,13.8,17.8,78.63000000000001,2.4,9.0,0.6699999999999999,3.0,15.2,0.2,13.8,2.4,100.8,70.2,24.0,35.2,11.0,35.798,9.802000000000001,26.002,15.4,11.6,1.3039999999999998,7.997999999999999,26.8,29.441999999999997,17.6,35.402,50.205999999999996,11.0,17.398,63.314,0.602,6.998,0.612,2.398,18.798,0.12400000000000003,11.6,1.002,76.198
86,82,2021-02-09,3,2,2020-2021,Pato Basquete,VipTech CMB,1,77.67,23.8,37.468,16.402,40.129999999999995,12.398,27.732,14.669999999999998,14.134,1.04,7.9319999999999995,22.266,35.402,18.732,41.932,44.728,16.402,22.334,73.58000000000001,2.068,6.534000000000001,0.462,0.866,20.93,0.044,14.134,2.534,82.27000000000001,69.202,19.2,41.2,8.802,39.998000000000005,14.598000000000003,25.4,12.801999999999998,10.798,1.25,6.401999999999999,26.4,24.422,20.6,45.598,44.711999999999996,8.802,16.398,54.0,1.198,6.802,0.6599999999999999,1.0,19.4,0.05,10.798,1.802,66.402
67,81,2021-02-09,3,2,2020-2021,UNIFACISA,Cerrado,0,83.802,28.2,44.0,11.602,31.598000000000003,7.998,23.6,18.6,10.802000000000001,1.7880000000000003,9.402000000000001,22.198,42.620000000000005,22.0,42.602,51.658,11.602,15.802000000000001,74.15599999999999,0.998,9.602,0.922,1.6,21.4,0.08399999999999999,10.802000000000001,2.202,96.802,77.73400000000001,25.2,38.398,14.136000000000001,41.065999999999995,13.532,27.536,16.2,16.198,1.0180000000000002,8.398,24.336000000000002,34.89,19.202,42.332,45.482,14.136000000000001,21.336000000000002,66.01599999999999,1.198,9.934000000000001,0.61,3.198,20.936,0.152,16.198,2.998,85.666
94,96,2021-02-09,3,2,2020-2021,Minas,Flamengo,0,86.99799999999999,31.8,39.198,16.0,41.398,9.8,31.598000000000003,20.602,12.2,1.7360000000000002,10.602,24.202,43.842,19.602,37.398,52.708000000000006,16.0,20.198,78.94800000000001,0.998,5.397999999999999,0.44399999999999995,2.2,20.198,0.11000000000000001,12.2,1.8,108.80199999999999,85.1,35.7,35.2,14.2,44.0,13.4,30.6,21.502000000000002,13.2,1.72,11.898,34.6,33.452,17.6,31.398000000000003,56.23199999999999,14.2,20.202,70.234,1.3980000000000001,6.802000000000001,0.514,1.302,17.997999999999998,0.076,13.2,1.498,102.998
87,67,2021-02-09,3,2,2020-2021,BRB/Brasília,Fortaleza B. C. / CFO,1,76.102,24.9,33.998000000000005,17.198,33.398,9.602,23.802,16.602,13.7,1.2600000000000002,8.3,26.9,30.982,17.002000000000002,35.402,47.536,17.198,23.598,72.562,0.9019999999999999,5.598000000000001,0.414,1.098,17.202,0.068,13.7,2.302,75.698,74.4,22.8,42.0,9.6,41.6,11.2,30.4,13.0,12.8,1.0559999999999998,7.6,26.6,28.504,21.0,42.2,49.72,9.6,14.8,65.832,0.6,8.8,0.67,3.6,18.6,0.196,12.8,2.0,83.2
74,70,2021-02-10,3,2,2020-2021,Bauru Basket,Sesi Franca,1,67.6,23.4,34.2,10.0,34.698,9.702,25.002000000000002,14.5,11.5,1.25,7.798,26.8,28.752000000000002,17.1,35.602,48.378,10.0,15.998,62.362,0.8019999999999999,7.798,0.6739999999999999,2.498,18.997999999999998,0.13,11.5,1.002,72.098,84.166,24.8,43.0,16.366,32.734,6.2,26.534000000000002,18.334,14.034,1.3059999999999998,8.266,21.166,39.017999999999994,21.5,41.934000000000005,51.222,16.366,19.7,83.228,1.4,6.9,0.48599999999999993,2.334,19.866,0.11599999999999999,14.034,1.766,93.76599999999999
100,74,2021-02-10,3,2,2020-2021,São Paulo,Pinheiros,1,87.934,32.2,41.866,13.866,38.234,9.966,28.266,19.134,13.466,1.444,10.734,28.4,37.827999999999996,20.934,36.565999999999995,57.42999999999999,13.866,17.5,80.19800000000001,2.834,8.434000000000001,0.64,2.9,15.034,0.196,13.466,2.066,106.234,82.064,29.6,42.266,10.197999999999999,38.136,11.331999999999999,26.798000000000002,21.398,13.866,1.554,9.868,28.068,34.879999999999995,21.134,41.932,50.61399999999999,10.197999999999999,15.068000000000001,67.922,1.732,9.202000000000002,0.666,2.602,20.736,0.126,13.866,1.202,95.666
79,78,2021-02-10,3,2,2020-2021,Caxias do Sul Basquete,Corinthians,1,73.532,22.2,37.068,14.268,34.8,9.402000000000001,25.398,16.068,13.468,1.1919999999999997,7.4,21.198,35.536,18.532,37.202,49.87400000000001,14.268,20.334,70.426,1.268,5.336,0.396,1.3980000000000001,19.464,0.074,13.468,2.534,79.13199999999999,83.6,34.8,35.4,13.4,42.1,12.7,29.4,16.6,13.0,1.37,11.6,30.6,37.80800000000001,17.7,40.1,44.034000000000006,13.4,17.7,75.942,0.6,6.8,0.572,2.3,19.6,0.12000000000000002,13.0,1.5,92.7
75,87,2021-02-11,3,2,2020-2021,Fortaleza B. C. / CFO,UNIFACISA,0,74.2,20.7,42.8,10.7,38.6,10.4,28.2,13.2,13.7,1.0099999999999998,6.9,25.8,26.716,21.4,42.4,50.476,10.7,16.0,67.458,0.6,9.7,0.7,3.1,20.3,0.16,13.7,2.0,79.9,81.402,25.8,43.0,12.602,33.498000000000005,9.198,24.3,17.3,12.602,1.492,8.602,22.997999999999998,37.286,21.5,41.102,52.30800000000001,12.602,17.602,71.934,0.898,8.202,0.726,1.6,22.6,0.07400000000000001,12.602,2.402,90.402
73,86,2021-02-11,3,2,2020-2021,BRB/Brasília,Cerrado,0,75.002,25.2,33.398,16.398000000000003,35.298,9.501999999999999,25.802,15.301999999999998,14.1,1.1280000000000001,8.4,27.4,30.744,16.701999999999998,34.202,48.370000000000005,16.398000000000003,22.698,72.04599999999999,1.002,5.298,0.376,1.098,16.302,0.06999999999999999,14.1,2.402,75.098,78.3,27.0,37.398,13.901999999999997,41.4,13.498000000000001,27.901999999999997,15.7,15.098000000000003,1.0879999999999999,8.998000000000001,25.601999999999997,35.524,18.702,42.398,44.208,13.901999999999997,20.102,69.768,0.998,9.3,0.6140000000000001,3.2980000000000005,19.902,0.16399999999999998,15.098000000000003,2.898,86.4
61,85,2021-02-12,3,2,2020-2021,Pato Basquete,Flamengo,0,77.602,24.8,37.6,15.202000000000002,39.92999999999999,12.132,27.8,14.469999999999999,14.602,0.994,8.266,22.198,37.14,18.8,41.6,45.226,15.202000000000002,21.002000000000002,71.86600000000001,2.268,7.0680000000000005,0.48,1.066,21.064,0.054000000000000006,14.602,2.734,83.002,86.666,37.8,34.666,14.2,43.465999999999994,13.266,30.2,21.668,13.666,1.6260000000000001,12.597999999999999,37.266,32.824,17.334,29.932,57.99400000000001,14.2,19.736,71.804,1.464,7.668000000000001,0.576,1.402,17.264,0.08800000000000001,13.666,1.932,104.398
91,70,2021-02-12,3,2,2020-2021,Minas,VipTech CMB,1,89.36399999999999,31.1,42.064,16.2,41.732000000000006,10.1,31.631999999999998,21.368000000000002,12.6,1.752,10.368,23.536,44.05799999999999,21.036,39.864,52.89000000000001,16.2,20.064,80.79599999999999,1.032,5.032000000000001,0.41200000000000003,2.534,20.798,0.124,12.6,1.9,111.56800000000001,68.934,20.6,40.134,8.202000000000002,38.998000000000005,13.732,25.266,13.734,11.266,1.268,6.868,26.934000000000005,25.594,20.066,43.866,45.416,8.202000000000002,15.065999999999999,54.626,1.066,6.868,0.634,1.2,19.6,0.06000000000000001,11.266,2.002,67.73400000000001
